LAUS_CODE	STATE_FIPS	COUNTY_FIPS	COUNTY	YEAR	ESTIMATED	LABOR_FORCE	EMPLOYED	UNEMPLOYED_LEVEL	UNEMPLOYED_RATE
CN0100100000000	01	001	Autauga County, AL	2009	NA	24703	22301	2402	9.7
CN0100300000000	01	003	Baldwin County, AL	2009	NA	82451	74403	8048	9.8
CN0100500000000	01	005	Barbour County, AL	2009	NA	10003	8572	1431	14.3
CN0100700000000	01	007	Bibb County, AL	2009	NA	8742	7581	1161	13.3
CN0100900000000	01	009	Blount County, AL	2009	NA	26480	23832	2648	10
CN0101100000000	01	011	Bullock County, AL	2009	NA	3739	3156	583	15.6
CN0101300000000	01	013	Butler County, AL	2009	NA	9104	7615	1489	16.4
CN0101500000000	01	015	Calhoun County, AL	2009	NA	53925	47929	5996	11.1
CN0101700000000	01	017	Chambers County, AL	2009	NA	14650	11777	2873	19.6
CN0101900000000	01	019	Cherokee County, AL	2009	NA	11758	10384	1374	11.7
CN0102100000000	01	021	Chilton County, AL	2009	NA	19445	17375	2070	10.6
CN0102300000000	01	023	Choctaw County, AL	2009	NA	5134	4442	692	13.5
CN0102500000000	01	025	Clarke County, AL	2009	NA	10381	8664	1717	16.5
CN0102700000000	01	027	Clay County, AL	2009	NA	5643	4703	940	16.7
CN0102900000000	01	029	Cleburne County, AL	2009	NA	6514	5851	663	10.2
CN0103100000000	01	031	Coffee County, AL	2009	NA	21436	19612	1824	8.5
CN0103300000000	01	033	Colbert County, AL	2009	NA	25414	22461	2953	11.6
CN0103500000000	01	035	Conecuh County, AL	2009	NA	4908	3930	978	19.9
CN0103700000000	01	037	Coosa County, AL	2009	NA	4593	3856	737	16
CN0103900000000	01	039	Covington County, AL	2009	NA	16719	14912	1807	10.8
CN0104100000000	01	041	Crenshaw County, AL	2009	NA	6439	5768	671	10.4
CN0104300000000	01	043	Cullman County, AL	2009	NA	38537	34585	3952	10.3
CN0104500000000	01	045	Dale County, AL	2009	NA	20033	18100	1933	9.6
CN0104700000000	01	047	Dallas County, AL	2009	NA	15868	12516	3352	21.1
CN0104900000000	01	049	DeKalb County, AL	2009	NA	29912	25647	4265	14.3
CN0105100000000	01	051	Elmore County, AL	2009	NA	36392	32944	3448	9.5
CN0105300000000	01	053	Escambia County, AL	2009	NA	14762	12770	1992	13.5
CN0105500000000	01	055	Etowah County, AL	2009	NA	44993	39838	5155	11.5
CN0105700000000	01	057	Fayette County, AL	2009	NA	6971	5993	978	14
CN0105900000000	01	059	Franklin County, AL	2009	NA	13240	11463	1777	13.4
CN0106100000000	01	061	Geneva County, AL	2009	NA	11173	9970	1203	10.8
CN0106300000000	01	063	Greene County, AL	2009	NA	3131	2653	478	15.3
CN0106500000000	01	065	Hale County, AL	2009	NA	6869	5890	979	14.3
CN0106700000000	01	067	Henry County, AL	2009	NA	7132	6334	798	11.2
CN0106900000000	01	069	Houston County, AL	2009	NA	45903	41638	4265	9.3
CN0107100000000	01	071	Jackson County, AL	2009	NA	26370	23005	3365	12.8
CN0107300000000	01	073	Jefferson County, AL	2009	NA	307018	274011	33007	10.8
CN0107500000000	01	075	Lamar County, AL	2009	NA	5546	4658	888	16
CN0107700000000	01	077	Lauderdale County, AL	2009	NA	43432	38804	4628	10.7
CN0107900000000	01	079	Lawrence County, AL	2009	NA	15788	13635	2153	13.6
CN0108100000000	01	081	Lee County, AL	2009	NA	64893	58787	6106	9.4
CN0108300000000	01	083	Limestone County, AL	2009	NA	38288	34543	3745	9.8
CN0108500000000	01	085	Lowndes County, AL	2009	NA	4921	3970	951	19.3
CN0108700000000	01	087	Macon County, AL	2009	NA	9345	8203	1142	12.2
CN0108900000000	01	089	Madison County, AL	2009	NA	168887	155310	13577	8
CN0109100000000	01	091	Marengo County, AL	2009	NA	8101	6950	1151	14.2
CN0109300000000	01	093	Marion County, AL	2009	NA	12361	10311	2050	16.6
CN0109500000000	01	095	Marshall County, AL	2009	NA	40743	36604	4139	10.2
CN0109700000000	01	097	Mobile County, AL	2009	NA	186825	165725	21100	11.3
CN0109900000000	01	099	Monroe County, AL	2009	NA	8666	6978	1688	19.5
CN0110100000000	01	101	Montgomery County, AL	2009	NA	105106	94078	11028	10.5
CN0110300000000	01	103	Morgan County, AL	2009	NA	56388	50294	6094	10.8
CN0110500000000	01	105	Perry County, AL	2009	NA	3770	3021	749	19.9
CN0110700000000	01	107	Pickens County, AL	2009	NA	8042	6942	1100	13.7
CN0110900000000	01	109	Pike County, AL	2009	NA	15803	14300	1503	9.5
CN0111100000000	01	111	Randolph County, AL	2009	NA	9415	8014	1401	14.9
CN0111300000000	01	113	Russell County, AL	2009	NA	21566	18903	2663	12.3
CN0111500000000	01	115	St. Clair County, AL	2009	NA	36770	32765	4005	10.9
CN0111700000000	01	117	Shelby County, AL	2009	NA	99773	92015	7758	7.8
CN0111900000000	01	119	Sumter County, AL	2009	NA	4761	4051	710	14.9
CN0112100000000	01	121	Talladega County, AL	2009	NA	37787	32348	5439	14.4
CN0112300000000	01	123	Tallapoosa County, AL	2009	NA	18149	15687	2462	13.6
CN0112500000000	01	125	Tuscaloosa County, AL	2009	NA	89100	80043	9057	10.2
CN0112700000000	01	127	Walker County, AL	2009	NA	28190	24910	3280	11.6
CN0112900000000	01	129	Washington County, AL	2009	NA	6935	5889	1046	15.1
CN0113100000000	01	131	Wilcox County, AL	2009	NA	3648	2698	950	26
CN0113300000000	01	133	Winston County, AL	2009	NA	9519	7832	1687	17.7
CN0201300000000	02	013	Aleutians East Borough, AK	2009	NA	1133	1021	112	9.9
CN0201600000000	02	016	Aleutians West Census Area, AK	2009	NA	3005	2794	211	7
CN0202000000000	02	020	Anchorage Borough/municipality, AK	2009	NA	153834	143806	10028	6.5
CN0205000000000	02	050	Bethel Census Area, AK	2009	NA	7031	6039	992	14.1
CN0206000000000	02	060	Bristol Bay Borough, AK	2009	NA	1045	995	50	4.8
CN0206800000000	02	068	Denali Borough, AK	2009	NA	1412	1295	117	8.3
CN0207000000000	02	070	Dillingham Census Area, AK	2009	NA	2152	1933	219	10.2
CN0209000000000	02	090	Fairbanks North Star Borough, AK	2009	NA	46015	42756	3259	7.1
CN0210000000000	02	100	Haines Borough, AK	2009	NA	1416	1288	128	9
CN0211000000000	02	110	Juneau Borough/city, AK	2009	NA	18393	17309	1084	5.9
CN0212200000000	02	122	Kenai Peninsula Borough, AK	2009	NA	26909	24267	2642	9.8
CN0213000000000	02	130	Ketchikan Gateway Borough, AK	2009	NA	8331	7738	593	7.1
CN0215000000000	02	150	Kodiak Island Borough, AK	2009	NA	6603	6131	472	7.1
CN0215800000000	02	158	Kusilvak Census Area, AK	2009	NA	2696	2135	561	20.8
CN0216400000000	02	164	Lake and Peninsula Borough, AK	2009	NA	1088	1000	88	8.1
CN0217000000000	02	170	Matanuska-Susitna Borough, AK	2009	NA	42490	38714	3776	8.9
CN0218000000000	02	180	Nome Census Area, AK	2009	NA	3968	3505	463	11.7
CN0218500000000	02	185	North Slope Borough, AK	2009	NA	5304	5053	251	4.7
CN0218800000000	02	188	Northwest Arctic Borough, AK	2009	NA	2988	2632	356	11.9
CN0220100000000	02	201	Prince of Wales-Outer Ketchikan Census Area, AK	2009	NA	2385	2022	363	15.2
CN0222000000000	02	220	Sitka Borough/city, AK	2009	NA	4646	4357	289	6.2
CN0223200000000	02	232	Skagway-Hoonah-Angoon Census Area, AK	2009	NA	1796	1532	264	14.7
CN0224000000000	02	240	Southeast Fairbanks Census Area, AK	2009	NA	3612	3264	348	9.6
CN0226100000000	02	261	Valdez-Cordova Census Area, AK	2009	NA	5340	4887	453	8.5
CN0228000000000	02	280	Wrangell-Petersburg Census Area, AK	2009	NA	2871	2572	299	10.4
CN0228200000000	02	282	Yakutat Borough/city, AK	2009	NA	314	278	36	11.5
CN0229000000000	02	290	Yukon-Koyukuk Census Area, AK	2009	NA	2876	2471	405	14.1
CN0400100000000	04	001	Apache County, AZ	2009	NA	22938	19319	3619	15.8
CN0400300000000	04	003	Cochise County, AZ	2009	NA	63049	58022	5027	8
CN0400500000000	04	005	Coconino County, AZ	2009	NA	74805	68429	6376	8.5
CN0400700000000	04	007	Gila County, AZ	2009	NA	23275	20629	2646	11.4
CN0400900000000	04	009	Graham County, AZ	2009	NA	15246	12952	2294	15
CN0401100000000	04	011	Greenlee County, AZ	2009	NA	4396	3564	832	18.9
CN0401200000000	04	012	La Paz County, AZ	2009	NA	7702	6941	761	9.9
CN0401300000000	04	013	Maricopa County, AZ	2009	NA	1966607	1787374	179233	9.1
CN0401500000000	04	015	Mohave County, AZ	2009	NA	91554	81120	10434	11.4
CN0401700000000	04	017	Navajo County, AZ	2009	NA	41199	34893	6306	15.3
CN0401900000000	04	019	Pima County, AZ	2009	NA	485850	441837	44013	9.1
CN0402100000000	04	021	Pinal County, AZ	2009	NA	126779	111192	15587	12.3
CN0402300000000	04	023	Santa Cruz County, AZ	2009	NA	18594	15655	2939	15.8
CN0402500000000	04	025	Yavapai County, AZ	2009	NA	98309	88034	10275	10.5
CN0402700000000	04	027	Yuma County, AZ	2009	NA	87808	67617	20191	23
CN0500100000000	05	001	Arkansas County, AR	2009	NA	12305	10377	1928	15.7
CN0500300000000	05	003	Ashley County, AR	2009	NA	9344	8359	985	10.5
CN0500500000000	05	005	Baxter County, AR	2009	NA	17328	15715	1613	9.3
CN0500700000000	05	007	Benton County, AR	2009	NA	107694	100774	6920	6.4
CN0500900000000	05	009	Boone County, AR	2009	NA	16987	15712	1275	7.5
CN0501100000000	05	011	Bradley County, AR	2009	NA	5486	4951	535	9.8
CN0501300000000	05	013	Calhoun County, AR	2009	NA	2583	2365	218	8.4
CN0501500000000	05	015	Carroll County, AR	2009	NA	14013	13160	853	6.1
CN0501700000000	05	017	Chicot County, AR	2009	NA	4873	4331	542	11.1
CN0501900000000	05	019	Clark County, AR	2009	NA	10782	9910	872	8.1
CN0502100000000	05	021	Clay County, AR	2009	NA	6671	5914	757	11.3
CN0502300000000	05	023	Cleburne County, AR	2009	NA	11794	10911	883	7.5
CN0502500000000	05	025	Cleveland County, AR	2009	NA	4043	3715	328	8.1
CN0502700000000	05	027	Columbia County, AR	2009	NA	10618	9584	1034	9.7
CN0502900000000	05	029	Conway County, AR	2009	NA	10265	9491	774	7.5
CN0503100000000	05	031	Craighead County, AR	2009	NA	46769	43482	3287	7
CN0503300000000	05	033	Crawford County, AR	2009	NA	27945	25758	2187	7.8
CN0503500000000	05	035	Crittenden County, AR	2009	NA	22055	19652	2403	10.9
CN0503700000000	05	037	Cross County, AR	2009	NA	8537	7824	713	8.4
CN0503900000000	05	039	Dallas County, AR	2009	NA	3940	3539	401	10.2
CN0504100000000	05	041	Desha County, AR	2009	NA	5593	4960	633	11.3
CN0504300000000	05	043	Drew County, AR	2009	NA	8224	7318	906	11
CN0504500000000	05	045	Faulkner County, AR	2009	NA	56404	52485	3919	6.9
CN0504700000000	05	047	Franklin County, AR	2009	NA	8183	7589	594	7.3
CN0504900000000	05	049	Fulton County, AR	2009	NA	5253	4861	392	7.5
CN0505100000000	05	051	Garland County, AR	2009	NA	42565	39321	3244	7.6
CN0505300000000	05	053	Grant County, AR	2009	NA	8520	7913	607	7.1
CN0505500000000	05	055	Greene County, AR	2009	NA	18767	16880	1887	10.1
CN0505700000000	05	057	Hempstead County, AR	2009	NA	10703	9819	884	8.3
CN0505900000000	05	059	Hot Spring County, AR	2009	NA	15337	14017	1320	8.6
CN0506100000000	05	061	Howard County, AR	2009	NA	6227	5727	500	8
CN0506300000000	05	063	Independence County, AR	2009	NA	16876	15394	1482	8.8
CN0506500000000	05	065	Izard County, AR	2009	NA	5349	4859	490	9.2
CN0506700000000	05	067	Jackson County, AR	2009	NA	7643	6807	836	10.9
CN0506900000000	05	069	Jefferson County, AR	2009	NA	35629	32128	3501	9.8
CN0507100000000	05	071	Johnson County, AR	2009	NA	11562	10731	831	7.2
CN0507300000000	05	073	Lafayette County, AR	2009	NA	2991	2706	285	9.5
CN0507500000000	05	075	Lawrence County, AR	2009	NA	7321	6648	673	9.2
CN0507700000000	05	077	Lee County, AR	2009	NA	3534	3209	325	9.2
CN0507900000000	05	079	Lincoln County, AR	2009	NA	4989	4495	494	9.9
CN0508100000000	05	081	Little River County, AR	2009	NA	6774	6366	408	6
CN0508300000000	05	083	Logan County, AR	2009	NA	10120	9186	934	9.2
CN0508500000000	05	085	Lonoke County, AR	2009	NA	32345	30321	2024	6.3
CN0508700000000	05	087	Madison County, AR	2009	NA	7396	6896	500	6.8
CN0508900000000	05	089	Marion County, AR	2009	NA	6711	5917	794	11.8
CN0509100000000	05	091	Miller County, AR	2009	NA	19952	18825	1127	5.6
CN0509300000000	05	093	Mississippi County, AR	2009	NA	21532	18532	3000	13.9
CN0509500000000	05	095	Monroe County, AR	2009	NA	3717	3415	302	8.1
CN0509700000000	05	097	Montgomery County, AR	2009	NA	4168	3874	294	7.1
CN0509900000000	05	099	Nevada County, AR	2009	NA	4250	3855	395	9.3
CN0510100000000	05	101	Newton County, AR	2009	NA	3459	3184	275	8
CN0510300000000	05	103	Ouachita County, AR	2009	NA	12136	11162	974	8
CN0510500000000	05	105	Perry County, AR	2009	NA	4724	4353	371	7.9
CN0510700000000	05	107	Phillips County, AR	2009	NA	8841	8001	840	9.5
CN0510900000000	05	109	Pike County, AR	2009	NA	5051	4664	387	7.7
CN0511100000000	05	111	Poinsett County, AR	2009	NA	10542	9607	935	8.9
CN0511300000000	05	113	Polk County, AR	2009	NA	8797	8125	672	7.6
CN0511500000000	05	115	Pope County, AR	2009	NA	29573	27343	2230	7.5
CN0511700000000	05	117	Prairie County, AR	2009	NA	4294	3956	338	7.9
CN0511900000000	05	119	Pulaski County, AR	2009	NA	189945	177280	12665	6.7
CN0512100000000	05	121	Randolph County, AR	2009	NA	7664	6956	708	9.2
CN0512300000000	05	123	St. Francis County, AR	2009	NA	10389	9308	1081	10.4
CN0512500000000	05	125	Saline County, AR	2009	NA	49591	46320	3271	6.6
CN0512700000000	05	127	Scott County, AR	2009	NA	4913	4577	336	6.8
CN0512900000000	05	129	Searcy County, AR	2009	NA	3569	3294	275	7.7
CN0513100000000	05	131	Sebastian County, AR	2009	NA	60582	55949	4633	7.6
CN0513300000000	05	133	Sevier County, AR	2009	NA	7570	7126	444	5.9
CN0513500000000	05	135	Sharp County, AR	2009	NA	6248	5673	575	9.2
CN0513700000000	05	137	Stone County, AR	2009	NA	4597	4191	406	8.8
CN0513900000000	05	139	Union County, AR	2009	NA	19175	17192	1983	10.3
CN0514100000000	05	141	Van Buren County, AR	2009	NA	7029	6294	735	10.5
CN0514300000000	05	143	Washington County, AR	2009	NA	99482	93231	6251	6.3
CN0514500000000	05	145	White County, AR	2009	NA	34059	31269	2790	8.2
CN0514700000000	05	147	Woodruff County, AR	2009	NA	3368	2997	371	11
CN0514900000000	05	149	Yell County, AR	2009	NA	10643	9769	874	8.2
CN0600100000000	06	001	Alameda County, CA	2009	NA	760888	682852	78036	10.3
CN0600300000000	06	003	Alpine County, CA	2009	NA	446	383	63	14.1
CN0600500000000	06	005	Amador County, CA	2009	NA	17817	15781	2036	11.4
CN0600700000000	06	007	Butte County, CA	2009	NA	103739	91000	12739	12.3
CN0600900000000	06	009	Calaveras County, CA	2009	NA	20327	17563	2764	13.6
CN0601100000000	06	011	Colusa County, CA	2009	NA	11516	9490	2026	17.6
CN0601300000000	06	013	Contra Costa County, CA	2009	NA	524795	472577	52218	10
CN0601500000000	06	015	Del Norte County, CA	2009	NA	11679	10303	1376	11.8
CN0601700000000	06	017	El Dorado County, CA	2009	NA	91670	81716	9954	10.9
CN0601900000000	06	019	Fresno County, CA	2009	NA	434044	370321	63723	14.7
CN0602100000000	06	021	Glenn County, CA	2009	NA	12579	10800	1779	14.1
CN0602300000000	06	023	Humboldt County, CA	2009	NA	60835	54333	6502	10.7
CN0602500000000	06	025	Imperial County, CA	2009	NA	75569	54889	20680	27.4
CN0602700000000	06	027	Inyo County, CA	2009	NA	9388	8547	841	9
CN0602900000000	06	029	Kern County, CA	2009	NA	362714	311707	51007	14.1
CN0603100000000	06	031	Kings County, CA	2009	NA	60489	51876	8613	14.2
CN0603300000000	06	033	Lake County, CA	2009	NA	25372	21565	3807	15
CN0603500000000	06	035	Lassen County, CA	2009	NA	13564	11893	1671	12.3
CN0603700000000	06	037	Los Angeles County, CA	2009	NA	4914702	4345182	569520	11.6
CN0603900000000	06	039	Madera County, CA	2009	NA	66473	57597	8876	13.4
CN0604100000000	06	041	Marin County, CA	2009	NA	131981	122061	9920	7.5
CN0604300000000	06	043	Mariposa County, CA	2009	NA	9397	8431	966	10.3
CN0604500000000	06	045	Mendocino County, CA	2009	NA	43306	38955	4351	10
CN0604700000000	06	047	Merced County, CA	2009	NA	105373	87863	17510	16.6
CN0604900000000	06	049	Modoc County, CA	2009	NA	4044	3555	489	12.1
CN0605100000000	06	051	Mono County, CA	2009	NA	8736	7969	767	8.8
CN0605300000000	06	053	Monterey County, CA	2009	NA	215363	190585	24778	11.5
CN0605500000000	06	055	Napa County, CA	2009	NA	75560	69240	6320	8.4
CN0605700000000	06	057	Nevada County, CA	2009	NA	50379	45205	5174	10.3
CN0605900000000	06	059	Orange County, CA	2009	NA	1589259	1451687	137572	8.7
CN0606100000000	06	061	Placer County, CA	2009	NA	179718	161416	18302	10.2
CN0606300000000	06	063	Plumas County, CA	2009	NA	10016	8475	1541	15.4
CN0606500000000	06	065	Riverside County, CA	2009	NA	915787	795813	119974	13.1
CN0606700000000	06	067	Sacramento County, CA	2009	NA	681094	606070	75024	11
CN0606900000000	06	069	San Benito County, CA	2009	NA	24864	21392	3472	14
CN0607100000000	06	071	San Bernardino County, CA	2009	NA	857696	749142	108554	12.7
CN0607300000000	06	073	San Diego County, CA	2009	NA	1554333	1408347	145986	9.4
CN0607500000000	06	075	San Francisco County/city, CA	2009	NA	459432	419546	39886	8.7
CN0607700000000	06	077	San Joaquin County, CA	2009	NA	297806	253310	44496	14.9
CN0607900000000	06	079	San Luis Obispo County, CA	2009	NA	136378	124372	12006	8.8
CN0608100000000	06	081	San Mateo County, CA	2009	NA	374199	343493	30706	8.2
CN0608300000000	06	083	Santa Barbara County, CA	2009	NA	219990	201872	18118	8.2
CN0608500000000	06	085	Santa Clara County, CA	2009	NA	874982	782384	92598	10.6
CN0608700000000	06	087	Santa Cruz County, CA	2009	NA	147664	131302	16362	11.1
CN0608900000000	06	089	Shasta County, CA	2009	NA	83960	71919	12041	14.3
CN0609100000000	06	091	Sierra County, CA	2009	NA	1595	1357	238	14.9
CN0609300000000	06	093	Siskiyou County, CA	2009	NA	19631	16835	2796	14.2
CN0609500000000	06	095	Solano County, CA	2009	NA	214520	192225	22295	10.4
CN0609700000000	06	097	Sonoma County, CA	2009	NA	256523	232398	24125	9.4
CN0609900000000	06	099	Stanislaus County, CA	2009	NA	234462	198102	36360	15.5
CN0610100000000	06	101	Sutter County, CA	2009	NA	41882	34991	6891	16.5
CN0610300000000	06	103	Tehama County, CA	2009	NA	25344	21887	3457	13.6
CN0610500000000	06	105	Trinity County, CA	2009	NA	4985	4148	837	16.8
CN0610700000000	06	107	Tulare County, CA	2009	NA	203168	172996	30172	14.9
CN0610900000000	06	109	Tuolumne County, CA	2009	NA	25724	22594	3130	12.2
CN0611100000000	06	111	Ventura County, CA	2009	NA	430294	388824	41470	9.6
CN0611300000000	06	113	Yolo County, CA	2009	NA	98742	87862	10880	11
CN0611500000000	06	115	Yuba County, CA	2009	NA	28348	23574	4774	16.8
CN0800100000000	08	001	Adams County, CO	2009	NA	228327	209001	19326	8.5
CN0800300000000	08	003	Alamosa County, CO	2009	NA	8936	8373	563	6.3
CN0800500000000	08	005	Arapahoe County, CO	2009	NA	312497	289832	22665	7.3
CN0800700000000	08	007	Archuleta County, CO	2009	NA	6334	5862	472	7.5
CN0800900000000	08	009	Baca County, CO	2009	NA	2593	2498	95	3.7
CN0801100000000	08	011	Bent County, CO	2009	NA	2680	2506	174	6.5
CN0801300000000	08	013	Boulder County, CO	2009	NA	175518	164765	10753	6.1
CN0801400000000	08	014	Broomfield County/city, CO	2009	NA	30845	28722	2123	6.9
CN0801500000000	08	015	Chaffee County, CO	2009	NA	8576	8038	538	6.3
CN0801700000000	08	017	Cheyenne County, CO	2009	NA	1372	1337	35	2.6
CN0801900000000	08	019	Clear Creek County, CO	2009	NA	5426	5036	390	7.2
CN0802100000000	08	021	Conejos County, CO	2009	NA	3738	3461	277	7.4
CN0802300000000	08	023	Costilla County, CO	2009	NA	1379	1254	125	9.1
CN0802500000000	08	025	Crowley County, CO	2009	NA	1987	1816	171	8.6
CN0802700000000	08	027	Custer County, CO	2009	NA	2039	1912	127	6.2
CN0802900000000	08	029	Delta County, CO	2009	NA	16973	15760	1213	7.1
CN0803100000000	08	031	Denver County/city, CO	2009	NA	324332	298039	26293	8.1
CN0803300000000	08	033	Dolores County, CO	2009	NA	1044	907	137	13.1
CN0803500000000	08	035	Douglas County, CO	2009	NA	161345	151397	9948	6.2
CN0803700000000	08	037	Eagle County, CO	2009	NA	30521	28382	2139	7
CN0803900000000	08	039	Elbert County, CO	2009	NA	12933	12029	904	7
CN0804100000000	08	041	El Paso County, CO	2009	NA	300226	276585	23641	7.9
CN0804300000000	08	043	Fremont County, CO	2009	NA	19981	18279	1702	8.5
CN0804500000000	08	045	Garfield County, CO	2009	NA	34688	32275	2413	7
CN0804700000000	08	047	Gilpin County, CO	2009	NA	3675	3453	222	6
CN0804900000000	08	049	Grand County, CO	2009	NA	9052	8448	604	6.7
CN0805100000000	08	051	Gunnison County, CO	2009	NA	9427	8915	512	5.4
CN0805300000000	08	053	Hinsdale County, CO	2009	NA	665	644	21	3.2
CN0805500000000	08	055	Huerfano County, CO	2009	NA	3489	3185	304	8.7
CN0805700000000	08	057	Jackson County, CO	2009	NA	1293	1240	53	4.1
CN0805900000000	08	059	Jefferson County, CO	2009	NA	303936	282267	21669	7.1
CN0806100000000	08	061	Kiowa County, CO	2009	NA	1001	959	42	4.2
CN0806300000000	08	063	Kit Carson County, CO	2009	NA	4860	4670	190	3.9
CN0806500000000	08	065	Lake County, CO	2009	NA	3904	3570	334	8.6
CN0806700000000	08	067	La Plata County, CO	2009	NA	31317	29632	1685	5.4
CN0806900000000	08	069	Larimer County, CO	2009	NA	176900	165822	11078	6.3
CN0807100000000	08	071	Las Animas County, CO	2009	NA	8618	7917	701	8.1
CN0807300000000	08	073	Lincoln County, CO	2009	NA	3108	2980	128	4.1
CN0807500000000	08	075	Logan County, CO	2009	NA	12031	11434	597	5
CN0807700000000	08	077	Mesa County, CO	2009	NA	82067	75199	6868	8.4
CN0807900000000	08	079	Mineral County, CO	2009	NA	479	447	32	6.7
CN0808100000000	08	081	Moffat County, CO	2009	NA	9077	8513	564	6.2
CN0808300000000	08	083	Montezuma County, CO	2009	NA	13270	12297	973	7.3
CN0808500000000	08	085	Montrose County, CO	2009	NA	21101	19391	1710	8.1
CN0808700000000	08	087	Morgan County, CO	2009	NA	15084	14272	812	5.4
CN0808900000000	08	089	Otero County, CO	2009	NA	9306	8670	636	6.8
CN0809100000000	08	091	Ouray County, CO	2009	NA	2902	2739	163	5.6
CN0809300000000	08	093	Park County, CO	2009	NA	9336	8687	649	7
CN0809500000000	08	095	Phillips County, CO	2009	NA	2607	2514	93	3.6
CN0809700000000	08	097	Pitkin County, CO	2009	NA	11141	10471	670	6
CN0809900000000	08	099	Prowers County, CO	2009	NA	7008	6601	407	5.8
CN0810100000000	08	101	Pueblo County, CO	2009	NA	74643	68533	6110	8.2
CN0810300000000	08	103	Rio Blanco County, CO	2009	NA	4659	4432	227	4.9
CN0810500000000	08	105	Rio Grande County, CO	2009	NA	6788	6375	413	6.1
CN0810700000000	08	107	Routt County, CO	2009	NA	15238	14246	992	6.5
CN0810900000000	08	109	Saguache County, CO	2009	NA	3422	3147	275	8
CN0811100000000	08	111	San Juan County, CO	2009	NA	556	515	41	7.4
CN0811300000000	08	113	San Miguel County, CO	2009	NA	5220	4911	309	5.9
CN0811500000000	08	115	Sedgwick County, CO	2009	NA	1719	1655	64	3.7
CN0811700000000	08	117	Summit County, CO	2009	NA	16641	15631	1010	6.1
CN0811900000000	08	119	Teller County, CO	2009	NA	12099	11186	913	7.5
CN0812100000000	08	121	Washington County, CO	2009	NA	2984	2865	119	4
CN0812300000000	08	123	Weld County, CO	2009	NA	120964	111070	9894	8.2
CN0812500000000	08	125	Yuma County, CO	2009	NA	7112	6877	235	3.3
CN0900100000000	09	001	Fairfield County, CT	2009	NA	471953	436665	35288	7.5
CN0900300000000	09	003	Hartford County, CT	2009	NA	464754	425976	38778	8.3
CN0900500000000	09	005	Litchfield County, CT	2009	NA	105724	97384	8340	7.9
CN0900700000000	09	007	Middlesex County, CT	2009	NA	95148	88811	6337	6.7
CN0900900000000	09	009	New Haven County, CT	2009	NA	450853	412211	38642	8.6
CN0901100000000	09	011	New London County, CT	2009	NA	150961	139704	11257	7.5
CN0901300000000	09	013	Tolland County, CT	2009	NA	86559	80813	5746	6.6
CN0901500000000	09	015	Windham County, CT	2009	NA	65133	59411	5722	8.8
CN1000100000000	10	001	Kent County, DE	2009	NA	73786	67788	5998	8.1
CN1000300000000	10	003	New Castle County, DE	2009	NA	271289	248704	22585	8.3
CN1000500000000	10	005	Sussex County, DE	2009	NA	92424	84819	7605	8.2
CN1100100000000	11	001	District of Columbia	2009	NA	335672	304500	31172	9.3
CN1200100000000	12	001	Alachua County, FL	2009	NA	129815	120579	9236	7.1
CN1200300000000	12	003	Baker County, FL	2009	NA	12111	10887	1224	10.1
CN1200500000000	12	005	Bay County, FL	2009	NA	88810	80695	8115	9.1
CN1200700000000	12	007	Bradford County, FL	2009	NA	12473	11467	1006	8.1
CN1200900000000	12	009	Brevard County, FL	2009	NA	266755	238983	27772	10.4
CN1201100000000	12	011	Broward County, FL	2009	NA	980551	891041	89510	9.1
CN1201300000000	12	013	Calhoun County, FL	2009	NA	5917	5413	504	8.5
CN1201500000000	12	015	Charlotte County, FL	2009	NA	68858	60681	8177	11.9
CN1201700000000	12	017	Citrus County, FL	2009	NA	56762	49892	6870	12.1
CN1201900000000	12	019	Clay County, FL	2009	NA	94785	85993	8792	9.3
CN1202100000000	12	021	Collier County, FL	2009	NA	143337	127434	15903	11.1
CN1202300000000	12	023	Columbia County, FL	2009	NA	31597	28674	2923	9.3
CN1202700000000	12	027	DeSoto County, FL	2009	NA	14967	13458	1509	10.1
CN1202900000000	12	029	Dixie County, FL	2009	NA	5582	4944	638	11.4
CN1203100000000	12	031	Duval County, FL	2009	NA	441641	395185	46456	10.5
CN1203300000000	12	033	Escambia County, FL	2009	NA	137044	123507	13537	9.9
CN1203500000000	12	035	Flagler County, FL	2009	NA	32733	27910	4823	14.7
CN1203700000000	12	037	Franklin County, FL	2009	NA	4919	4555	364	7.4
CN1203900000000	12	039	Gadsden County, FL	2009	NA	21270	19147	2123	10
CN1204100000000	12	041	Gilchrist County, FL	2009	NA	7712	6993	719	9.3
CN1204300000000	12	043	Glades County, FL	2009	NA	4843	4394	449	9.3
CN1204500000000	12	045	Gulf County, FL	2009	NA	6361	5753	608	9.6
CN1204700000000	12	047	Hamilton County, FL	2009	NA	4848	4306	542	11.2
CN1204900000000	12	049	Hardee County, FL	2009	NA	11962	10701	1261	10.5
CN1205100000000	12	051	Hendry County, FL	2009	NA	17192	14744	2448	14.2
CN1205300000000	12	053	Hernando County, FL	2009	NA	62318	54056	8262	13.3
CN1205500000000	12	055	Highlands County, FL	2009	NA	40483	36113	4370	10.8
CN1205700000000	12	057	Hillsborough County, FL	2009	NA	596872	533687	63185	10.6
CN1205900000000	12	059	Holmes County, FL	2009	NA	8884	8173	711	8
CN1206100000000	12	061	Indian River County, FL	2009	NA	62299	54261	8038	12.9
CN1206300000000	12	063	Jackson County, FL	2009	NA	21958	20328	1630	7.4
CN1206500000000	12	065	Jefferson County, FL	2009	NA	6578	6042	536	8.1
CN1206700000000	12	067	Lafayette County, FL	2009	NA	3074	2844	230	7.5
CN1206900000000	12	069	Lake County, FL	2009	NA	135874	120749	15125	11.1
CN1207100000000	12	071	Lee County, FL	2009	NA	278817	244526	34291	12.3
CN1207300000000	12	073	Leon County, FL	2009	NA	147363	136962	10401	7.1
CN1207500000000	12	075	Levy County, FL	2009	NA	16742	14824	1918	11.5
CN1207700000000	12	077	Liberty County, FL	2009	NA	3867	3644	223	5.8
CN1207900000000	12	079	Madison County, FL	2009	NA	7140	6378	762	10.7
CN1208100000000	12	081	Manatee County, FL	2009	NA	142403	125901	16502	11.6
CN1208300000000	12	083	Marion County, FL	2009	NA	135282	118007	17275	12.8
CN1208500000000	12	085	Martin County, FL	2009	NA	62927	56024	6903	11
CN1208600000000	12	086	Miami-Dade County, FL	2009	NA	1209622	1083804	125818	10.4
CN1208700000000	12	087	Monroe County, FL	2009	NA	45385	42279	3106	6.8
CN1208900000000	12	089	Nassau County, FL	2009	NA	35920	32469	3451	9.6
CN1209100000000	12	091	Okaloosa County, FL	2009	NA	96418	89500	6918	7.2
CN1209300000000	12	093	Okeechobee County, FL	2009	NA	18199	16040	2159	11.9
CN1209500000000	12	095	Orange County, FL	2009	NA	596021	533867	62154	10.4
CN1209700000000	12	097	Osceola County, FL	2009	NA	138807	123212	15595	11.2
CN1209900000000	12	099	Palm Beach County, FL	2009	NA	615500	549671	65829	10.7
CN1210100000000	12	101	Pasco County, FL	2009	NA	195279	172016	23263	11.9
CN1210300000000	12	103	Pinellas County, FL	2009	NA	440723	393139	47584	10.8
CN1210500000000	12	105	Polk County, FL	2009	NA	273152	242326	30826	11.3
CN1210700000000	12	107	Putnam County, FL	2009	NA	32311	28514	3797	11.8
CN1210900000000	12	109	St. Johns County, FL	2009	NA	96570	88459	8111	8.4
CN1211100000000	12	111	St. Lucie County, FL	2009	NA	123665	107098	16567	13.4
CN1211300000000	12	113	Santa Rosa County, FL	2009	NA	70216	63859	6357	9.1
CN1211500000000	12	115	Sarasota County, FL	2009	NA	161799	143465	18334	11.3
CN1211700000000	12	117	Seminole County, FL	2009	NA	235674	212497	23177	9.8
CN1211900000000	12	119	Sumter County, FL	2009	NA	31877	28967	2910	9.1
CN1212100000000	12	121	Suwannee County, FL	2009	NA	17450	15765	1685	9.7
CN1212300000000	12	123	Taylor County, FL	2009	NA	9167	8181	986	10.8
CN1212500000000	12	125	Union County, FL	2009	NA	5388	4982	406	7.5
CN1212700000000	12	127	Volusia County, FL	2009	NA	252474	225174	27300	10.8
CN1212900000000	12	129	Wakulla County, FL	2009	NA	16732	15569	1163	7
CN1213100000000	12	131	Walton County, FL	2009	NA	30837	28499	2338	7.6
CN1213300000000	12	133	Washington County, FL	2009	NA	9920	8922	998	10.1
CN1300100000000	13	001	Appling County, GA	2009	NA	9455	8500	955	10.1
CN1300300000000	13	003	Atkinson County, GA	2009	NA	3289	2797	492	15
CN1300500000000	13	005	Bacon County, GA	2009	NA	4643	4207	436	9.4
CN1300700000000	13	007	Baker County, GA	2009	NA	1586	1439	147	9.3
CN1300900000000	13	009	Baldwin County, GA	2009	NA	20401	17868	2533	12.4
CN1301100000000	13	011	Banks County, GA	2009	NA	10552	9747	805	7.6
CN1301300000000	13	013	Barrow County, GA	2009	NA	35215	31479	3736	10.6
CN1301500000000	13	015	Bartow County, GA	2009	NA	46443	40810	5633	12.1
CN1301700000000	13	017	Ben Hill County, GA	2009	NA	7286	6148	1138	15.6
CN1301900000000	13	019	Berrien County, GA	2009	NA	8211	7140	1071	13
CN1302100000000	13	021	Bibb County, GA	2009	NA	74638	67382	7256	9.7
CN1302300000000	13	023	Bleckley County, GA	2009	NA	5451	4908	543	10
CN1302500000000	13	025	Brantley County, GA	2009	NA	7545	6723	822	10.9
CN1302700000000	13	027	Brooks County, GA	2009	NA	8022	7334	688	8.6
CN1302900000000	13	029	Bryan County, GA	2009	NA	16983	15653	1330	7.8
CN1303100000000	13	031	Bulloch County, GA	2009	NA	32964	29867	3097	9.4
CN1303300000000	13	033	Burke County, GA	2009	NA	9939	8759	1180	11.9
CN1303500000000	13	035	Butts County, GA	2009	NA	10144	8923	1221	12
CN1303700000000	13	037	Calhoun County, GA	2009	NA	2343	2080	263	11.2
CN1303900000000	13	039	Camden County, GA	2009	NA	20757	18902	1855	8.9
CN1304300000000	13	043	Candler County, GA	2009	NA	4341	3938	403	9.3
CN1304500000000	13	045	Carroll County, GA	2009	NA	52693	46910	5783	11
CN1304700000000	13	047	Catoosa County, GA	2009	NA	34611	31689	2922	8.4
CN1304900000000	13	049	Charlton County, GA	2009	NA	4472	3983	489	10.9
CN1305100000000	13	051	Chatham County, GA	2009	NA	131170	119831	11339	8.6
CN1305300000000	13	053	Chattahoochee County, GA	2009	NA	2621	2232	389	14.8
CN1305500000000	13	055	Chattooga County, GA	2009	NA	10773	9339	1434	13.3
CN1305700000000	13	057	Cherokee County, GA	2009	NA	110242	100467	9775	8.9
CN1305900000000	13	059	Clarke County, GA	2009	NA	64085	59216	4869	7.6
CN1306100000000	13	061	Clay County, GA	2009	NA	1414	1293	121	8.6
CN1306300000000	13	063	Clayton County, GA	2009	NA	133143	117459	15684	11.8
CN1306500000000	13	065	Clinch County, GA	2009	NA	2789	2482	307	11
CN1306700000000	13	067	Cobb County, GA	2009	NA	374868	340632	34236	9.1
CN1306900000000	13	069	Coffee County, GA	2009	NA	16376	13854	2522	15.4
CN1307100000000	13	071	Colquitt County, GA	2009	NA	20475	18610	1865	9.1
CN1307300000000	13	073	Columbia County, GA	2009	NA	60883	56676	4207	6.9
CN1307500000000	13	075	Cook County, GA	2009	NA	6967	6077	890	12.8
CN1307700000000	13	077	Coweta County, GA	2009	NA	61330	55295	6035	9.8
CN1307900000000	13	079	Crawford County, GA	2009	NA	6075	5465	610	10
CN1308100000000	13	081	Crisp County, GA	2009	NA	9765	8574	1191	12.2
CN1308300000000	13	083	Dade County, GA	2009	NA	8146	7294	852	10.5
CN1308500000000	13	085	Dawson County, GA	2009	NA	11256	10134	1122	10
CN1308700000000	13	087	Decatur County, GA	2009	NA	11912	10404	1508	12.7
CN1308900000000	13	089	DeKalb County, GA	2009	NA	381335	343126	38209	10
CN1309100000000	13	091	Dodge County, GA	2009	NA	9079	8104	975	10.7
CN1309300000000	13	093	Dooly County, GA	2009	NA	4836	4356	480	9.9
CN1309500000000	13	095	Dougherty County, GA	2009	NA	42209	37762	4447	10.5
CN1309700000000	13	097	Douglas County, GA	2009	NA	65190	58135	7055	10.8
CN1309900000000	13	099	Early County, GA	2009	NA	5517	4937	580	10.5
CN1310100000000	13	101	Echols County, GA	2009	NA	2204	2045	159	7.2
CN1310300000000	13	103	Effingham County, GA	2009	NA	28603	26247	2356	8.2
CN1310500000000	13	105	Elbert County, GA	2009	NA	10045	8816	1229	12.2
CN1310700000000	13	107	Emanuel County, GA	2009	NA	10568	9438	1130	10.7
CN1310900000000	13	109	Evans County, GA	2009	NA	4958	4524	434	8.8
CN1311100000000	13	111	Fannin County, GA	2009	NA	10811	9676	1135	10.5
CN1311300000000	13	113	Fayette County, GA	2009	NA	51081	46776	4305	8.4
CN1311500000000	13	115	Floyd County, GA	2009	NA	49526	44302	5224	10.5
CN1311700000000	13	117	Forsyth County, GA	2009	NA	87995	80815	7180	8.2
CN1311900000000	13	119	Franklin County, GA	2009	NA	10261	9042	1219	11.9
CN1312100000000	13	121	Fulton County, GA	2009	NA	486983	437746	49237	10.1
CN1312300000000	13	123	Gilmer County, GA	2009	NA	13620	12206	1414	10.4
CN1312500000000	13	125	Glascock County, GA	2009	NA	1133	1004	129	11.4
CN1312700000000	13	127	Glynn County, GA	2009	NA	40419	37002	3417	8.5
CN1312900000000	13	129	Gordon County, GA	2009	NA	25498	22190	3308	13
CN1313100000000	13	131	Grady County, GA	2009	NA	11764	10622	1142	9.7
CN1313300000000	13	133	Greene County, GA	2009	NA	7588	6727	861	11.3
CN1313500000000	13	135	Gwinnett County, GA	2009	NA	417641	380094	37547	9
CN1313700000000	13	137	Habersham County, GA	2009	NA	20243	18218	2025	10
CN1313900000000	13	139	Hall County, GA	2009	NA	89690	81284	8406	9.4
CN1314100000000	13	141	Hancock County, GA	2009	NA	3290	2645	645	19.6
CN1314300000000	13	143	Haralson County, GA	2009	NA	12665	11142	1523	12
CN1314500000000	13	145	Harris County, GA	2009	NA	16406	15215	1191	7.3
CN1314700000000	13	147	Hart County, GA	2009	NA	10458	9051	1407	13.5
CN1314900000000	13	149	Heard County, GA	2009	NA	4893	4255	638	13
CN1315100000000	13	151	Henry County, GA	2009	NA	97375	87884	9491	9.7
CN1315300000000	13	153	Houston County, GA	2009	NA	70793	65701	5092	7.2
CN1315500000000	13	155	Irwin County, GA	2009	NA	4070	3456	614	15.1
CN1315700000000	13	157	Jackson County, GA	2009	NA	27055	24053	3002	11.1
CN1315900000000	13	159	Jasper County, GA	2009	NA	6461	5651	810	12.5
CN1316100000000	13	161	Jeff Davis County, GA	2009	NA	5357	4619	738	13.8
CN1316300000000	13	163	Jefferson County, GA	2009	NA	7106	6078	1028	14.5
CN1316500000000	13	165	Jenkins County, GA	2009	NA	2723	2192	531	19.5
CN1316700000000	13	167	Johnson County, GA	2009	NA	3542	3099	443	12.5
CN1316900000000	13	169	Jones County, GA	2009	NA	14322	13095	1227	8.6
CN1317100000000	13	171	Lamar County, GA	2009	NA	8134	7031	1103	13.6
CN1317300000000	13	173	Lanier County, GA	2009	NA	4139	3764	375	9.1
CN1317500000000	13	175	Laurens County, GA	2009	NA	22061	19591	2470	11.2
CN1317700000000	13	177	Lee County, GA	2009	NA	18181	16865	1316	7.2
CN1317900000000	13	179	Liberty County, GA	2009	NA	26003	23796	2207	8.5
CN1318100000000	13	181	Lincoln County, GA	2009	NA	3902	3477	425	10.9
CN1318300000000	13	183	Long County, GA	2009	NA	6655	6220	435	6.5
CN1318500000000	13	185	Lowndes County, GA	2009	NA	53907	49335	4572	8.5
CN1318700000000	13	187	Lumpkin County, GA	2009	NA	13305	11743	1562	11.7
CN1318900000000	13	189	McDuffie County, GA	2009	NA	10793	9561	1232	11.4
CN1319100000000	13	191	McIntosh County, GA	2009	NA	5276	4741	535	10.1
CN1319300000000	13	193	Macon County, GA	2009	NA	5196	4551	645	12.4
CN1319500000000	13	195	Madison County, GA	2009	NA	15786	14410	1376	8.7
CN1319700000000	13	197	Marion County, GA	2009	NA	3317	2987	330	9.9
CN1319900000000	13	199	Meriwether County, GA	2009	NA	9449	8148	1301	13.8
CN1320100000000	13	201	Miller County, GA	2009	NA	3615	3301	314	8.7
CN1320500000000	13	205	Mitchell County, GA	2009	NA	10395	9354	1041	10
CN1320700000000	13	207	Monroe County, GA	2009	NA	13800	12547	1253	9.1
CN1320900000000	13	209	Montgomery County, GA	2009	NA	4484	4082	402	9
CN1321100000000	13	211	Morgan County, GA	2009	NA	9346	8415	931	10
CN1321300000000	13	213	Murray County, GA	2009	NA	19722	17163	2559	13
CN1321500000000	13	215	Muscogee County, GA	2009	NA	86098	78276	7822	9.1
CN1321700000000	13	217	Newton County, GA	2009	NA	47101	41333	5768	12.2
CN1321900000000	13	219	Oconee County, GA	2009	NA	18585	17429	1156	6.2
CN1322100000000	13	221	Oglethorpe County, GA	2009	NA	7817	7153	664	8.5
CN1322300000000	13	223	Paulding County, GA	2009	NA	67939	61065	6874	10.1
CN1322500000000	13	225	Peach County, GA	2009	NA	12340	11063	1277	10.3
CN1322700000000	13	227	Pickens County, GA	2009	NA	15098	13498	1600	10.6
CN1322900000000	13	229	Pierce County, GA	2009	NA	8678	7864	814	9.4
CN1323100000000	13	231	Pike County, GA	2009	NA	8077	7192	885	11
CN1323300000000	13	233	Polk County, GA	2009	NA	21188	18905	2283	10.8
CN1323500000000	13	235	Pulaski County, GA	2009	NA	4357	4017	340	7.8
CN1323700000000	13	237	Putnam County, GA	2009	NA	10371	9234	1137	11
CN1323900000000	13	239	Quitman County, GA	2009	NA	968	853	115	11.9
CN1324100000000	13	241	Rabun County, GA	2009	NA	6968	6244	724	10.4
CN1324300000000	13	243	Randolph County, GA	2009	NA	2752	2417	335	12.2
CN1324500000000	13	245	Richmond County, GA	2009	NA	91254	82033	9221	10.1
CN1324700000000	13	247	Rockdale County, GA	2009	NA	40153	35680	4473	11.1
CN1324900000000	13	249	Schley County, GA	2009	NA	1903	1661	242	12.7
CN1325100000000	13	251	Screven County, GA	2009	NA	7302	6268	1034	14.2
CN1325300000000	13	253	Seminole County, GA	2009	NA	4090	3649	441	10.8
CN1325500000000	13	255	Spalding County, GA	2009	NA	28894	24798	4096	14.2
CN1325700000000	13	257	Stephens County, GA	2009	NA	13894	12420	1474	10.6
CN1325900000000	13	259	Stewart County, GA	2009	NA	2317	2071	246	10.6
CN1326100000000	13	261	Sumter County, GA	2009	NA	14387	12520	1867	13
CN1326300000000	13	263	Talbot County, GA	2009	NA	3125	2830	295	9.4
CN1326500000000	13	265	Taliaferro County, GA	2009	NA	833	712	121	14.5
CN1326700000000	13	267	Tattnall County, GA	2009	NA	9356	8513	843	9
CN1326900000000	13	269	Taylor County, GA	2009	NA	3550	3128	422	11.9
CN1327100000000	13	271	Telfair County, GA	2009	NA	4616	3973	643	13.9
CN1327300000000	13	273	Terrell County, GA	2009	NA	4442	3982	460	10.4
CN1327500000000	13	275	Thomas County, GA	2009	NA	21412	19442	1970	9.2
CN1327700000000	13	277	Tift County, GA	2009	NA	18876	16808	2068	11
CN1327900000000	13	279	Toombs County, GA	2009	NA	13911	12535	1376	9.9
CN1328100000000	13	281	Towns County, GA	2009	NA	5740	5241	499	8.7
CN1328300000000	13	283	Treutlen County, GA	2009	NA	2927	2592	335	11.4
CN1328500000000	13	285	Troup County, GA	2009	NA	30909	26923	3986	12.9
CN1328700000000	13	287	Turner County, GA	2009	NA	4626	3975	651	14.1
CN1328900000000	13	289	Twiggs County, GA	2009	NA	4654	4139	515	11.1
CN1329100000000	13	291	Union County, GA	2009	NA	10984	9944	1040	9.5
CN1329300000000	13	293	Upson County, GA	2009	NA	11912	10371	1541	12.9
CN1329500000000	13	295	Walker County, GA	2009	NA	32199	28683	3516	10.9
CN1329700000000	13	297	Walton County, GA	2009	NA	41476	37166	4310	10.4
CN1329900000000	13	299	Ware County, GA	2009	NA	14894	13276	1618	10.9
CN1330100000000	13	301	Warren County, GA	2009	NA	2623	2149	474	18.1
CN1330300000000	13	303	Washington County, GA	2009	NA	7917	6831	1086	13.7
CN1330500000000	13	305	Wayne County, GA	2009	NA	12050	10633	1417	11.8
CN1330700000000	13	307	Webster County, GA	2009	NA	1193	1074	119	10
CN1330900000000	13	309	Wheeler County, GA	2009	NA	2930	2648	282	9.6
CN1331100000000	13	311	White County, GA	2009	NA	12387	11177	1210	9.8
CN1331300000000	13	313	Whitfield County, GA	2009	NA	44109	38481	5628	12.8
CN1331500000000	13	315	Wilcox County, GA	2009	NA	3252	2862	390	12
CN1331700000000	13	317	Wilkes County, GA	2009	NA	4495	3959	536	11.9
CN1331900000000	13	319	Wilkinson County, GA	2009	NA	4627	4113	514	11.1
CN1332100000000	13	321	Worth County, GA	2009	NA	10156	9132	1024	10.1
CN1500100000000	15	001	Hawaii County, HI	2009	NA	83897	75348	8549	10.2
CN1500300000000	15	003	Honolulu County/city, HI	2009	NA	439761	413213	26548	6
CN1500700000000	15	007	Kauai County, HI	2009	NA	31990	28865	3125	9.8
CN1500900000000	15	009	Maui County, HI	2009	NA	76043	69097	6946	9.1
CN1600100000000	16	001	Ada County, ID	2009	NA	196383	178892	17491	8.9
CN1600300000000	16	003	Adams County, ID	2009	NA	2123	1776	347	16.3
CN1600500000000	16	005	Bannock County, ID	2009	NA	39350	36263	3087	7.8
CN1600700000000	16	007	Bear Lake County, ID	2009	NA	3365	3165	200	5.9
CN1600900000000	16	009	Benewah County, ID	2009	NA	4174	3549	625	15
CN1601100000000	16	011	Bingham County, ID	2009	NA	21828	20393	1435	6.6
CN1601300000000	16	013	Blaine County, ID	2009	NA	13348	12232	1116	8.4
CN1601500000000	16	015	Boise County, ID	2009	NA	3384	3080	304	9
CN1601700000000	16	017	Bonner County, ID	2009	NA	20958	18630	2328	11.1
CN1601900000000	16	019	Bonneville County, ID	2009	NA	50059	46872	3187	6.4
CN1602100000000	16	021	Boundary County, ID	2009	NA	4410	3812	598	13.6
CN1602300000000	16	023	Butte County, ID	2009	NA	1471	1387	84	5.7
CN1602500000000	16	025	Camas County, ID	2009	NA	598	535	63	10.5
CN1602700000000	16	027	Canyon County, ID	2009	NA	85238	75643	9595	11.3
CN1602900000000	16	029	Caribou County, ID	2009	NA	3464	3233	231	6.7
CN1603100000000	16	031	Cassia County, ID	2009	NA	10190	9581	609	6
CN1603300000000	16	033	Clark County, ID	2009	NA	549	516	33	6
CN1603500000000	16	035	Clearwater County, ID	2009	NA	3523	3001	522	14.8
CN1603700000000	16	037	Custer County, ID	2009	NA	2677	2514	163	6.1
CN1603900000000	16	039	Elmore County, ID	2009	NA	11408	10435	973	8.5
CN1604100000000	16	041	Franklin County, ID	2009	NA	5794	5473	321	5.5
CN1604300000000	16	043	Fremont County, ID	2009	NA	5553	5059	494	8.9
CN1604500000000	16	045	Gem County, ID	2009	NA	6985	6168	817	11.7
CN1604700000000	16	047	Gooding County, ID	2009	NA	8380	7857	523	6.2
CN1604900000000	16	049	Idaho County, ID	2009	NA	7358	6541	817	11.1
CN1605100000000	16	051	Jefferson County, ID	2009	NA	11502	10694	808	7
CN1605300000000	16	053	Jerome County, ID	2009	NA	10447	9705	742	7.1
CN1605500000000	16	055	Kootenai County, ID	2009	NA	70972	63805	7167	10.1
CN1605700000000	16	057	Latah County, ID	2009	NA	17794	16583	1211	6.8
CN1605900000000	16	059	Lemhi County, ID	2009	NA	3975	3617	358	9
CN1606100000000	16	061	Lewis County, ID	2009	NA	1779	1671	108	6.1
CN1606300000000	16	063	Lincoln County, ID	2009	NA	2584	2275	309	12
CN1606500000000	16	065	Madison County, ID	2009	NA	16049	15071	978	6.1
CN1606700000000	16	067	Minidoka County, ID	2009	NA	9494	8857	637	6.7
CN1606900000000	16	069	Nez Perce County, ID	2009	NA	18704	17435	1269	6.8
CN1607100000000	16	071	Oneida County, ID	2009	NA	2221	2082	139	6.3
CN1607300000000	16	073	Owyhee County, ID	2009	NA	4328	4135	193	4.5
CN1607500000000	16	075	Payette County, ID	2009	NA	11007	9915	1092	9.9
CN1607700000000	16	077	Power County, ID	2009	NA	3458	3177	281	8.1
CN1607900000000	16	079	Shoshone County, ID	2009	NA	6304	5414	890	14.1
CN1608100000000	16	081	Teton County, ID	2009	NA	5287	4920	367	6.9
CN1608300000000	16	083	Twin Falls County, ID	2009	NA	39024	36292	2732	7
CN1608500000000	16	085	Valley County, ID	2009	NA	4710	4031	679	14.4
CN1608700000000	16	087	Washington County, ID	2009	NA	4921	4433	488	9.9
CN1700100000000	17	001	Adams County, IL	2009	NA	38261	35468	2793	7.3
CN1700300000000	17	003	Alexander County, IL	2009	NA	3000	2632	368	12.3
CN1700500000000	17	005	Bond County, IL	2009	NA	8563	7717	846	9.9
CN1700700000000	17	007	Boone County, IL	2009	NA	26118	22086	4032	15.4
CN1700900000000	17	009	Brown County, IL	2009	NA	3465	3309	156	4.5
CN1701100000000	17	011	Bureau County, IL	2009	NA	19259	17230	2029	10.5
CN1701300000000	17	013	Calhoun County, IL	2009	NA	2485	2236	249	10
CN1701500000000	17	015	Carroll County, IL	2009	NA	8289	7388	901	10.9
CN1701700000000	17	017	Cass County, IL	2009	NA	7683	7150	533	6.9
CN1701900000000	17	019	Champaign County, IL	2009	NA	105240	96480	8760	8.3
CN1702100000000	17	021	Christian County, IL	2009	NA	17721	15949	1772	10
CN1702300000000	17	023	Clark County, IL	2009	NA	8112	7053	1059	13.1
CN1702500000000	17	025	Clay County, IL	2009	NA	6467	5654	813	12.6
CN1702700000000	17	027	Clinton County, IL	2009	NA	18650	17070	1580	8.5
CN1702900000000	17	029	Coles County, IL	2009	NA	27673	25159	2514	9.1
CN1703100000000	17	031	Cook County, IL	2009	NA	2604692	2330033	274659	10.5
CN1703300000000	17	033	Crawford County, IL	2009	NA	9721	8755	966	9.9
CN1703500000000	17	035	Cumberland County, IL	2009	NA	5568	5021	547	9.8
CN1703700000000	17	037	DeKalb County, IL	2009	NA	60157	54136	6021	10
CN1703900000000	17	039	De Witt County, IL	2009	NA	8817	8066	751	8.5
CN1704100000000	17	041	Douglas County, IL	2009	NA	10219	9326	893	8.7
CN1704300000000	17	043	DuPage County, IL	2009	NA	525702	480627	45075	8.6
CN1704500000000	17	045	Edgar County, IL	2009	NA	10173	9128	1045	10.3
CN1704700000000	17	047	Edwards County, IL	2009	NA	3108	2824	284	9.1
CN1704900000000	17	049	Effingham County, IL	2009	NA	18145	16685	1460	8
CN1705100000000	17	051	Fayette County, IL	2009	NA	10119	9005	1114	11
CN1705300000000	17	053	Ford County, IL	2009	NA	7098	6389	709	10
CN1705500000000	17	055	Franklin County, IL	2009	NA	17682	15376	2306	13
CN1705700000000	17	057	Fulton County, IL	2009	NA	18498	16395	2103	11.4
CN1705900000000	17	059	Gallatin County, IL	2009	NA	2628	2365	263	10
CN1706100000000	17	061	Greene County, IL	2009	NA	6775	6208	567	8.4
CN1706300000000	17	063	Grundy County, IL	2009	NA	26702	23440	3262	12.2
CN1706500000000	17	065	Hamilton County, IL	2009	NA	4070	3687	383	9.4
CN1706700000000	17	067	Hancock County, IL	2009	NA	9438	8389	1049	11.1
CN1706900000000	17	069	Hardin County, IL	2009	NA	1760	1567	193	11
CN1707100000000	17	071	Henderson County, IL	2009	NA	3800	3437	363	9.6
CN1707300000000	17	073	Henry County, IL	2009	NA	26772	24315	2457	9.2
CN1707500000000	17	075	Iroquois County, IL	2009	NA	16749	15144	1605	9.6
CN1707700000000	17	077	Jackson County, IL	2009	NA	32119	29774	2345	7.3
CN1707900000000	17	079	Jasper County, IL	2009	NA	4942	4488	454	9.2
CN1708100000000	17	081	Jefferson County, IL	2009	NA	20595	18627	1968	9.6
CN1708300000000	17	083	Jersey County, IL	2009	NA	11544	10460	1084	9.4
CN1708500000000	17	085	Jo Daviess County, IL	2009	NA	13081	11908	1173	9
CN1708700000000	17	087	Johnson County, IL	2009	NA	5095	4559	536	10.5
CN1708900000000	17	089	Kane County, IL	2009	NA	271256	242898	28358	10.5
CN1709100000000	17	091	Kankakee County, IL	2009	NA	56196	49319	6877	12.2
CN1709300000000	17	093	Kendall County, IL	2009	NA	60357	54244	6113	10.1
CN1709500000000	17	095	Knox County, IL	2009	NA	25980	23477	2503	9.6
CN1709700000000	17	097	Lake County, IL	2009	NA	363170	327443	35727	9.8
CN1709900000000	17	099	LaSalle County, IL	2009	NA	59434	52189	7245	12.2
CN1710100000000	17	101	Lawrence County, IL	2009	NA	8182	7362	820	10
CN1710300000000	17	103	Lee County, IL	2009	NA	18308	16391	1917	10.5
CN1710500000000	17	105	Livingston County, IL	2009	NA	19293	17310	1983	10.3
CN1710700000000	17	107	Logan County, IL	2009	NA	13354	12116	1238	9.3
CN1710900000000	17	109	McDonough County, IL	2009	NA	16951	15496	1455	8.6
CN1711100000000	17	111	McHenry County, IL	2009	NA	181149	163369	17780	9.8
CN1711300000000	17	113	McLean County, IL	2009	NA	91493	84871	6622	7.2
CN1711500000000	17	115	Macon County, IL	2009	NA	54824	48534	6290	11.5
CN1711700000000	17	117	Macoupin County, IL	2009	NA	24007	21463	2544	10.6
CN1711900000000	17	119	Madison County, IL	2009	NA	138514	124337	14177	10.2
CN1712100000000	17	121	Marion County, IL	2009	NA	18338	16151	2187	11.9
CN1712300000000	17	123	Marshall County, IL	2009	NA	7117	6370	747	10.5
CN1712500000000	17	125	Mason County, IL	2009	NA	7573	6642	931	12.3
CN1712700000000	17	127	Massac County, IL	2009	NA	7161	6518	643	9
CN1712900000000	17	129	Menard County, IL	2009	NA	6905	6394	511	7.4
CN1713100000000	17	131	Mercer County, IL	2009	NA	8648	7756	892	10.3
CN1713300000000	17	133	Monroe County, IL	2009	NA	18415	16979	1436	7.8
CN1713500000000	17	135	Montgomery County, IL	2009	NA	13332	11749	1583	11.9
CN1713700000000	17	137	Morgan County, IL	2009	NA	17572	16153	1419	8.1
CN1713900000000	17	139	Moultrie County, IL	2009	NA	7857	7173	684	8.7
CN1714100000000	17	141	Ogle County, IL	2009	NA	27507	24082	3425	12.5
CN1714300000000	17	143	Peoria County, IL	2009	NA	97678	86910	10768	11
CN1714500000000	17	145	Perry County, IL	2009	NA	9411	8283	1128	12
CN1714700000000	17	147	Piatt County, IL	2009	NA	8881	8170	711	8
CN1714900000000	17	149	Pike County, IL	2009	NA	8469	7787	682	8.1
CN1715100000000	17	151	Pope County, IL	2009	NA	1901	1704	197	10.4
CN1715300000000	17	153	Pulaski County, IL	2009	NA	2845	2529	316	11.1
CN1715500000000	17	155	Putnam County, IL	2009	NA	3306	2857	449	13.6
CN1715700000000	17	157	Randolph County, IL	2009	NA	15203	13798	1405	9.2
CN1715900000000	17	159	Richland County, IL	2009	NA	7275	6543	732	10.1
CN1716100000000	17	161	Rock Island County, IL	2009	NA	77840	70668	7172	9.2
CN1716300000000	17	163	St. Clair County, IL	2009	NA	124016	110497	13519	10.9
CN1716500000000	17	165	Saline County, IL	2009	NA	12658	11404	1254	9.9
CN1716700000000	17	167	Sangamon County, IL	2009	NA	107780	99740	8040	7.5
CN1716900000000	17	169	Schuyler County, IL	2009	NA	4229	3945	284	6.7
CN1717100000000	17	171	Scott County, IL	2009	NA	2710	2499	211	7.8
CN1717300000000	17	173	Shelby County, IL	2009	NA	11139	10042	1097	9.8
CN1717500000000	17	175	Stark County, IL	2009	NA	2837	2543	294	10.4
CN1717700000000	17	177	Stephenson County, IL	2009	NA	25080	22221	2859	11.4
CN1717900000000	17	179	Tazewell County, IL	2009	NA	73081	65372	7709	10.5
CN1718100000000	17	181	Union County, IL	2009	NA	8112	7204	908	11.2
CN1718300000000	17	183	Vermilion County, IL	2009	NA	37138	32854	4284	11.5
CN1718500000000	17	185	Wabash County, IL	2009	NA	6047	5419	628	10.4
CN1718700000000	17	187	Warren County, IL	2009	NA	9232	8543	689	7.5
CN1718900000000	17	189	Washington County, IL	2009	NA	8070	7417	653	8.1
CN1719100000000	17	191	Wayne County, IL	2009	NA	8135	7324	811	10
CN1719300000000	17	193	White County, IL	2009	NA	7697	7035	662	8.6
CN1719500000000	17	195	Whiteside County, IL	2009	NA	30420	27271	3149	10.4
CN1719700000000	17	197	Will County, IL	2009	NA	366938	329028	37910	10.3
CN1719900000000	17	199	Williamson County, IL	2009	NA	34652	31447	3205	9.2
CN1720100000000	17	201	Winnebago County, IL	2009	NA	144984	123174	21810	15
CN1720300000000	17	203	Woodford County, IL	2009	NA	21245	19494	1751	8.2
CN1800100000000	18	001	Adams County, IN	2009	NA	15118	12911	2207	14.6
CN1800300000000	18	003	Allen County, IN	2009	NA	178193	159522	18671	10.5
CN1800500000000	18	005	Bartholomew County, IN	2009	NA	38446	34763	3683	9.6
CN1800700000000	18	007	Benton County, IN	2009	NA	4284	3857	427	10
CN1800900000000	18	009	Blackford County, IN	2009	NA	6413	5512	901	14
CN1801100000000	18	011	Boone County, IN	2009	NA	28281	26091	2190	7.7
CN1801300000000	18	013	Brown County, IN	2009	NA	7450	6711	739	9.9
CN1801500000000	18	015	Carroll County, IN	2009	NA	10015	8953	1062	10.6
CN1801700000000	18	017	Cass County, IN	2009	NA	18725	16477	2248	12
CN1801900000000	18	019	Clark County, IN	2009	NA	56018	51137	4881	8.7
CN1802100000000	18	021	Clay County, IN	2009	NA	13005	11542	1463	11.2
CN1802300000000	18	023	Clinton County, IN	2009	NA	16947	15123	1824	10.8
CN1802500000000	18	025	Crawford County, IN	2009	NA	5214	4575	639	12.3
CN1802700000000	18	027	Daviess County, IN	2009	NA	14933	14056	877	5.9
CN1802900000000	18	029	Dearborn County, IN	2009	NA	26096	23533	2563	9.8
CN1803100000000	18	031	Decatur County, IN	2009	NA	12627	11061	1566	12.4
CN1803300000000	18	033	DeKalb County, IN	2009	NA	20352	17572	2780	13.7
CN1803500000000	18	035	Delaware County, IN	2009	NA	55337	49432	5905	10.7
CN1803700000000	18	037	Dubois County, IN	2009	NA	22056	20410	1646	7.5
CN1803900000000	18	039	Elkhart County, IN	2009	NA	90688	74478	16210	17.9
CN1804100000000	18	041	Fayette County, IN	2009	NA	9852	8359	1493	15.2
CN1804300000000	18	043	Floyd County, IN	2009	NA	37975	34731	3244	8.5
CN1804500000000	18	045	Fountain County, IN	2009	NA	8407	7341	1066	12.7
CN1804700000000	18	047	Franklin County, IN	2009	NA	11598	10381	1217	10.5
CN1804900000000	18	049	Fulton County, IN	2009	NA	9999	8726	1273	12.7
CN1805100000000	18	051	Gibson County, IN	2009	NA	16738	15275	1463	8.7
CN1805300000000	18	053	Grant County, IN	2009	NA	33063	29181	3882	11.7
CN1805500000000	18	055	Greene County, IN	2009	NA	15988	14627	1361	8.5
CN1805700000000	18	057	Hamilton County, IN	2009	NA	145126	135556	9570	6.6
CN1805900000000	18	059	Hancock County, IN	2009	NA	36104	33024	3080	8.5
CN1806100000000	18	061	Harrison County, IN	2009	NA	19525	17731	1794	9.2
CN1806300000000	18	063	Hendricks County, IN	2009	NA	73661	68044	5617	7.6
CN1806500000000	18	065	Henry County, IN	2009	NA	22785	19898	2887	12.7
CN1806700000000	18	067	Howard County, IN	2009	NA	35612	30352	5260	14.8
CN1806900000000	18	069	Huntington County, IN	2009	NA	19731	17203	2528	12.8
CN1807100000000	18	071	Jackson County, IN	2009	NA	21252	18886	2366	11.1
CN1807300000000	18	073	Jasper County, IN	2009	NA	15686	14090	1596	10.2
CN1807500000000	18	075	Jay County, IN	2009	NA	11365	10084	1281	11.3
CN1807700000000	18	077	Jefferson County, IN	2009	NA	16573	14772	1801	10.9
CN1807900000000	18	079	Jennings County, IN	2009	NA	13626	11773	1853	13.6
CN1808100000000	18	081	Johnson County, IN	2009	NA	74520	68356	6164	8.3
CN1808300000000	18	083	Knox County, IN	2009	NA	19814	18345	1469	7.4
CN1808500000000	18	085	Kosciusko County, IN	2009	NA	41388	36272	5116	12.4
CN1808700000000	18	087	LaGrange County, IN	2009	NA	15541	12838	2703	17.4
CN1808900000000	18	089	Lake County, IN	2009	NA	226034	201966	24068	10.6
CN1809100000000	18	091	LaPorte County, IN	2009	NA	52587	46350	6237	11.9
CN1809300000000	18	093	Lawrence County, IN	2009	NA	21768	18901	2867	13.2
CN1809500000000	18	095	Madison County, IN	2009	NA	62377	55572	6805	10.9
CN1809700000000	18	097	Marion County, IN	2009	NA	457524	414853	42671	9.3
CN1809900000000	18	099	Marshall County, IN	2009	NA	22539	19497	3042	13.5
CN1810100000000	18	101	Martin County, IN	2009	NA	5221	4841	380	7.3
CN1810300000000	18	103	Miami County, IN	2009	NA	16177	13838	2339	14.5
CN1810500000000	18	105	Monroe County, IN	2009	NA	70550	65986	4564	6.5
CN1810700000000	18	107	Montgomery County, IN	2009	NA	18789	16882	1907	10.1
CN1810900000000	18	109	Morgan County, IN	2009	NA	36623	33260	3363	9.2
CN1811100000000	18	111	Newton County, IN	2009	NA	6834	6070	764	11.2
CN1811300000000	18	113	Noble County, IN	2009	NA	22161	18358	3803	17.2
CN1811500000000	18	115	Ohio County, IN	2009	NA	3088	2755	333	10.8
CN1811700000000	18	117	Orange County, IN	2009	NA	10450	9333	1117	10.7
CN1811900000000	18	119	Owen County, IN	2009	NA	11537	10449	1088	9.4
CN1812100000000	18	121	Parke County, IN	2009	NA	8032	7229	803	10
CN1812300000000	18	123	Perry County, IN	2009	NA	9616	8635	981	10.2
CN1812500000000	18	125	Pike County, IN	2009	NA	5850	5291	559	9.6
CN1812700000000	18	127	Porter County, IN	2009	NA	84211	76343	7868	9.3
CN1812900000000	18	129	Posey County, IN	2009	NA	13176	12102	1074	8.2
CN1813100000000	18	131	Pulaski County, IN	2009	NA	6750	6046	704	10.4
CN1813300000000	18	133	Putnam County, IN	2009	NA	17218	15341	1877	10.9
CN1813500000000	18	135	Randolph County, IN	2009	NA	12847	11311	1536	12
CN1813700000000	18	137	Ripley County, IN	2009	NA	13765	12275	1490	10.8
CN1813900000000	18	139	Rush County, IN	2009	NA	9086	8132	954	10.5
CN1814100000000	18	141	St. Joseph County, IN	2009	NA	129097	114259	14838	11.5
CN1814300000000	18	143	Scott County, IN	2009	NA	10951	9534	1417	12.9
CN1814500000000	18	145	Shelby County, IN	2009	NA	23647	21179	2468	10.4
CN1814700000000	18	147	Spencer County, IN	2009	NA	10387	9431	956	9.2
CN1814900000000	18	149	Starke County, IN	2009	NA	10729	9207	1522	14.2
CN1815100000000	18	151	Steuben County, IN	2009	NA	16301	13930	2371	14.5
CN1815300000000	18	153	Sullivan County, IN	2009	NA	8850	7971	879	9.9
CN1815500000000	18	155	Switzerland County, IN	2009	NA	5673	5224	449	7.9
CN1815700000000	18	157	Tippecanoe County, IN	2009	NA	84263	76584	7679	9.1
CN1815900000000	18	159	Tipton County, IN	2009	NA	7216	6277	939	13
CN1816100000000	18	161	Union County, IN	2009	NA	3527	3166	361	10.2
CN1816300000000	18	163	Vanderburgh County, IN	2009	NA	90591	83152	7439	8.2
CN1816500000000	18	165	Vermillion County, IN	2009	NA	7975	7010	965	12.1
CN1816700000000	18	167	Vigo County, IN	2009	NA	50961	45807	5154	10.1
CN1816900000000	18	169	Wabash County, IN	2009	NA	16331	14199	2132	13.1
CN1817100000000	18	171	Warren County, IN	2009	NA	4646	4159	487	10.5
CN1817300000000	18	173	Warrick County, IN	2009	NA	31087	28692	2395	7.7
CN1817500000000	18	175	Washington County, IN	2009	NA	14037	12360	1677	11.9
CN1817700000000	18	177	Wayne County, IN	2009	NA	32296	28309	3987	12.3
CN1817900000000	18	179	Wells County, IN	2009	NA	14223	12705	1518	10.7
CN1818100000000	18	181	White County, IN	2009	NA	12426	11052	1374	11.1
CN1818300000000	18	183	Whitley County, IN	2009	NA	17854	15608	2246	12.6
CN1900100000000	19	001	Adair County, IA	2009	NA	4239	3994	245	5.8
CN1900300000000	19	003	Adams County, IA	2009	NA	2154	2023	131	6.1
CN1900500000000	19	005	Allamakee County, IA	2009	NA	7558	6786	772	10.2
CN1900700000000	19	007	Appanoose County, IA	2009	NA	6244	5703	541	8.7
CN1900900000000	19	009	Audubon County, IA	2009	NA	3291	3099	192	5.8
CN1901100000000	19	011	Benton County, IA	2009	NA	14745	13815	930	6.3
CN1901300000000	19	013	Black Hawk County, IA	2009	NA	74993	70415	4578	6.1
CN1901500000000	19	015	Boone County, IA	2009	NA	15821	14882	939	5.9
CN1901700000000	19	017	Bremer County, IA	2009	NA	13892	13140	752	5.4
CN1901900000000	19	019	Buchanan County, IA	2009	NA	11232	10490	742	6.6
CN1902100000000	19	021	Buena Vista County, IA	2009	NA	10777	10212	565	5.2
CN1902300000000	19	023	Butler County, IA	2009	NA	8502	7944	558	6.6
CN1902500000000	19	025	Calhoun County, IA	2009	NA	5272	5000	272	5.2
CN1902700000000	19	027	Carroll County, IA	2009	NA	12386	11864	522	4.2
CN1902900000000	19	029	Cass County, IA	2009	NA	7671	7153	518	6.8
CN1903100000000	19	031	Cedar County, IA	2009	NA	11457	10817	640	5.6
CN1903300000000	19	033	Cerro Gordo County, IA	2009	NA	25563	23792	1771	6.9
CN1903500000000	19	035	Cherokee County, IA	2009	NA	6614	6312	302	4.6
CN1903700000000	19	037	Chickasaw County, IA	2009	NA	6962	6344	618	8.9
CN1903900000000	19	039	Clarke County, IA	2009	NA	4937	4561	376	7.6
CN1904100000000	19	041	Clay County, IA	2009	NA	9584	8931	653	6.8
CN1904300000000	19	043	Clayton County, IA	2009	NA	9996	9139	857	8.6
CN1904500000000	19	045	Clinton County, IA	2009	NA	28228	26181	2047	7.3
CN1904700000000	19	047	Crawford County, IA	2009	NA	9558	9116	442	4.6
CN1904900000000	19	049	Dallas County, IA	2009	NA	34990	33263	1727	4.9
CN1905100000000	19	051	Davis County, IA	2009	NA	4054	3684	370	9.1
CN1905300000000	19	053	Decatur County, IA	2009	NA	4205	3922	283	6.7
CN1905500000000	19	055	Delaware County, IA	2009	NA	10883	10152	731	6.7
CN1905700000000	19	057	Des Moines County, IA	2009	NA	21189	19486	1703	8
CN1905900000000	19	059	Dickinson County, IA	2009	NA	9387	8719	668	7.1
CN1906100000000	19	061	Dubuque County, IA	2009	NA	52911	49417	3494	6.6
CN1906300000000	19	063	Emmet County, IA	2009	NA	5873	5387	486	8.3
CN1906500000000	19	065	Fayette County, IA	2009	NA	10976	10031	945	8.6
CN1906700000000	19	067	Floyd County, IA	2009	NA	8569	7819	750	8.8
CN1906900000000	19	069	Franklin County, IA	2009	NA	5881	5446	435	7.4
CN1907100000000	19	071	Fremont County, IA	2009	NA	3796	3535	261	6.9
CN1907300000000	19	073	Greene County, IA	2009	NA	5122	4821	301	5.9
CN1907500000000	19	075	Grundy County, IA	2009	NA	6957	6552	405	5.8
CN1907700000000	19	077	Guthrie County, IA	2009	NA	5732	5372	360	6.3
CN1907900000000	19	079	Hamilton County, IA	2009	NA	8263	7633	630	7.6
CN1908100000000	19	081	Hancock County, IA	2009	NA	5652	5087	565	10
CN1908300000000	19	083	Hardin County, IA	2009	NA	9372	8757	615	6.6
CN1908500000000	19	085	Harrison County, IA	2009	NA	7703	7321	382	5
CN1908700000000	19	087	Henry County, IA	2009	NA	9863	8944	919	9.3
CN1908900000000	19	089	Howard County, IA	2009	NA	5097	4649	448	8.8
CN1909100000000	19	091	Humboldt County, IA	2009	NA	5154	4848	306	5.9
CN1909300000000	19	093	Ida County, IA	2009	NA	3985	3769	216	5.4
CN1909500000000	19	095	Iowa County, IA	2009	NA	8596	7984	612	7.1
CN1909700000000	19	097	Jackson County, IA	2009	NA	11240	10300	940	8.4
CN1909900000000	19	099	Jasper County, IA	2009	NA	17834	16304	1530	8.6
CN1910100000000	19	101	Jefferson County, IA	2009	NA	8272	7559	713	8.6
CN1910300000000	19	103	Johnson County, IA	2009	NA	80726	77133	3593	4.5
CN1910500000000	19	105	Jones County, IA	2009	NA	10776	10005	771	7.2
CN1910700000000	19	107	Keokuk County, IA	2009	NA	5711	5255	456	8
CN1910900000000	19	109	Kossuth County, IA	2009	NA	8981	8453	528	5.9
CN1911100000000	19	111	Lee County, IA	2009	NA	17434	15650	1784	10.2
CN1911300000000	19	113	Linn County, IA	2009	NA	123192	115728	7464	6.1
CN1911500000000	19	115	Louisa County, IA	2009	NA	5983	5488	495	8.3
CN1911700000000	19	117	Lucas County, IA	2009	NA	4690	4390	300	6.4
CN1911900000000	19	119	Lyon County, IA	2009	NA	6922	6626	296	4.3
CN1912100000000	19	121	Madison County, IA	2009	NA	8276	7718	558	6.7
CN1912300000000	19	123	Mahaska County, IA	2009	NA	11852	10870	982	8.3
CN1912500000000	19	125	Marion County, IA	2009	NA	17487	16320	1167	6.7
CN1912700000000	19	127	Marshall County, IA	2009	NA	20623	19113	1510	7.3
CN1912900000000	19	129	Mills County, IA	2009	NA	7963	7598	365	4.6
CN1913100000000	19	131	Mitchell County, IA	2009	NA	5836	5493	343	5.9
CN1913300000000	19	133	Monona County, IA	2009	NA	4568	4226	342	7.5
CN1913500000000	19	135	Monroe County, IA	2009	NA	4337	4008	329	7.6
CN1913700000000	19	137	Montgomery County, IA	2009	NA	5271	4800	471	8.9
CN1913900000000	19	139	Muscatine County, IA	2009	NA	23877	21801	2076	8.7
CN1914100000000	19	141	O'Brien County, IA	2009	NA	7889	7471	418	5.3
CN1914300000000	19	143	Osceola County, IA	2009	NA	3324	3119	205	6.2
CN1914500000000	19	145	Page County, IA	2009	NA	7864	7189	675	8.6
CN1914700000000	19	147	Palo Alto County, IA	2009	NA	5320	4943	377	7.1
CN1914900000000	19	149	Plymouth County, IA	2009	NA	14499	13824	675	4.7
CN1915100000000	19	151	Pocahontas County, IA	2009	NA	4132	3895	237	5.7
CN1915300000000	19	153	Polk County, IA	2009	NA	243967	229011	14956	6.1
CN1915500000000	19	155	Pottawattamie County, IA	2009	NA	48372	45904	2468	5.1
CN1915700000000	19	157	Poweshiek County, IA	2009	NA	10300	9598	702	6.8
CN1915900000000	19	159	Ringgold County, IA	2009	NA	2453	2317	136	5.5
CN1916100000000	19	161	Sac County, IA	2009	NA	5800	5505	295	5.1
CN1916300000000	19	163	Scott County, IA	2009	NA	90578	84168	6410	7.1
CN1916500000000	19	165	Shelby County, IA	2009	NA	7600	7296	304	4
CN1916700000000	19	167	Sioux County, IA	2009	NA	19721	18862	859	4.4
CN1916900000000	19	169	Story County, IA	2009	NA	49361	47021	2340	4.7
CN1917100000000	19	171	Tama County, IA	2009	NA	8974	8326	648	7.2
CN1917300000000	19	173	Taylor County, IA	2009	NA	3377	3145	232	6.9
CN1917500000000	19	175	Union County, IA	2009	NA	6932	6475	457	6.6
CN1917700000000	19	177	Van Buren County, IA	2009	NA	3850	3511	339	8.8
CN1917900000000	19	179	Wapello County, IA	2009	NA	18907	17254	1653	8.7
CN1918100000000	19	181	Warren County, IA	2009	NA	25913	24391	1522	5.9
CN1918300000000	19	183	Washington County, IA	2009	NA	11924	11262	662	5.6
CN1918500000000	19	185	Wayne County, IA	2009	NA	3236	3031	205	6.3
CN1918700000000	19	187	Webster County, IA	2009	NA	19819	18350	1469	7.4
CN1918900000000	19	189	Winnebago County, IA	2009	NA	5771	5227	544	9.4
CN1919100000000	19	191	Winneshiek County, IA	2009	NA	12268	11501	767	6.3
CN1919300000000	19	193	Woodbury County, IA	2009	NA	55996	52811	3185	5.7
CN1919500000000	19	195	Worth County, IA	2009	NA	4486	4165	321	7.2
CN1919700000000	19	197	Wright County, IA	2009	NA	7047	6528	519	7.4
CN2000100000000	20	001	Allen County, KS	2009	NA	7536	6947	589	7.8
CN2000300000000	20	003	Anderson County, KS	2009	NA	4482	4140	342	7.6
CN2000500000000	20	005	Atchison County, KS	2009	NA	8861	8046	815	9.2
CN2000700000000	20	007	Barber County, KS	2009	NA	2921	2791	130	4.5
CN2000900000000	20	009	Barton County, KS	2009	NA	16047	15143	904	5.6
CN2001100000000	20	011	Bourbon County, KS	2009	NA	8794	8181	613	7
CN2001300000000	20	013	Brown County, KS	2009	NA	5914	5581	333	5.6
CN2001500000000	20	015	Butler County, KS	2009	NA	32715	30311	2404	7.3
CN2001700000000	20	017	Chase County, KS	2009	NA	1546	1464	82	5.3
CN2001900000000	20	019	Chautauqua County, KS	2009	NA	1868	1704	164	8.8
CN2002100000000	20	021	Cherokee County, KS	2009	NA	11606	10630	976	8.4
CN2002300000000	20	023	Cheyenne County, KS	2009	NA	1530	1476	54	3.5
CN2002500000000	20	025	Clark County, KS	2009	NA	1279	1232	47	3.7
CN2002700000000	20	027	Clay County, KS	2009	NA	5290	5054	236	4.5
CN2002900000000	20	029	Cloud County, KS	2009	NA	5816	5559	257	4.4
CN2003100000000	20	031	Coffey County, KS	2009	NA	5576	5253	323	5.8
CN2003300000000	20	033	Comanche County, KS	2009	NA	1105	1066	39	3.5
CN2003500000000	20	035	Cowley County, KS	2009	NA	18586	17295	1291	6.9
CN2003700000000	20	037	Crawford County, KS	2009	NA	20225	18497	1728	8.5
CN2003900000000	20	039	Decatur County, KS	2009	NA	1815	1748	67	3.7
CN2004100000000	20	041	Dickinson County, KS	2009	NA	10918	10350	568	5.2
CN2004300000000	20	043	Doniphan County, KS	2009	NA	4634	4152	482	10.4
CN2004500000000	20	045	Douglas County, KS	2009	NA	63191	59579	3612	5.7
CN2004700000000	20	047	Edwards County, KS	2009	NA	1804	1728	76	4.2
CN2004900000000	20	049	Elk County, KS	2009	NA	1527	1402	125	8.2
CN2005100000000	20	051	Ellis County, KS	2009	NA	18090	17388	702	3.9
CN2005300000000	20	053	Ellsworth County, KS	2009	NA	3874	3712	162	4.2
CN2005500000000	20	055	Finney County, KS	2009	NA	19742	18875	867	4.4
CN2005700000000	20	057	Ford County, KS	2009	NA	18924	18263	661	3.5
CN2005900000000	20	059	Franklin County, KS	2009	NA	13658	12407	1251	9.2
CN2006100000000	20	061	Geary County, KS	2009	NA	14117	13077	1040	7.4
CN2006300000000	20	063	Gove County, KS	2009	NA	1623	1575	48	3
CN2006500000000	20	065	Graham County, KS	2009	NA	1485	1419	66	4.4
CN2006700000000	20	067	Grant County, KS	2009	NA	4156	3994	162	3.9
CN2006900000000	20	069	Gray County, KS	2009	NA	3476	3371	105	3
CN2007100000000	20	071	Greeley County, KS	2009	NA	733	705	28	3.8
CN2007300000000	20	073	Greenwood County, KS	2009	NA	3579	3341	238	6.6
CN2007500000000	20	075	Hamilton County, KS	2009	NA	1344	1291	53	3.9
CN2007700000000	20	077	Harper County, KS	2009	NA	3469	3293	176	5.1
CN2007900000000	20	079	Harvey County, KS	2009	NA	18262	16976	1286	7
CN2008100000000	20	081	Haskell County, KS	2009	NA	2299	2222	77	3.3
CN2008300000000	20	083	Hodgeman County, KS	2009	NA	953	915	38	4
CN2008500000000	20	085	Jackson County, KS	2009	NA	7038	6548	490	7
CN2008700000000	20	087	Jefferson County, KS	2009	NA	9723	8986	737	7.6
CN2008900000000	20	089	Jewell County, KS	2009	NA	1995	1911	84	4.2
CN2009100000000	20	091	Johnson County, KS	2009	NA	299697	280131	19566	6.5
CN2009300000000	20	093	Kearny County, KS	2009	NA	2174	2078	96	4.4
CN2009500000000	20	095	Kingman County, KS	2009	NA	4633	4373	260	5.6
CN2009700000000	20	097	Kiowa County, KS	2009	NA	1580	1525	55	3.5
CN2009900000000	20	099	Labette County, KS	2009	NA	11659	10659	1000	8.6
CN2010100000000	20	101	Lane County, KS	2009	NA	1142	1104	38	3.3
CN2010300000000	20	103	Leavenworth County, KS	2009	NA	32725	30100	2625	8
CN2010500000000	20	105	Lincoln County, KS	2009	NA	2021	1910	111	5.5
CN2010700000000	20	107	Linn County, KS	2009	NA	4533	4026	507	11.2
CN2010900000000	20	109	Logan County, KS	2009	NA	1730	1673	57	3.3
CN2011100000000	20	111	Lyon County, KS	2009	NA	18645	17502	1143	6.1
CN2011300000000	20	113	McPherson County, KS	2009	NA	16937	16100	837	4.9
CN2011500000000	20	115	Marion County, KS	2009	NA	7023	6635	388	5.5
CN2011700000000	20	117	Marshall County, KS	2009	NA	6160	5816	344	5.6
CN2011900000000	20	119	Meade County, KS	2009	NA	2559	2461	98	3.8
CN2012100000000	20	121	Miami County, KS	2009	NA	16144	14820	1324	8.2
CN2012300000000	20	123	Mitchell County, KS	2009	NA	3814	3637	177	4.6
CN2012500000000	20	125	Montgomery County, KS	2009	NA	18732	16890	1842	9.8
CN2012700000000	20	127	Morris County, KS	2009	NA	3085	2870	215	7
CN2012900000000	20	129	Morton County, KS	2009	NA	1783	1709	74	4.2
CN2013100000000	20	131	Nemaha County, KS	2009	NA	5921	5679	242	4.1
CN2013300000000	20	133	Neosho County, KS	2009	NA	8733	7997	736	8.4
CN2013500000000	20	135	Ness County, KS	2009	NA	1863	1790	73	3.9
CN2013700000000	20	137	Norton County, KS	2009	NA	2898	2771	127	4.4
CN2013900000000	20	139	Osage County, KS	2009	NA	8537	7875	662	7.8
CN2014100000000	20	141	Osborne County, KS	2009	NA	2298	2196	102	4.4
CN2014300000000	20	143	Ottawa County, KS	2009	NA	3418	3228	190	5.6
CN2014500000000	20	145	Pawnee County, KS	2009	NA	3959	3807	152	3.8
CN2014700000000	20	147	Phillips County, KS	2009	NA	3197	3000	197	6.2
CN2014900000000	20	149	Pottawatomie County, KS	2009	NA	11102	10471	631	5.7
CN2015100000000	20	151	Pratt County, KS	2009	NA	5985	5688	297	5
CN2015300000000	20	153	Rawlins County, KS	2009	NA	1319	1267	52	3.9
CN2015500000000	20	155	Reno County, KS	2009	NA	35110	33064	2046	5.8
CN2015700000000	20	157	Republic County, KS	2009	NA	2901	2779	122	4.2
CN2015900000000	20	159	Rice County, KS	2009	NA	6049	5746	303	5
CN2016100000000	20	161	Riley County, KS	2009	NA	37558	35888	1670	4.4
CN2016300000000	20	163	Rooks County, KS	2009	NA	2805	2617	188	6.7
CN2016500000000	20	165	Rush County, KS	2009	NA	1705	1608	97	5.7
CN2016700000000	20	167	Russell County, KS	2009	NA	3606	3428	178	4.9
CN2016900000000	20	169	Saline County, KS	2009	NA	31865	30113	1752	5.5
CN2017100000000	20	171	Scott County, KS	2009	NA	2888	2801	87	3
CN2017300000000	20	173	Sedgwick County, KS	2009	NA	259399	237590	21809	8.4
CN2017500000000	20	175	Seward County, KS	2009	NA	11157	10613	544	4.9
CN2017700000000	20	177	Shawnee County, KS	2009	NA	94610	88421	6189	6.5
CN2017900000000	20	179	Sheridan County, KS	2009	NA	1603	1558	45	2.8
CN2018100000000	20	181	Sherman County, KS	2009	NA	3798	3647	151	4
CN2018300000000	20	183	Smith County, KS	2009	NA	2253	2146	107	4.7
CN2018500000000	20	185	Stafford County, KS	2009	NA	2275	2157	118	5.2
CN2018700000000	20	187	Stanton County, KS	2009	NA	1185	1146	39	3.3
CN2018900000000	20	189	Stevens County, KS	2009	NA	2378	2265	113	4.8
CN2019100000000	20	191	Sumner County, KS	2009	NA	11670	10657	1013	8.7
CN2019300000000	20	193	Thomas County, KS	2009	NA	4310	4150	160	3.7
CN2019500000000	20	195	Trego County, KS	2009	NA	1895	1824	71	3.7
CN2019700000000	20	197	Wabaunsee County, KS	2009	NA	3768	3495	273	7.2
CN2019900000000	20	199	Wallace County, KS	2009	NA	920	865	55	6
CN2020100000000	20	201	Washington County, KS	2009	NA	3474	3306	168	4.8
CN2020300000000	20	203	Wichita County, KS	2009	NA	1281	1238	43	3.4
CN2020500000000	20	205	Wilson County, KS	2009	NA	5305	4733	572	10.8
CN2020700000000	20	207	Woodson County, KS	2009	NA	1792	1639	153	8.5
CN2020900000000	20	209	Wyandotte County, KS	2009	NA	70526	62998	7528	10.7
CN2100100000000	21	001	Adair County, KY	2009	NA	9218	8227	991	10.8
CN2100300000000	21	003	Allen County, KY	2009	NA	8740	7482	1258	14.4
CN2100500000000	21	005	Anderson County, KY	2009	NA	11092	9939	1153	10.4
CN2100700000000	21	007	Ballard County, KY	2009	NA	4098	3690	408	10
CN2100900000000	21	009	Barren County, KY	2009	NA	19339	16957	2382	12.3
CN2101100000000	21	011	Bath County, KY	2009	NA	5116	4327	789	15.4
CN2101300000000	21	013	Bell County, KY	2009	NA	9777	8605	1172	12
CN2101500000000	21	015	Boone County, KY	2009	NA	64357	58589	5768	9
CN2101700000000	21	017	Bourbon County, KY	2009	NA	9263	8370	893	9.6
CN2101900000000	21	019	Boyd County, KY	2009	NA	22747	20838	1909	8.4
CN2102100000000	21	021	Boyle County, KY	2009	NA	12948	11481	1467	11.3
CN2102300000000	21	023	Bracken County, KY	2009	NA	4289	3807	482	11.2
CN2102500000000	21	025	Breathitt County, KY	2009	NA	5675	5097	578	10.2
CN2102700000000	21	027	Breckinridge County, KY	2009	NA	9377	8274	1103	11.8
CN2102900000000	21	029	Bullitt County, KY	2009	NA	39761	35479	4282	10.8
CN2103100000000	21	031	Butler County, KY	2009	NA	5499	4713	786	14.3
CN2103300000000	21	033	Caldwell County, KY	2009	NA	6909	6220	689	10
CN2103500000000	21	035	Calloway County, KY	2009	NA	17940	16448	1492	8.3
CN2103700000000	21	037	Campbell County, KY	2009	NA	45055	40571	4484	10
CN2103900000000	21	039	Carlisle County, KY	2009	NA	2339	2133	206	8.8
CN2104100000000	21	041	Carroll County, KY	2009	NA	5446	4736	710	13
CN2104300000000	21	043	Carter County, KY	2009	NA	13518	11833	1685	12.5
CN2104500000000	21	045	Casey County, KY	2009	NA	7145	6388	757	10.6
CN2104700000000	21	047	Christian County, KY	2009	NA	29392	25772	3620	12.3
CN2104900000000	21	049	Clark County, KY	2009	NA	17039	15167	1872	11
CN2105100000000	21	051	Clay County, KY	2009	NA	6964	6012	952	13.7
CN2105300000000	21	053	Clinton County, KY	2009	NA	4852	4395	457	9.4
CN2105500000000	21	055	Crittenden County, KY	2009	NA	4110	3676	434	10.6
CN2105700000000	21	057	Cumberland County, KY	2009	NA	3063	2670	393	12.8
CN2105900000000	21	059	Daviess County, KY	2009	NA	48300	43819	4481	9.3
CN2106100000000	21	061	Edmonson County, KY	2009	NA	5274	4555	719	13.6
CN2106300000000	21	063	Elliott County, KY	2009	NA	3274	2835	439	13.4
CN2106500000000	21	065	Estill County, KY	2009	NA	6412	5613	799	12.5
CN2106700000000	21	067	Fayette County, KY	2009	NA	152180	140328	11852	7.8
CN2106900000000	21	069	Fleming County, KY	2009	NA	6543	5737	806	12.3
CN2107100000000	21	071	Floyd County, KY	2009	NA	15613	13910	1703	10.9
CN2107300000000	21	073	Franklin County, KY	2009	NA	24568	22383	2185	8.9
CN2107500000000	21	075	Fulton County, KY	2009	NA	2684	2343	341	12.7
CN2107700000000	21	077	Gallatin County, KY	2009	NA	4030	3542	488	12.1
CN2107900000000	21	079	Garrard County, KY	2009	NA	7738	6827	911	11.8
CN2108100000000	21	081	Grant County, KY	2009	NA	12856	11375	1481	11.5
CN2108300000000	21	083	Graves County, KY	2009	NA	16349	14723	1626	9.9
CN2108500000000	21	085	Grayson County, KY	2009	NA	11481	9795	1686	14.7
CN2108700000000	21	087	Green County, KY	2009	NA	5681	5011	670	11.8
CN2108900000000	21	089	Greenup County, KY	2009	NA	17874	16214	1660	9.3
CN2109100000000	21	091	Hancock County, KY	2009	NA	4333	3825	508	11.7
CN2109300000000	21	093	Hardin County, KY	2009	NA	47868	42943	4925	10.3
CN2109500000000	21	095	Harlan County, KY	2009	NA	10593	9441	1152	10.9
CN2109700000000	21	097	Harrison County, KY	2009	NA	9391	8323	1068	11.4
CN2109900000000	21	099	Hart County, KY	2009	NA	8333	7472	861	10.3
CN2110100000000	21	101	Henderson County, KY	2009	NA	23299	20819	2480	10.6
CN2110300000000	21	103	Henry County, KY	2009	NA	7981	7144	837	10.5
CN2110500000000	21	105	Hickman County, KY	2009	NA	2126	1938	188	8.8
CN2110700000000	21	107	Hopkins County, KY	2009	NA	23022	20898	2124	9.2
CN2110900000000	21	109	Jackson County, KY	2009	NA	4297	3592	705	16.4
CN2111100000000	21	111	Jefferson County, KY	2009	NA	360376	323842	36534	10.1
CN2111300000000	21	113	Jessamine County, KY	2009	NA	22791	20723	2068	9.1
CN2111500000000	21	115	Johnson County, KY	2009	NA	9922	8901	1021	10.3
CN2111700000000	21	117	Kenton County, KY	2009	NA	84184	75890	8294	9.9
CN2111900000000	21	119	Knott County, KY	2009	NA	6563	5870	693	10.6
CN2112100000000	21	121	Knox County, KY	2009	NA	12862	11373	1489	11.6
CN2112300000000	21	123	Larue County, KY	2009	NA	6997	6169	828	11.8
CN2112500000000	21	125	Laurel County, KY	2009	NA	26528	23826	2702	10.2
CN2112700000000	21	127	Lawrence County, KY	2009	NA	6208	5473	735	11.8
CN2112900000000	21	129	Lee County, KY	2009	NA	2785	2459	326	11.7
CN2113100000000	21	131	Leslie County, KY	2009	NA	3622	3172	450	12.4
CN2113300000000	21	133	Letcher County, KY	2009	NA	8789	7851	938	10.7
CN2113500000000	21	135	Lewis County, KY	2009	NA	5598	4749	849	15.2
CN2113700000000	21	137	Lincoln County, KY	2009	NA	10658	9319	1339	12.6
CN2113900000000	21	139	Livingston County, KY	2009	NA	4775	4303	472	9.9
CN2114100000000	21	141	Logan County, KY	2009	NA	12428	11075	1353	10.9
CN2114300000000	21	143	Lyon County, KY	2009	NA	3362	2949	413	12.3
CN2114500000000	21	145	McCracken County, KY	2009	NA	31507	28746	2761	8.8
CN2114700000000	21	147	McCreary County, KY	2009	NA	5861	5040	821	14
CN2114900000000	21	149	McLean County, KY	2009	NA	4561	4084	477	10.5
CN2115100000000	21	151	Madison County, KY	2009	NA	43187	39256	3931	9.1
CN2115300000000	21	153	Magoffin County, KY	2009	NA	4473	3649	824	18.4
CN2115500000000	21	155	Marion County, KY	2009	NA	10166	8823	1343	13.2
CN2115700000000	21	157	Marshall County, KY	2009	NA	14669	13119	1550	10.6
CN2115900000000	21	159	Martin County, KY	2009	NA	3818	3386	432	11.3
CN2116100000000	21	161	Mason County, KY	2009	NA	8824	7869	955	10.8
CN2116300000000	21	163	Meade County, KY	2009	NA	11493	10014	1479	12.9
CN2116500000000	21	165	Menifee County, KY	2009	NA	2602	2174	428	16.4
CN2116700000000	21	167	Mercer County, KY	2009	NA	10450	9266	1184	11.3
CN2116900000000	21	169	Metcalfe County, KY	2009	NA	4390	3704	686	15.6
CN2117100000000	21	171	Monroe County, KY	2009	NA	4751	4092	659	13.9
CN2117300000000	21	173	Montgomery County, KY	2009	NA	12464	10918	1546	12.4
CN2117500000000	21	175	Morgan County, KY	2009	NA	5100	4405	695	13.6
CN2117700000000	21	177	Muhlenberg County, KY	2009	NA	13842	12350	1492	10.8
CN2117900000000	21	179	Nelson County, KY	2009	NA	22133	19398	2735	12.4
CN2118100000000	21	181	Nicholas County, KY	2009	NA	3157	2773	384	12.2
CN2118300000000	21	183	Ohio County, KY	2009	NA	12672	11442	1230	9.7
CN2118500000000	21	185	Oldham County, KY	2009	NA	28068	25726	2342	8.3
CN2118700000000	21	187	Owen County, KY	2009	NA	5537	4996	541	9.8
CN2118900000000	21	189	Owsley County, KY	2009	NA	1576	1411	165	10.5
CN2119100000000	21	191	Pendleton County, KY	2009	NA	7308	6407	901	12.3
CN2119300000000	21	193	Perry County, KY	2009	NA	11640	10396	1244	10.7
CN2119500000000	21	195	Pike County, KY	2009	NA	26346	23811	2535	9.6
CN2119700000000	21	197	Powell County, KY	2009	NA	5749	4856	893	15.5
CN2119900000000	21	199	Pulaski County, KY	2009	NA	27808	24931	2877	10.3
CN2120100000000	21	201	Robertson County, KY	2009	NA	1068	962	106	9.9
CN2120300000000	21	203	Rockcastle County, KY	2009	NA	7256	6296	960	13.2
CN2120500000000	21	205	Rowan County, KY	2009	NA	12481	11344	1137	9.1
CN2120700000000	21	207	Russell County, KY	2009	NA	8413	7404	1009	12
CN2120900000000	21	209	Scott County, KY	2009	NA	22942	20731	2211	9.6
CN2121100000000	21	211	Shelby County, KY	2009	NA	21942	19886	2056	9.4
CN2121300000000	21	213	Simpson County, KY	2009	NA	9235	8043	1192	12.9
CN2121500000000	21	215	Spencer County, KY	2009	NA	9297	8339	958	10.3
CN2121700000000	21	217	Taylor County, KY	2009	NA	13762	12325	1437	10.4
CN2121900000000	21	219	Todd County, KY	2009	NA	5331	4694	637	11.9
CN2122100000000	21	221	Trigg County, KY	2009	NA	6457	5460	997	15.4
CN2122300000000	21	223	Trimble County, KY	2009	NA	4355	3845	510	11.7
CN2122500000000	21	225	Union County, KY	2009	NA	7859	6967	892	11.4
CN2122700000000	21	227	Warren County, KY	2009	NA	58570	52766	5804	9.9
CN2122900000000	21	229	Washington County, KY	2009	NA	5411	4709	702	13
CN2123100000000	21	231	Wayne County, KY	2009	NA	8538	7364	1174	13.8
CN2123300000000	21	233	Webster County, KY	2009	NA	6454	5835	619	9.6
CN2123500000000	21	235	Whitley County, KY	2009	NA	15660	13894	1766	11.3
CN2123700000000	21	237	Wolfe County, KY	2009	NA	2388	2067	321	13.4
CN2123900000000	21	239	Woodford County, KY	2009	NA	12984	11916	1068	8.2
CN2200100000000	22	001	Acadia Parish, LA	2009	NA	26174	24485	1689	6.5
CN2200300000000	22	003	Allen Parish, LA	2009	NA	9092	8240	852	9.4
CN2200500000000	22	005	Ascension Parish, LA	2009	NA	51521	48463	3058	5.9
CN2200700000000	22	007	Assumption Parish, LA	2009	NA	10437	9598	839	8
CN2200900000000	22	009	Avoyelles Parish, LA	2009	NA	16420	15188	1232	7.5
CN2201100000000	22	011	Beauregard Parish, LA	2009	NA	14372	13239	1133	7.9
CN2201300000000	22	013	Bienville Parish, LA	2009	NA	6263	5663	600	9.6
CN2201500000000	22	015	Bossier Parish, LA	2009	NA	53948	50699	3249	6
CN2201700000000	22	017	Caddo Parish, LA	2009	NA	118906	109753	9153	7.7
CN2201900000000	22	019	Calcasieu Parish, LA	2009	NA	92017	86222	5795	6.3
CN2202100000000	22	021	Caldwell Parish, LA	2009	NA	4601	4162	439	9.5
CN2202300000000	22	023	Cameron Parish, LA	2009	NA	3113	2930	183	5.9
CN2202500000000	22	025	Catahoula Parish, LA	2009	NA	4262	3829	433	10.2
CN2202700000000	22	027	Claiborne Parish, LA	2009	NA	6642	6020	622	9.4
CN2202900000000	22	029	Concordia Parish, LA	2009	NA	7483	6654	829	11.1
CN2203100000000	22	031	De Soto Parish, LA	2009	NA	11452	10482	970	8.5
CN2203300000000	22	033	East Baton Rouge Parish, LA	2009	NA	217988	204476	13512	6.2
CN2203500000000	22	035	East Carroll Parish, LA	2009	NA	2976	2588	388	13
CN2203700000000	22	037	East Feliciana Parish, LA	2009	NA	8105	7521	584	7.2
CN2203900000000	22	039	Evangeline Parish, LA	2009	NA	12714	11711	1003	7.9
CN2204100000000	22	041	Franklin Parish, LA	2009	NA	7791	6953	838	10.8
CN2204300000000	22	043	Grant Parish, LA	2009	NA	8824	8135	689	7.8
CN2204500000000	22	045	Iberia Parish, LA	2009	NA	34245	31889	2356	6.9
CN2204700000000	22	047	Iberville Parish, LA	2009	NA	12429	11251	1178	9.5
CN2204900000000	22	049	Jackson Parish, LA	2009	NA	6514	6015	499	7.7
CN2205100000000	22	051	Jefferson Parish, LA	2009	NA	211151	197827	13324	6.3
CN2205300000000	22	053	Jefferson Davis Parish, LA	2009	NA	14684	13832	852	5.8
CN2205500000000	22	055	Lafayette Parish, LA	2009	NA	111996	106294	5702	5.1
CN2205700000000	22	057	Lafourche Parish, LA	2009	NA	48459	46247	2212	4.6
CN2205900000000	22	059	LaSalle Parish, LA	2009	NA	6418	5979	439	6.8
CN2206100000000	22	061	Lincoln Parish, LA	2009	NA	19299	17863	1436	7.4
CN2206300000000	22	063	Livingston Parish, LA	2009	NA	58952	55356	3596	6.1
CN2206500000000	22	065	Madison Parish, LA	2009	NA	4679	4237	442	9.4
CN2206700000000	22	067	Morehouse Parish, LA	2009	NA	11559	9886	1673	14.5
CN2206900000000	22	069	Natchitoches Parish, LA	2009	NA	17347	15944	1403	8.1
CN2207100000000	22	071	Orleans Parish, LA	2009	NA	145831	134275	11556	7.9
CN2207300000000	22	073	Ouachita Parish, LA	2009	NA	71098	66155	4943	7
CN2207500000000	22	075	Plaquemines Parish, LA	2009	NA	7974	7456	518	6.5
CN2207700000000	22	077	Pointe Coupee Parish, LA	2009	NA	9516	8856	660	6.9
CN2207900000000	22	079	Rapides Parish, LA	2009	NA	60738	56864	3874	6.4
CN2208100000000	22	081	Red River Parish, LA	2009	NA	3517	3182	335	9.5
CN2208300000000	22	083	Richland Parish, LA	2009	NA	8906	8038	868	9.7
CN2208500000000	22	085	Sabine Parish, LA	2009	NA	9452	8683	769	8.1
CN2208700000000	22	087	St. Bernard Parish, LA	2009	NA	18076	16950	1126	6.2
CN2208900000000	22	089	St. Charles Parish, LA	2009	NA	23740	22192	1548	6.5
CN2209100000000	22	091	St. Helena Parish, LA	2009	NA	4232	3773	459	10.8
CN2209300000000	22	093	St. James Parish, LA	2009	NA	9335	8470	865	9.3
CN2209500000000	22	095	St. John the Baptist Parish, LA	2009	NA	20455	18691	1764	8.6
CN2209700000000	22	097	St. Landry Parish, LA	2009	NA	38089	35268	2821	7.4
CN2209900000000	22	099	St. Martin Parish, LA	2009	NA	23819	22252	1567	6.6
CN2210100000000	22	101	St. Mary Parish, LA	2009	NA	23070	21326	1744	7.6
CN2210300000000	22	103	St. Tammany Parish, LA	2009	NA	107777	101926	5851	5.4
CN2210500000000	22	105	Tangipahoa Parish, LA	2009	NA	52708	48680	4028	7.6
CN2210700000000	22	107	Tensas Parish, LA	2009	NA	2051	1804	247	12
CN2210900000000	22	109	Terrebonne Parish, LA	2009	NA	54316	51695	2621	4.8
CN2211100000000	22	111	Union Parish, LA	2009	NA	10301	9205	1096	10.6
CN2211300000000	22	113	Vermilion Parish, LA	2009	NA	24638	23018	1620	6.6
CN2211500000000	22	115	Vernon Parish, LA	2009	NA	20574	19195	1379	6.7
CN2211700000000	22	117	Washington Parish, LA	2009	NA	15715	14334	1381	8.8
CN2211900000000	22	119	Webster Parish, LA	2009	NA	19627	17928	1699	8.7
CN2212100000000	22	121	West Baton Rouge Parish, LA	2009	NA	10650	9937	713	6.7
CN2212300000000	22	123	West Carroll Parish, LA	2009	NA	4491	3760	731	16.3
CN2212500000000	22	125	West Feliciana Parish, LA	2009	NA	4743	4387	356	7.5
CN2212700000000	22	127	Winn Parish, LA	2009	NA	6504	5959	545	8.4
CN2300100000000	23	001	Androscoggin County, ME	2009	NA	57854	52990	4864	8.4
CN2300300000000	23	003	Aroostook County, ME	2009	NA	34534	31175	3359	9.7
CN2300500000000	23	005	Cumberland County, ME	2009	NA	156176	146081	10095	6.5
CN2300700000000	23	007	Franklin County, ME	2009	NA	14375	12877	1498	10.4
CN2300900000000	23	009	Hancock County, ME	2009	NA	29339	26796	2543	8.7
CN2301100000000	23	011	Kennebec County, ME	2009	NA	63115	58337	4778	7.6
CN2301300000000	23	013	Knox County, ME	2009	NA	20559	18936	1623	7.9
CN2301500000000	23	015	Lincoln County, ME	2009	NA	17918	16561	1357	7.6
CN2301700000000	23	017	Oxford County, ME	2009	NA	28053	25049	3004	10.7
CN2301900000000	23	019	Penobscot County, ME	2009	NA	78535	72099	6436	8.2
CN2302100000000	23	021	Piscataquis County, ME	2009	NA	7376	6474	902	12.2
CN2302300000000	23	023	Sagadahoc County, ME	2009	NA	18686	17355	1331	7.1
CN2302500000000	23	025	Somerset County, ME	2009	NA	24650	21952	2698	10.9
CN2302700000000	23	027	Waldo County, ME	2009	NA	19025	17338	1687	8.9
CN2302900000000	23	029	Washington County, ME	2009	NA	14393	12808	1585	11
CN2303100000000	23	031	York County, ME	2009	NA	111656	103107	8549	7.7
CN2400100000000	24	001	Allegany County, MD	2009	NA	36201	33120	3081	8.5
CN2400300000000	24	003	Anne Arundel County, MD	2009	NA	286650	268409	18241	6.4
CN2400500000000	24	005	Baltimore County, MD	2009	NA	432708	400615	32093	7.4
CN2400900000000	24	009	Calvert County, MD	2009	NA	48935	46072	2863	5.9
CN2401100000000	24	011	Caroline County, MD	2009	NA	16438	14959	1479	9
CN2401300000000	24	013	Carroll County, MD	2009	NA	95197	89095	6102	6.4
CN2401500000000	24	015	Cecil County, MD	2009	NA	51045	46415	4630	9.1
CN2401700000000	24	017	Charles County, MD	2009	NA	78070	73500	4570	5.9
CN2401900000000	24	019	Dorchester County, MD	2009	NA	16870	15073	1797	10.7
CN2402100000000	24	021	Frederick County, MD	2009	NA	124142	116345	7797	6.3
CN2402300000000	24	023	Garrett County, MD	2009	NA	16815	15510	1305	7.8
CN2402500000000	24	025	Harford County, MD	2009	NA	134560	124971	9589	7.1
CN2402700000000	24	027	Howard County, MD	2009	NA	163780	155290	8490	5.2
CN2402900000000	24	029	Kent County, MD	2009	NA	10886	10061	825	7.6
CN2403100000000	24	031	Montgomery County, MD	2009	NA	522421	494565	27856	5.3
CN2403300000000	24	033	Prince George's County, MD	2009	NA	457576	425799	31777	6.9
CN2403500000000	24	035	Queen Anne's County, MD	2009	NA	27043	25239	1804	6.7
CN2403700000000	24	037	St. Mary's County, MD	2009	NA	53739	50736	3003	5.6
CN2403900000000	24	039	Somerset County, MD	2009	NA	11103	10053	1050	9.5
CN2404100000000	24	041	Talbot County, MD	2009	NA	18706	17352	1354	7.2
CN2404300000000	24	043	Washington County, MD	2009	NA	68286	61672	6614	9.7
CN2404500000000	24	045	Wicomico County, MD	2009	NA	52443	48067	4376	8.3
CN2404700000000	24	047	Worcester County, MD	2009	NA	27821	24785	3036	10.9
CN2451000000000	24	510	Baltimore city, MD	2009	NA	281265	252544	28721	10.2
CN2500100000000	25	001	Barnstable County, MA	2009	NA	122070	111852	10218	8.4
CN2500300000000	25	003	Berkshire County, MA	2009	NA	73086	67457	5629	7.7
CN2500500000000	25	005	Bristol County, MA	2009	NA	292640	261465	31175	10.7
CN2500700000000	25	007	Dukes County, MA	2009	NA	11334	10611	723	6.4
CN2500900000000	25	009	Essex County, MA	2009	NA	381088	348072	33016	8.7
CN2501100000000	25	011	Franklin County, MA	2009	NA	38913	35959	2954	7.6
CN2501300000000	25	013	Hampden County, MA	2009	NA	226900	205771	21129	9.3
CN2501500000000	25	015	Hampshire County, MA	2009	NA	87432	81795	5637	6.4
CN2501700000000	25	017	Middlesex County, MA	2009	NA	826709	769841	56868	6.9
CN2501900000000	25	019	Nantucket County/town, MA	2009	NA	7810	7283	527	6.7
CN2502100000000	25	021	Norfolk County, MA	2009	NA	358021	331869	26152	7.3
CN2502300000000	25	023	Plymouth County, MA	2009	NA	263807	241447	22360	8.5
CN2502500000000	25	025	Suffolk County, MA	2009	NA	374530	345580	28950	7.7
CN2502700000000	25	027	Worcester County, MA	2009	NA	406048	370006	36042	8.9
CN2600100000000	26	001	Alcona County, MI	2009	NA	4127	3351	776	18.8
CN2600300000000	26	003	Alger County, MI	2009	NA	4265	3682	583	13.7
CN2600500000000	26	005	Allegan County, MI	2009	NA	54382	47374	7008	12.9
CN2600700000000	26	007	Alpena County, MI	2009	NA	14931	12866	2065	13.8
CN2600900000000	26	009	Antrim County, MI	2009	NA	11514	9763	1751	15.2
CN2601100000000	26	011	Arenac County, MI	2009	NA	7916	6598	1318	16.6
CN2601300000000	26	013	Baraga County, MI	2009	NA	4497	3407	1090	24.2
CN2601500000000	26	015	Barry County, MI	2009	NA	28915	25916	2999	10.4
CN2601700000000	26	017	Bay County, MI	2009	NA	54876	48322	6554	11.9
CN2601900000000	26	019	Benzie County, MI	2009	NA	8724	7523	1201	13.8
CN2602100000000	26	021	Berrien County, MI	2009	NA	77826	67909	9917	12.7
CN2602300000000	26	023	Branch County, MI	2009	NA	21605	18550	3055	14.1
CN2602500000000	26	025	Calhoun County, MI	2009	NA	68573	60507	8066	11.8
CN2602700000000	26	027	Cass County, MI	2009	NA	25313	22438	2875	11.4
CN2602900000000	26	029	Charlevoix County, MI	2009	NA	13765	11734	2031	14.8
CN2603100000000	26	031	Cheboygan County, MI	2009	NA	11907	10260	1647	13.8
CN2603300000000	26	033	Chippewa County, MI	2009	NA	17191	15010	2181	12.7
CN2603500000000	26	035	Clare County, MI	2009	NA	12979	10827	2152	16.6
CN2603700000000	26	037	Clinton County, MI	2009	NA	37232	33718	3514	9.4
CN2603900000000	26	039	Crawford County, MI	2009	NA	6390	5527	863	13.5
CN2604100000000	26	041	Delta County, MI	2009	NA	19498	17108	2390	12.3
CN2604300000000	26	043	Dickinson County, MI	2009	NA	14291	12630	1661	11.6
CN2604500000000	26	045	Eaton County, MI	2009	NA	57934	51898	6036	10.4
CN2604700000000	26	047	Emmet County, MI	2009	NA	19586	16791	2795	14.3
CN2604900000000	26	049	Genesee County, MI	2009	NA	199418	169747	29671	14.9
CN2605100000000	26	051	Gladwin County, MI	2009	NA	10422	8699	1723	16.5
CN2605300000000	26	053	Gogebic County, MI	2009	NA	7493	6525	968	12.9
CN2605500000000	26	055	Grand Traverse County, MI	2009	NA	48509	42776	5733	11.8
CN2605700000000	26	057	Gratiot County, MI	2009	NA	19605	16866	2739	14
CN2605900000000	26	059	Hillsdale County, MI	2009	NA	20987	17345	3642	17.4
CN2606100000000	26	061	Houghton County, MI	2009	NA	17689	15776	1913	10.8
CN2606300000000	26	063	Huron County, MI	2009	NA	16186	13821	2365	14.6
CN2606500000000	26	065	Ingham County, MI	2009	NA	151927	134570	17357	11.4
CN2606700000000	26	067	Ionia County, MI	2009	NA	29284	25163	4121	14.1
CN2606900000000	26	069	Iosco County, MI	2009	NA	10589	8712	1877	17.7
CN2607100000000	26	071	Iron County, MI	2009	NA	5779	5081	698	12.1
CN2607300000000	26	073	Isabella County, MI	2009	NA	38315	34911	3404	8.9
CN2607500000000	26	075	Jackson County, MI	2009	NA	76509	66125	10384	13.6
CN2607700000000	26	077	Kalamazoo County, MI	2009	NA	133516	119922	13594	10.2
CN2607900000000	26	079	Kalkaska County, MI	2009	NA	8496	7272	1224	14.4
CN2608100000000	26	081	Kent County, MI	2009	NA	314423	279938	34485	11
CN2608300000000	26	083	Keweenaw County, MI	2009	NA	1130	970	160	14.2
CN2608500000000	26	085	Lake County, MI	2009	NA	4080	3400	680	16.7
CN2608700000000	26	087	Lapeer County, MI	2009	NA	43238	35718	7520	17.4
CN2608900000000	26	089	Leelanau County, MI	2009	NA	10943	9928	1015	9.3
CN2609100000000	26	091	Lenawee County, MI	2009	NA	48487	40951	7536	15.5
CN2609300000000	26	093	Livingston County, MI	2009	NA	91418	80499	10919	11.9
CN2609500000000	26	095	Luce County, MI	2009	NA	2723	2362	361	13.3
CN2609700000000	26	097	Mackinac County, MI	2009	NA	6185	5319	866	14
CN2609900000000	26	099	Macomb County, MI	2009	NA	416697	350776	65921	15.8
CN2610100000000	26	101	Manistee County, MI	2009	NA	11606	10102	1504	13
CN2610300000000	26	103	Marquette County, MI	2009	NA	36329	32554	3775	10.4
CN2610500000000	26	105	Mason County, MI	2009	NA	14812	12843	1969	13.3
CN2610700000000	26	107	Mecosta County, MI	2009	NA	20321	17706	2615	12.9
CN2610900000000	26	109	Menominee County, MI	2009	NA	13156	11594	1562	11.9
CN2611100000000	26	111	Midland County, MI	2009	NA	42860	38692	4168	9.7
CN2611300000000	26	113	Missaukee County, MI	2009	NA	6322	5338	984	15.6
CN2611500000000	26	115	Monroe County, MI	2009	NA	74736	63861	10875	14.6
CN2611700000000	26	117	Montcalm County, MI	2009	NA	26724	22280	4444	16.6
CN2611900000000	26	119	Montmorency County, MI	2009	NA	4008	3178	830	20.7
CN2612100000000	26	121	Muskegon County, MI	2009	NA	88315	75137	13178	14.9
CN2612300000000	26	123	Newaygo County, MI	2009	NA	22210	19120	3090	13.9
CN2612500000000	26	125	Oakland County, MI	2009	NA	606548	527731	78817	13
CN2612700000000	26	127	Oceana County, MI	2009	NA	14212	11923	2289	16.1
CN2612900000000	26	129	Ogemaw County, MI	2009	NA	9627	8325	1302	13.5
CN2613100000000	26	131	Ontonagon County, MI	2009	NA	3211	2705	506	15.8
CN2613300000000	26	133	Osceola County, MI	2009	NA	9546	8090	1456	15.3
CN2613500000000	26	135	Oscoda County, MI	2009	NA	3757	2958	799	21.3
CN2613700000000	26	137	Otsego County, MI	2009	NA	11993	10235	1758	14.7
CN2613900000000	26	139	Ottawa County, MI	2009	NA	131050	114716	16334	12.5
CN2614100000000	26	141	Presque Isle County, MI	2009	NA	6043	4911	1132	18.7
CN2614300000000	26	143	Roscommon County, MI	2009	NA	10053	8536	1517	15.1
CN2614500000000	26	145	Saginaw County, MI	2009	NA	94536	82693	11843	12.5
CN2614700000000	26	147	St. Clair County, MI	2009	NA	82253	67684	14569	17.7
CN2614900000000	26	149	St. Joseph County, MI	2009	NA	28889	24635	4254	14.7
CN2615100000000	26	151	Sanilac County, MI	2009	NA	21027	17345	3682	17.5
CN2615300000000	26	153	Schoolcraft County, MI	2009	NA	3929	3357	572	14.6
CN2615500000000	26	155	Shiawassee County, MI	2009	NA	35395	30129	5266	14.9
CN2615700000000	26	157	Tuscola County, MI	2009	NA	28025	23575	4450	15.9
CN2615900000000	26	159	Van Buren County, MI	2009	NA	39965	34862	5103	12.8
CN2616100000000	26	161	Washtenaw County, MI	2009	NA	185329	169338	15991	8.6
CN2616300000000	26	163	Wayne County, MI	2009	NA	869996	728832	141164	16.2
CN2616500000000	26	165	Wexford County, MI	2009	NA	14482	11938	2544	17.6
CN2700100000000	27	001	Aitkin County, MN	2009	NA	7718	6926	792	10.3
CN2700300000000	27	003	Anoka County, MN	2009	NA	190905	174945	15960	8.4
CN2700500000000	27	005	Becker County, MN	2009	NA	17277	15798	1479	8.6
CN2700700000000	27	007	Beltrami County, MN	2009	NA	21699	19826	1873	8.6
CN2700900000000	27	009	Benton County, MN	2009	NA	23241	21277	1964	8.5
CN2701100000000	27	011	Big Stone County, MN	2009	NA	2944	2775	169	5.7
CN2701300000000	27	013	Blue Earth County, MN	2009	NA	37819	35390	2429	6.4
CN2701500000000	27	015	Brown County, MN	2009	NA	15063	13964	1099	7.3
CN2701700000000	27	017	Carlton County, MN	2009	NA	17566	16079	1487	8.5
CN2701900000000	27	019	Carver County, MN	2009	NA	50924	47236	3688	7.2
CN2702100000000	27	021	Cass County, MN	2009	NA	14136	12636	1500	10.6
CN2702300000000	27	023	Chippewa County, MN	2009	NA	7298	6733	565	7.7
CN2702500000000	27	025	Chisago County, MN	2009	NA	27459	24739	2720	9.9
CN2702700000000	27	027	Clay County, MN	2009	NA	32769	31199	1570	4.8
CN2702900000000	27	029	Clearwater County, MN	2009	NA	4223	3604	619	14.7
CN2703100000000	27	031	Cook County, MN	2009	NA	3116	2898	218	7
CN2703300000000	27	033	Cottonwood County, MN	2009	NA	6477	6070	407	6.3
CN2703500000000	27	035	Crow Wing County, MN	2009	NA	33408	30187	3221	9.6
CN2703700000000	27	037	Dakota County, MN	2009	NA	229412	212895	16517	7.2
CN2703900000000	27	039	Dodge County, MN	2009	NA	11131	10310	821	7.4
CN2704100000000	27	041	Douglas County, MN	2009	NA	20767	19387	1380	6.6
CN2704300000000	27	043	Faribault County, MN	2009	NA	7712	7005	707	9.2
CN2704500000000	27	045	Fillmore County, MN	2009	NA	11270	10359	911	8.1
CN2704700000000	27	047	Freeborn County, MN	2009	NA	16527	15136	1391	8.4
CN2704900000000	27	049	Goodhue County, MN	2009	NA	25723	23763	1960	7.6
CN2705100000000	27	051	Grant County, MN	2009	NA	3174	2909	265	8.3
CN2705300000000	27	053	Hennepin County, MN	2009	NA	656192	608540	47652	7.3
CN2705500000000	27	055	Houston County, MN	2009	NA	11009	10134	875	7.9
CN2705700000000	27	057	Hubbard County, MN	2009	NA	9570	8618	952	9.9
CN2705900000000	27	059	Isanti County, MN	2009	NA	21853	19658	2195	10
CN2706100000000	27	061	Itasca County, MN	2009	NA	22885	20422	2463	10.8
CN2706300000000	27	063	Jackson County, MN	2009	NA	6976	6598	378	5.4
CN2706500000000	27	065	Kanabec County, MN	2009	NA	8115	7056	1059	13
CN2706700000000	27	067	Kandiyohi County, MN	2009	NA	23968	22368	1600	6.7
CN2706900000000	27	069	Kittson County, MN	2009	NA	2523	2342	181	7.2
CN2707100000000	27	071	Koochiching County, MN	2009	NA	6679	6050	629	9.4
CN2707300000000	27	073	Lac qui Parle County, MN	2009	NA	4333	4069	264	6.1
CN2707500000000	27	075	Lake County, MN	2009	NA	6195	5634	561	9.1
CN2707700000000	27	077	Lake of the Woods County, MN	2009	NA	2273	2101	172	7.6
CN2707900000000	27	079	Le Sueur County, MN	2009	NA	14427	12899	1528	10.6
CN2708100000000	27	081	Lincoln County, MN	2009	NA	3376	3180	196	5.8
CN2708300000000	27	083	Lyon County, MN	2009	NA	14762	13907	855	5.8
CN2708500000000	27	085	McLeod County, MN	2009	NA	20157	18242	1915	9.5
CN2708700000000	27	087	Mahnomen County, MN	2009	NA	2437	2248	189	7.8
CN2708900000000	27	089	Marshall County, MN	2009	NA	5350	4827	523	9.8
CN2709100000000	27	091	Martin County, MN	2009	NA	11690	10816	874	7.5
CN2709300000000	27	093	Meeker County, MN	2009	NA	12551	11354	1197	9.5
CN2709500000000	27	095	Mille Lacs County, MN	2009	NA	12423	10866	1557	12.5
CN2709700000000	27	097	Morrison County, MN	2009	NA	18341	16321	2020	11
CN2709900000000	27	099	Mower County, MN	2009	NA	21020	19709	1311	6.2
CN2710100000000	27	101	Murray County, MN	2009	NA	5755	5429	326	5.7
CN2710300000000	27	103	Nicollet County, MN	2009	NA	19951	18704	1247	6.3
CN2710500000000	27	105	Nobles County, MN	2009	NA	11615	11009	606	5.2
CN2710700000000	27	107	Norman County, MN	2009	NA	3596	3366	230	6.4
CN2710900000000	27	109	Olmsted County, MN	2009	NA	81545	76566	4979	6.1
CN2711100000000	27	111	Otter Tail County, MN	2009	NA	30228	27822	2406	8
CN2711300000000	27	113	Pennington County, MN	2009	NA	8975	8184	791	8.8
CN2711500000000	27	115	Pine County, MN	2009	NA	14543	12919	1624	11.2
CN2711700000000	27	117	Pipestone County, MN	2009	NA	5578	5225	353	6.3
CN2711900000000	27	119	Polk County, MN	2009	NA	17149	16141	1008	5.9
CN2712100000000	27	121	Pope County, MN	2009	NA	6249	5805	444	7.1
CN2712300000000	27	123	Ramsey County, MN	2009	NA	270603	250001	20602	7.6
CN2712500000000	27	125	Red Lake County, MN	2009	NA	2432	2187	245	10.1
CN2712700000000	27	127	Redwood County, MN	2009	NA	8438	7870	568	6.7
CN2712900000000	27	129	Renville County, MN	2009	NA	8771	8083	688	7.8
CN2713100000000	27	131	Rice County, MN	2009	NA	33630	30775	2855	8.5
CN2713300000000	27	133	Rock County, MN	2009	NA	5052	4784	268	5.3
CN2713500000000	27	135	Roseau County, MN	2009	NA	9533	8809	724	7.6
CN2713700000000	27	137	St. Louis County, MN	2009	NA	105614	95965	9649	9.1
CN2713900000000	27	139	Scott County, MN	2009	NA	74949	69500	5449	7.3
CN2714100000000	27	141	Sherburne County, MN	2009	NA	49293	44821	4472	9.1
CN2714300000000	27	143	Sibley County, MN	2009	NA	8892	8193	699	7.9
CN2714500000000	27	145	Stearns County, MN	2009	NA	84273	77734	6539	7.8
CN2714700000000	27	147	Steele County, MN	2009	NA	20813	19025	1788	8.6
CN2714900000000	27	149	Stevens County, MN	2009	NA	5630	5329	301	5.3
CN2715100000000	27	151	Swift County, MN	2009	NA	5507	5113	394	7.2
CN2715300000000	27	153	Todd County, MN	2009	NA	12534	11417	1117	8.9
CN2715500000000	27	155	Traverse County, MN	2009	NA	1791	1672	119	6.6
CN2715700000000	27	157	Wabasha County, MN	2009	NA	12261	11329	932	7.6
CN2715900000000	27	159	Wadena County, MN	2009	NA	6559	5845	714	10.9
CN2716100000000	27	161	Waseca County, MN	2009	NA	10492	9633	859	8.2
CN2716300000000	27	163	Washington County, MN	2009	NA	128886	119550	9336	7.2
CN2716500000000	27	165	Watonwan County, MN	2009	NA	5585	5092	493	8.8
CN2716700000000	27	167	Wilkin County, MN	2009	NA	3544	3354	190	5.4
CN2716900000000	27	169	Winona County, MN	2009	NA	28884	26673	2211	7.7
CN2717100000000	27	171	Wright County, MN	2009	NA	68094	62001	6093	8.9
CN2717300000000	27	173	Yellow Medicine County, MN	2009	NA	5874	5497	377	6.4
CN2800100000000	28	001	Adams County, MS	2009	NA	12807	11637	1170	9.1
CN2800300000000	28	003	Alcorn County, MS	2009	NA	14874	13110	1764	11.9
CN2800500000000	28	005	Amite County, MS	2009	NA	4950	4423	527	10.6
CN2800700000000	28	007	Attala County, MS	2009	NA	6937	6011	926	13.3
CN2800900000000	28	009	Benton County, MS	2009	NA	2788	2393	395	14.2
CN2801100000000	28	011	Bolivar County, MS	2009	NA	14740	13176	1564	10.6
CN2801300000000	28	013	Calhoun County, MS	2009	NA	5864	5214	650	11.1
CN2801500000000	28	015	Carroll County, MS	2009	NA	4740	4231	509	10.7
CN2801700000000	28	017	Chickasaw County, MS	2009	NA	7103	6161	942	13.3
CN2801900000000	28	019	Choctaw County, MS	2009	NA	3329	2923	406	12.2
CN2802100000000	28	021	Claiborne County, MS	2009	NA	3673	3100	573	15.6
CN2802300000000	28	023	Clarke County, MS	2009	NA	6687	5944	743	11.1
CN2802500000000	28	025	Clay County, MS	2009	NA	7146	5878	1268	17.7
CN2802700000000	28	027	Coahoma County, MS	2009	NA	9915	8715	1200	12.1
CN2802900000000	28	029	Copiah County, MS	2009	NA	11726	10531	1195	10.2
CN2803100000000	28	031	Covington County, MS	2009	NA	8589	7882	707	8.2
CN2803300000000	28	033	DeSoto County, MS	2009	NA	76330	70891	5439	7.1
CN2803500000000	28	035	Forrest County, MS	2009	NA	36321	33475	2846	7.8
CN2803700000000	28	037	Franklin County, MS	2009	NA	2996	2663	333	11.1
CN2803900000000	28	039	George County, MS	2009	NA	9384	8443	941	10
CN2804100000000	28	041	Greene County, MS	2009	NA	4829	4270	559	11.6
CN2804300000000	28	043	Grenada County, MS	2009	NA	8948	7850	1098	12.3
CN2804500000000	28	045	Hancock County, MS	2009	NA	18096	16651	1445	8
CN2804700000000	28	047	Harrison County, MS	2009	NA	84779	78275	6504	7.7
CN2804900000000	28	049	Hinds County, MS	2009	NA	113528	104170	9358	8.2
CN2805100000000	28	051	Holmes County, MS	2009	NA	6956	5621	1335	19.2
CN2805300000000	28	053	Humphreys County, MS	2009	NA	4155	3632	523	12.6
CN2805500000000	28	055	Issaquena County, MS	2009	NA	662	586	76	11.5
CN2805700000000	28	057	Itawamba County, MS	2009	NA	9596	8490	1106	11.5
CN2805900000000	28	059	Jackson County, MS	2009	NA	60589	55581	5008	8.3
CN2806100000000	28	061	Jasper County, MS	2009	NA	7102	6347	755	10.6
CN2806300000000	28	063	Jefferson County, MS	2009	NA	2802	2335	467	16.7
CN2806500000000	28	065	Jefferson Davis County, MS	2009	NA	5133	4597	536	10.4
CN2806700000000	28	067	Jones County, MS	2009	NA	29509	27313	2196	7.4
CN2806900000000	28	069	Kemper County, MS	2009	NA	3863	3377	486	12.6
CN2807100000000	28	071	Lafayette County, MS	2009	NA	21475	19763	1712	8
CN2807300000000	28	073	Lamar County, MS	2009	NA	23539	21967	1572	6.7
CN2807500000000	28	075	Lauderdale County, MS	2009	NA	32362	29297	3065	9.5
CN2807700000000	28	077	Lawrence County, MS	2009	NA	5127	4556	571	11.1
CN2807900000000	28	079	Leake County, MS	2009	NA	8438	7660	778	9.2
CN2808100000000	28	081	Lee County, MS	2009	NA	36729	32864	3865	10.5
CN2808300000000	28	083	Leflore County, MS	2009	NA	12997	11366	1631	12.5
CN2808500000000	28	085	Lincoln County, MS	2009	NA	13590	12196	1394	10.3
CN2808700000000	28	087	Lowndes County, MS	2009	NA	24998	22351	2647	10.6
CN2808900000000	28	089	Madison County, MS	2009	NA	45519	42394	3125	6.9
CN2809100000000	28	091	Marion County, MS	2009	NA	10288	9241	1047	10.2
CN2809300000000	28	093	Marshall County, MS	2009	NA	14707	12972	1735	11.8
CN2809500000000	28	095	Monroe County, MS	2009	NA	15489	13352	2137	13.8
CN2809700000000	28	097	Montgomery County, MS	2009	NA	4503	3876	627	13.9
CN2809900000000	28	099	Neshoba County, MS	2009	NA	13338	12104	1234	9.3
CN2810100000000	28	101	Newton County, MS	2009	NA	9037	8206	831	9.2
CN2810300000000	28	103	Noxubee County, MS	2009	NA	3681	2998	683	18.6
CN2810500000000	28	105	Oktibbeha County, MS	2009	NA	19844	18103	1741	8.8
CN2810700000000	28	107	Panola County, MS	2009	NA	14540	12761	1779	12.2
CN2810900000000	28	109	Pearl River County, MS	2009	NA	20920	19030	1890	9
CN2811100000000	28	111	Perry County, MS	2009	NA	4847	4326	521	10.7
CN2811300000000	28	113	Pike County, MS	2009	NA	15026	13507	1519	10.1
CN2811500000000	28	115	Pontotoc County, MS	2009	NA	12703	11406	1297	10.2
CN2811700000000	28	117	Prentiss County, MS	2009	NA	10818	9424	1394	12.9
CN2811900000000	28	119	Quitman County, MS	2009	NA	3431	3006	425	12.4
CN2812100000000	28	121	Rankin County, MS	2009	NA	72616	68249	4367	6
CN2812300000000	28	123	Scott County, MS	2009	NA	13412	12472	940	7
CN2812500000000	28	125	Sharkey County, MS	2009	NA	2381	2124	257	10.8
CN2812700000000	28	127	Simpson County, MS	2009	NA	11290	10321	969	8.6
CN2812900000000	28	129	Smith County, MS	2009	NA	6282	5708	574	9.1
CN2813100000000	28	131	Stone County, MS	2009	NA	7756	7140	616	7.9
CN2813300000000	28	133	Sunflower County, MS	2009	NA	10258	8951	1307	12.7
CN2813500000000	28	135	Tallahatchie County, MS	2009	NA	5870	5212	658	11.2
CN2813700000000	28	137	Tate County, MS	2009	NA	11448	10222	1226	10.7
CN2813900000000	28	139	Tippah County, MS	2009	NA	8334	7106	1228	14.7
CN2814100000000	28	141	Tishomingo County, MS	2009	NA	7548	6603	945	12.5
CN2814300000000	28	143	Tunica County, MS	2009	NA	4275	3653	622	14.5
CN2814500000000	28	145	Union County, MS	2009	NA	11544	10347	1197	10.4
CN2814700000000	28	147	Walthall County, MS	2009	NA	5595	4961	634	11.3
CN2814900000000	28	149	Warren County, MS	2009	NA	21410	19310	2100	9.8
CN2815100000000	28	151	Washington County, MS	2009	NA	21400	18491	2909	13.6
CN2815300000000	28	153	Wayne County, MS	2009	NA	8134	7256	878	10.8
CN2815500000000	28	155	Webster County, MS	2009	NA	3402	2935	467	13.7
CN2815700000000	28	157	Wilkinson County, MS	2009	NA	3875	3457	418	10.8
CN2815900000000	28	159	Winston County, MS	2009	NA	7611	6331	1280	16.8
CN2816100000000	28	161	Yalobusha County, MS	2009	NA	5441	4672	769	14.1
CN2816300000000	28	163	Yazoo County, MS	2009	NA	9952	8791	1161	11.7
CN2900100000000	29	001	Adair County, MO	2009	NA	13601	12704	897	6.6
CN2900300000000	29	003	Andrew County, MO	2009	NA	10161	9379	782	7.7
CN2900500000000	29	005	Atchison County, MO	2009	NA	3232	2995	237	7.3
CN2900700000000	29	007	Audrain County, MO	2009	NA	12164	11029	1135	9.3
CN2900900000000	29	009	Barry County, MO	2009	NA	17376	15948	1428	8.2
CN2901100000000	29	011	Barton County, MO	2009	NA	5244	4685	559	10.7
CN2901300000000	29	013	Bates County, MO	2009	NA	7549	6745	804	10.7
CN2901500000000	29	015	Benton County, MO	2009	NA	8285	7461	824	9.9
CN2901700000000	29	017	Bollinger County, MO	2009	NA	5594	5019	575	10.3
CN2901900000000	29	019	Boone County, MO	2009	NA	88081	82526	5555	6.3
CN2902100000000	29	021	Buchanan County, MO	2009	NA	49582	45372	4210	8.5
CN2902300000000	29	023	Butler County, MO	2009	NA	21496	19762	1734	8.1
CN2902500000000	29	025	Caldwell County, MO	2009	NA	4165	3759	406	9.7
CN2902700000000	29	027	Callaway County, MO	2009	NA	22887	21041	1846	8.1
CN2902900000000	29	029	Camden County, MO	2009	NA	22086	19946	2140	9.7
CN2903100000000	29	031	Cape Girardeau County, MO	2009	NA	38723	35906	2817	7.3
CN2903300000000	29	033	Carroll County, MO	2009	NA	5091	4561	530	10.4
CN2903500000000	29	035	Carter County, MO	2009	NA	3103	2800	303	9.8
CN2903700000000	29	037	Cass County, MO	2009	NA	50103	45313	4790	9.6
CN2903900000000	29	039	Cedar County, MO	2009	NA	6307	5731	576	9.1
CN2904100000000	29	041	Chariton County, MO	2009	NA	4044	3649	395	9.8
CN2904300000000	29	043	Christian County, MO	2009	NA	40626	37287	3339	8.2
CN2904500000000	29	045	Clark County, MO	2009	NA	3578	3149	429	12
CN2904700000000	29	047	Clay County, MO	2009	NA	120656	110505	10151	8.4
CN2904900000000	29	049	Clinton County, MO	2009	NA	10121	9128	993	9.8
CN2905100000000	29	051	Cole County, MO	2009	NA	40515	37754	2761	6.8
CN2905300000000	29	053	Cooper County, MO	2009	NA	9105	8296	809	8.9
CN2905500000000	29	055	Crawford County, MO	2009	NA	12221	10877	1344	11
CN2905700000000	29	057	Dade County, MO	2009	NA	3564	3248	316	8.9
CN2905900000000	29	059	Dallas County, MO	2009	NA	7309	6459	850	11.6
CN2906100000000	29	061	Daviess County, MO	2009	NA	3874	3529	345	8.9
CN2906300000000	29	063	DeKalb County, MO	2009	NA	5163	4675	488	9.5
CN2906500000000	29	065	Dent County, MO	2009	NA	6830	6182	648	9.5
CN2906700000000	29	067	Douglas County, MO	2009	NA	6742	6145	597	8.9
CN2906900000000	29	069	Dunklin County, MO	2009	NA	14905	13307	1598	10.7
CN2907100000000	29	071	Franklin County, MO	2009	NA	53651	47196	6455	12
CN2907300000000	29	073	Gasconade County, MO	2009	NA	7991	7068	923	11.6
CN2907500000000	29	075	Gentry County, MO	2009	NA	3589	3362	227	6.3
CN2907700000000	29	077	Greene County, MO	2009	NA	139574	127872	11702	8.4
CN2907900000000	29	079	Grundy County, MO	2009	NA	4918	4541	377	7.7
CN2908100000000	29	081	Harrison County, MO	2009	NA	4614	4261	353	7.7
CN2908300000000	29	083	Henry County, MO	2009	NA	10958	9912	1046	9.5
CN2908500000000	29	085	Hickory County, MO	2009	NA	3512	3042	470	13.4
CN2908700000000	29	087	Holt County, MO	2009	NA	2786	2589	197	7.1
CN2908900000000	29	089	Howard County, MO	2009	NA	5109	4679	430	8.4
CN2909100000000	29	091	Howell County, MO	2009	NA	19838	17921	1917	9.7
CN2909300000000	29	093	Iron County, MO	2009	NA	5775	5265	510	8.8
CN2909500000000	29	095	Jackson County, MO	2009	NA	343945	308926	35019	10.2
CN2909700000000	29	097	Jasper County, MO	2009	NA	57882	53156	4726	8.2
CN2909900000000	29	099	Jefferson County, MO	2009	NA	117270	104862	12408	10.6
CN2910100000000	29	101	Johnson County, MO	2009	NA	26190	23976	2214	8.5
CN2910300000000	29	103	Knox County, MO	2009	NA	2343	2202	141	6
CN2910500000000	29	105	Laclede County, MO	2009	NA	16533	14465	2068	12.5
CN2910700000000	29	107	Lafayette County, MO	2009	NA	15872	14325	1547	9.7
CN2910900000000	29	109	Lawrence County, MO	2009	NA	19110	17522	1588	8.3
CN2911100000000	29	111	Lewis County, MO	2009	NA	5475	5022	453	8.3
CN2911300000000	29	113	Lincoln County, MO	2009	NA	27431	24186	3245	11.8
CN2911500000000	29	115	Linn County, MO	2009	NA	6635	6002	633	9.5
CN2911700000000	29	117	Livingston County, MO	2009	NA	7364	6795	569	7.7
CN2911900000000	29	119	McDonald County, MO	2009	NA	10656	9826	830	7.8
CN2912100000000	29	121	Macon County, MO	2009	NA	8213	7520	693	8.4
CN2912300000000	29	123	Madison County, MO	2009	NA	6269	5625	644	10.3
CN2912500000000	29	125	Maries County, MO	2009	NA	4824	4435	389	8.1
CN2912700000000	29	127	Marion County, MO	2009	NA	14946	13537	1409	9.4
CN2912900000000	29	129	Mercer County, MO	2009	NA	1760	1632	128	7.3
CN2913100000000	29	131	Miller County, MO	2009	NA	12812	11319	1493	11.7
CN2913300000000	29	133	Mississippi County, MO	2009	NA	6181	5645	536	8.7
CN2913500000000	29	135	Moniteau County, MO	2009	NA	7459	6850	609	8.2
CN2913700000000	29	137	Monroe County, MO	2009	NA	4232	3685	547	12.9
CN2913900000000	29	139	Montgomery County, MO	2009	NA	6109	5388	721	11.8
CN2914100000000	29	141	Morgan County, MO	2009	NA	9297	8129	1168	12.6
CN2914300000000	29	143	New Madrid County, MO	2009	NA	8478	7688	790	9.3
CN2914500000000	29	145	Newton County, MO	2009	NA	27751	25504	2247	8.1
CN2914700000000	29	147	Nodaway County, MO	2009	NA	12735	11923	812	6.4
CN2914900000000	29	149	Oregon County, MO	2009	NA	4664	4237	427	9.2
CN2915100000000	29	151	Osage County, MO	2009	NA	7332	6837	495	6.8
CN2915300000000	29	153	Ozark County, MO	2009	NA	4504	4138	366	8.1
CN2915500000000	29	155	Pemiscot County, MO	2009	NA	8517	7515	1002	11.8
CN2915700000000	29	157	Perry County, MO	2009	NA	10593	9846	747	7.1
CN2915900000000	29	159	Pettis County, MO	2009	NA	20720	18913	1807	8.7
CN2916100000000	29	161	Phelps County, MO	2009	NA	22039	20433	1606	7.3
CN2916300000000	29	163	Pike County, MO	2009	NA	9283	8440	843	9.1
CN2916500000000	29	165	Platte County, MO	2009	NA	49871	46031	3840	7.7
CN2916700000000	29	167	Polk County, MO	2009	NA	14171	12758	1413	10
CN2916900000000	29	169	Pulaski County, MO	2009	NA	20861	19370	1491	7.1
CN2917100000000	29	171	Putnam County, MO	2009	NA	2495	2313	182	7.3
CN2917300000000	29	173	Ralls County, MO	2009	NA	5602	5111	491	8.8
CN2917500000000	29	175	Randolph County, MO	2009	NA	13209	11806	1403	10.6
CN2917700000000	29	177	Ray County, MO	2009	NA	11069	9959	1110	10
CN2917900000000	29	179	Reynolds County, MO	2009	NA	2815	2447	368	13.1
CN2918100000000	29	181	Ripley County, MO	2009	NA	6771	6134	637	9.4
CN2918300000000	29	183	St. Charles County, MO	2009	NA	196052	179357	16695	8.5
CN2918500000000	29	185	St. Clair County, MO	2009	NA	4248	3832	416	9.8
CN2918600000000	29	186	Ste. Genevieve County, MO	2009	NA	10107	9157	950	9.4
CN2918700000000	29	187	St. Francois County, MO	2009	NA	30517	27156	3361	11
CN2918900000000	29	189	St. Louis County, MO	2009	NA	514851	468644	46207	9
CN2919500000000	29	195	Saline County, MO	2009	NA	11858	10935	923	7.8
CN2919700000000	29	197	Schuyler County, MO	2009	NA	2171	1998	173	8
CN2919900000000	29	199	Scotland County, MO	2009	NA	2494	2296	198	7.9
CN2920100000000	29	201	Scott County, MO	2009	NA	20414	18603	1811	8.9
CN2920300000000	29	203	Shannon County, MO	2009	NA	3753	3297	456	12.2
CN2920500000000	29	205	Shelby County, MO	2009	NA	3303	3011	292	8.8
CN2920700000000	29	207	Stoddard County, MO	2009	NA	15183	13735	1448	9.5
CN2920900000000	29	209	Stone County, MO	2009	NA	16074	14137	1937	12.1
CN2921100000000	29	211	Sullivan County, MO	2009	NA	3625	3380	245	6.8
CN2921300000000	29	213	Taney County, MO	2009	NA	28222	24836	3386	12
CN2921500000000	29	215	Texas County, MO	2009	NA	11160	10133	1027	9.2
CN2921700000000	29	217	Vernon County, MO	2009	NA	9358	8626	732	7.8
CN2921900000000	29	219	Warren County, MO	2009	NA	16736	14841	1895	11.3
CN2922100000000	29	221	Washington County, MO	2009	NA	10095	8660	1435	14.2
CN2922300000000	29	223	Wayne County, MO	2009	NA	6034	5486	548	9.1
CN2922500000000	29	225	Webster County, MO	2009	NA	16798	15175	1623	9.7
CN2922700000000	29	227	Worth County, MO	2009	NA	1147	1061	86	7.5
CN2922900000000	29	229	Wright County, MO	2009	NA	8247	7409	838	10.2
CN2951000000000	29	510	St. Louis city, MO	2009	NA	158443	139938	18505	11.7
CN3000100000000	30	001	Beaverhead County, MT	2009	NA	5161	4903	258	5
CN3000300000000	30	003	Big Horn County, MT	2009	NA	5223	4727	496	9.5
CN3000500000000	30	005	Blaine County, MT	2009	NA	2880	2732	148	5.1
CN3000700000000	30	007	Broadwater County, MT	2009	NA	2408	2222	186	7.7
CN3000900000000	30	009	Carbon County, MT	2009	NA	5249	4949	300	5.7
CN3001100000000	30	011	Carter County, MT	2009	NA	716	689	27	3.8
CN3001300000000	30	013	Cascade County, MT	2009	NA	40611	38410	2201	5.4
CN3001500000000	30	015	Chouteau County, MT	2009	NA	2590	2486	104	4
CN3001700000000	30	017	Custer County, MT	2009	NA	5845	5559	286	4.9
CN3001900000000	30	019	Daniels County, MT	2009	NA	780	748	32	4.1
CN3002100000000	30	021	Dawson County, MT	2009	NA	4366	4159	207	4.7
CN3002300000000	30	023	Deer Lodge County, MT	2009	NA	3935	3637	298	7.6
CN3002500000000	30	025	Fallon County, MT	2009	NA	1894	1834	60	3.2
CN3002700000000	30	027	Fergus County, MT	2009	NA	6044	5713	331	5.5
CN3002900000000	30	029	Flathead County, MT	2009	NA	44642	39366	5276	11.8
CN3003100000000	30	031	Gallatin County, MT	2009	NA	48837	45442	3395	7
CN3003300000000	30	033	Garfield County, MT	2009	NA	652	628	24	3.7
CN3003500000000	30	035	Glacier County, MT	2009	NA	5767	5230	537	9.3
CN3003700000000	30	037	Golden Valley County, MT	2009	NA	554	525	29	5.2
CN3003900000000	30	039	Granite County, MT	2009	NA	1252	1122	130	10.4
CN3004100000000	30	041	Hill County, MT	2009	NA	8207	7758	449	5.5
CN3004300000000	30	043	Jefferson County, MT	2009	NA	6036	5652	384	6.4
CN3004500000000	30	045	Judith Basin County, MT	2009	NA	1070	1013	57	5.3
CN3004700000000	30	047	Lake County, MT	2009	NA	11410	10357	1053	9.2
CN3004900000000	30	049	Lewis and Clark County, MT	2009	NA	33935	32223	1712	5
CN3005100000000	30	051	Liberty County, MT	2009	NA	751	719	32	4.3
CN3005300000000	30	053	Lincoln County, MT	2009	NA	7891	6727	1164	14.8
CN3005500000000	30	055	McCone County, MT	2009	NA	1016	983	33	3.2
CN3005700000000	30	057	Madison County, MT	2009	NA	4207	3940	267	6.3
CN3005900000000	30	059	Meagher County, MT	2009	NA	857	784	73	8.5
CN3006100000000	30	061	Mineral County, MT	2009	NA	1919	1718	201	10.5
CN3006300000000	30	063	Missoula County, MT	2009	NA	58728	55014	3714	6.3
CN3006500000000	30	065	Musselshell County, MT	2009	NA	2438	2276	162	6.6
CN3006700000000	30	067	Park County, MT	2009	NA	8594	7907	687	8
CN3006900000000	30	069	Petroleum County, MT	2009	NA	236	223	13	5.5
CN3007100000000	30	071	Phillips County, MT	2009	NA	2237	2111	126	5.6
CN3007300000000	30	073	Pondera County, MT	2009	NA	2573	2412	161	6.3
CN3007500000000	30	075	Powder River County, MT	2009	NA	900	864	36	4
CN3007700000000	30	077	Powell County, MT	2009	NA	2718	2470	248	9.1
CN3007900000000	30	079	Prairie County, MT	2009	NA	589	565	24	4.1
CN3008100000000	30	081	Ravalli County, MT	2009	NA	18263	16583	1680	9.2
CN3008300000000	30	083	Richland County, MT	2009	NA	5483	5223	260	4.7
CN3008500000000	30	085	Roosevelt County, MT	2009	NA	4031	3718	313	7.8
CN3008700000000	30	087	Rosebud County, MT	2009	NA	4040	3768	272	6.7
CN3008900000000	30	089	Sanders County, MT	2009	NA	4536	3830	706	15.6
CN3009100000000	30	091	Sheridan County, MT	2009	NA	1787	1710	77	4.3
CN3009300000000	30	093	Silver Bow County, MT	2009	NA	17242	16157	1085	6.3
CN3009500000000	30	095	Stillwater County, MT	2009	NA	4473	4197	276	6.2
CN3009700000000	30	097	Sweet Grass County, MT	2009	NA	2422	2310	112	4.6
CN3009900000000	30	099	Teton County, MT	2009	NA	3024	2874	150	5
CN3010100000000	30	101	Toole County, MT	2009	NA	2523	2414	109	4.3
CN3010300000000	30	103	Treasure County, MT	2009	NA	401	380	21	5.2
CN3010500000000	30	105	Valley County, MT	2009	NA	3588	3400	188	5.2
CN3010700000000	30	107	Wheatland County, MT	2009	NA	1044	984	60	5.7
CN3010900000000	30	109	Wibaux County, MT	2009	NA	574	547	27	4.7
CN3011100000000	30	111	Yellowstone County, MT	2009	NA	81872	77821	4051	4.9
CN3100100000000	31	001	Adams County, NE	2009	NA	17593	16704	889	5.1
CN3100300000000	31	003	Antelope County, NE	2009	NA	3738	3599	139	3.7
CN3100500000000	31	005	Arthur County, NE	2009	NA	242	228	14	5.8
CN3100700000000	31	007	Banner County, NE	2009	NA	352	340	12	3.4
CN3100900000000	31	009	Blaine County, NE	2009	NA	261	247	14	5.4
CN3101100000000	31	011	Boone County, NE	2009	NA	3342	3228	114	3.4
CN3101300000000	31	013	Box Butte County, NE	2009	NA	5641	5269	372	6.6
CN3101500000000	31	015	Boyd County, NE	2009	NA	1132	1088	44	3.9
CN3101700000000	31	017	Brown County, NE	2009	NA	1839	1782	57	3.1
CN3101900000000	31	019	Buffalo County, NE	2009	NA	27704	26703	1001	3.6
CN3102100000000	31	021	Burt County, NE	2009	NA	3998	3776	222	5.6
CN3102300000000	31	023	Butler County, NE	2009	NA	4750	4551	199	4.2
CN3102500000000	31	025	Cass County, NE	2009	NA	13741	13025	716	5.2
CN3102700000000	31	027	Cedar County, NE	2009	NA	4844	4668	176	3.6
CN3102900000000	31	029	Chase County, NE	2009	NA	2082	2022	60	2.9
CN3103100000000	31	031	Cherry County, NE	2009	NA	3490	3399	91	2.6
CN3103300000000	31	033	Cheyenne County, NE	2009	NA	5175	4945	230	4.4
CN3103500000000	31	035	Clay County, NE	2009	NA	3033	2901	132	4.4
CN3103700000000	31	037	Colfax County, NE	2009	NA	5783	5568	215	3.7
CN3103900000000	31	039	Cuming County, NE	2009	NA	4991	4801	190	3.8
CN3104100000000	31	041	Custer County, NE	2009	NA	6196	5991	205	3.3
CN3104300000000	31	043	Dakota County, NE	2009	NA	11152	10478	674	6
CN3104500000000	31	045	Dawes County, NE	2009	NA	4769	4559	210	4.4
CN3104700000000	31	047	Dawson County, NE	2009	NA	12630	12046	584	4.6
CN3104900000000	31	049	Deuel County, NE	2009	NA	1070	1028	42	3.9
CN3105100000000	31	051	Dixon County, NE	2009	NA	3332	3176	156	4.7
CN3105300000000	31	053	Dodge County, NE	2009	NA	19884	18882	1002	5
CN3105500000000	31	055	Douglas County, NE	2009	NA	274796	260623	14173	5.2
CN3105700000000	31	057	Dundy County, NE	2009	NA	1066	1024	42	3.9
CN3105900000000	31	059	Fillmore County, NE	2009	NA	3198	3068	130	4.1
CN3106100000000	31	061	Franklin County, NE	2009	NA	1787	1718	69	3.9
CN3106300000000	31	063	Frontier County, NE	2009	NA	1655	1603	52	3.1
CN3106500000000	31	065	Furnas County, NE	2009	NA	2562	2468	94	3.7
CN3106700000000	31	067	Gage County, NE	2009	NA	12015	11265	750	6.2
CN3106900000000	31	069	Garden County, NE	2009	NA	962	921	41	4.3
CN3107100000000	31	071	Garfield County, NE	2009	NA	1086	1054	32	2.9
CN3107300000000	31	073	Gosper County, NE	2009	NA	976	938	38	3.9
CN3107500000000	31	075	Grant County, NE	2009	NA	368	355	13	3.5
CN3107700000000	31	077	Greeley County, NE	2009	NA	1331	1284	47	3.5
CN3107900000000	31	079	Hall County, NE	2009	NA	32175	30812	1363	4.2
CN3108100000000	31	081	Hamilton County, NE	2009	NA	5532	5352	180	3.3
CN3108300000000	31	083	Harlan County, NE	2009	NA	1873	1804	69	3.7
CN3108500000000	31	085	Hayes County, NE	2009	NA	493	473	20	4.1
CN3108700000000	31	087	Hitchcock County, NE	2009	NA	1491	1409	82	5.5
CN3108900000000	31	089	Holt County, NE	2009	NA	6240	6046	194	3.1
CN3109100000000	31	091	Hooker County, NE	2009	NA	412	391	21	5.1
CN3109300000000	31	093	Howard County, NE	2009	NA	3615	3482	133	3.7
CN3109500000000	31	095	Jefferson County, NE	2009	NA	4300	4093	207	4.8
CN3109700000000	31	097	Johnson County, NE	2009	NA	3032	2905	127	4.2
CN3109900000000	31	099	Kearney County, NE	2009	NA	3626	3485	141	3.9
CN3110100000000	31	101	Keith County, NE	2009	NA	4470	4269	201	4.5
CN3110300000000	31	103	Keya Paha County, NE	2009	NA	398	379	19	4.8
CN3110500000000	31	105	Kimball County, NE	2009	NA	1923	1831	92	4.8
CN3110700000000	31	107	Knox County, NE	2009	NA	4859	4686	173	3.6
CN3110900000000	31	109	Lancaster County, NE	2009	NA	160713	153785	6928	4.3
CN3111100000000	31	111	Lincoln County, NE	2009	NA	21821	20949	872	4
CN3111300000000	31	113	Logan County, NE	2009	NA	458	444	14	3.1
CN3111500000000	31	115	Loup County, NE	2009	NA	336	319	17	5.1
CN3111700000000	31	117	McPherson County, NE	2009	NA	292	281	11	3.8
CN3111900000000	31	119	Madison County, NE	2009	NA	18935	18113	822	4.3
CN3112100000000	31	121	Merrick County, NE	2009	NA	4178	4004	174	4.2
CN3112300000000	31	123	Morrill County, NE	2009	NA	2863	2742	121	4.2
CN3112500000000	31	125	Nance County, NE	2009	NA	2150	2079	71	3.3
CN3112700000000	31	127	Nemaha County, NE	2009	NA	3433	3253	180	5.2
CN3112900000000	31	129	Nuckolls County, NE	2009	NA	2313	2208	105	4.5
CN3113100000000	31	131	Otoe County, NE	2009	NA	8951	8506	445	5
CN3113300000000	31	133	Pawnee County, NE	2009	NA	1546	1489	57	3.7
CN3113500000000	31	135	Perkins County, NE	2009	NA	1705	1654	51	3
CN3113700000000	31	137	Phelps County, NE	2009	NA	5212	5027	185	3.5
CN3113900000000	31	139	Pierce County, NE	2009	NA	3873	3720	153	4
CN3114100000000	31	141	Platte County, NE	2009	NA	18361	17611	750	4.1
CN3114300000000	31	143	Polk County, NE	2009	NA	3048	2934	114	3.7
CN3114500000000	31	145	Red Willow County, NE	2009	NA	6099	5825	274	4.5
CN3114700000000	31	147	Richardson County, NE	2009	NA	4219	3964	255	6
CN3114900000000	31	149	Rock County, NE	2009	NA	878	852	26	3
CN3115100000000	31	151	Saline County, NE	2009	NA	8342	7961	381	4.6
CN3115300000000	31	153	Sarpy County, NE	2009	NA	79677	75978	3699	4.6
CN3115500000000	31	155	Saunders County, NE	2009	NA	10825	10281	544	5
CN3115700000000	31	157	Scotts Bluff County, NE	2009	NA	19690	18677	1013	5.1
CN3115900000000	31	159	Seward County, NE	2009	NA	8840	8478	362	4.1
CN3116100000000	31	161	Sheridan County, NE	2009	NA	3116	2994	122	3.9
CN3116300000000	31	163	Sherman County, NE	2009	NA	2007	1943	64	3.2
CN3116500000000	31	165	Sioux County, NE	2009	NA	735	710	25	3.4
CN3116700000000	31	167	Stanton County, NE	2009	NA	3490	3346	144	4.1
CN3116900000000	31	169	Thayer County, NE	2009	NA	2799	2680	119	4.3
CN3117100000000	31	171	Thomas County, NE	2009	NA	359	343	16	4.5
CN3117300000000	31	173	Thurston County, NE	2009	NA	3160	2828	332	10.5
CN3117500000000	31	175	Valley County, NE	2009	NA	2572	2487	85	3.3
CN3117700000000	31	177	Washington County, NE	2009	NA	11045	10537	508	4.6
CN3117900000000	31	179	Wayne County, NE	2009	NA	5190	4987	203	3.9
CN3118100000000	31	181	Webster County, NE	2009	NA	1813	1743	70	3.9
CN3118300000000	31	183	Wheeler County, NE	2009	NA	462	445	17	3.7
CN3118500000000	31	185	York County, NE	2009	NA	7078	6733	345	4.9
CN3200100000000	32	001	Churchill County, NV	2009	NA	13505	12340	1165	8.6
CN3200300000000	32	003	Clark County, NV	2009	NA	967672	856495	111177	11.5
CN3200500000000	32	005	Douglas County, NV	2009	NA	22325	19748	2577	11.5
CN3200700000000	32	007	Elko County, NV	2009	NA	27396	25679	1717	6.3
CN3200900000000	32	009	Esmeralda County, NV	2009	NA	489	455	34	7
CN3201100000000	32	011	Eureka County, NV	2009	NA	895	836	59	6.6
CN3201300000000	32	013	Humboldt County, NV	2009	NA	8583	7957	626	7.3
CN3201500000000	32	015	Lander County, NV	2009	NA	4008	3775	233	5.8
CN3201700000000	32	017	Lincoln County, NV	2009	NA	1677	1528	149	8.9
CN3201900000000	32	019	Lyon County, NV	2009	NA	22900	19364	3536	15.4
CN3202100000000	32	021	Mineral County, NV	2009	NA	2351	2148	203	8.6
CN3202300000000	32	023	Nye County, NV	2009	NA	17784	15320	2464	13.9
CN3202700000000	32	027	Pershing County, NV	2009	NA	2598	2345	253	9.7
CN3202900000000	32	029	Storey County, NV	2009	NA	2469	2178	291	11.8
CN3203100000000	32	031	Washoe County, NV	2009	NA	220834	196311	24523	11.1
CN3203300000000	32	033	White Pine County, NV	2009	NA	4954	4610	344	6.9
CN3251000000000	32	510	Carson City, NV	2009	NA	28861	25671	3190	11.1
CN3300100000000	33	001	Belknap County, NH	2009	NA	32539	30370	2169	6.7
CN3300300000000	33	003	Carroll County, NH	2009	NA	25862	24415	1447	5.6
CN3300500000000	33	005	Cheshire County, NH	2009	NA	42039	39631	2408	5.7
CN3300700000000	33	007	Coos County, NH	2009	NA	16387	15086	1301	7.9
CN3300900000000	33	009	Grafton County, NH	2009	NA	48888	46380	2508	5.1
CN3301100000000	33	011	Hillsborough County, NH	2009	NA	229684	214833	14851	6.5
CN3301300000000	33	013	Merrimack County, NH	2009	NA	81726	77115	4611	5.6
CN3301500000000	33	015	Rockingham County, NH	2009	NA	174577	163078	11499	6.6
CN3301700000000	33	017	Strafford County, NH	2009	NA	69746	65425	4321	6.2
CN3301900000000	33	019	Sullivan County, NH	2009	NA	22798	21487	1311	5.8
CN3400100000000	34	001	Atlantic County, NJ	2009	NA	137079	120781	16298	11.9
CN3400300000000	34	003	Bergen County, NJ	2009	NA	481104	443640	37464	7.8
CN3400500000000	34	005	Burlington County, NJ	2009	NA	241989	221585	20404	8.4
CN3400700000000	34	007	Camden County, NJ	2009	NA	271508	244631	26877	9.9
CN3400900000000	34	009	Cape May County, NJ	2009	NA	57950	51453	6497	11.2
CN3401100000000	34	011	Cumberland County, NJ	2009	NA	70842	61969	8873	12.5
CN3401300000000	34	013	Essex County, NJ	2009	NA	367513	329542	37971	10.3
CN3401500000000	34	015	Gloucester County, NJ	2009	NA	159879	145105	14774	9.2
CN3401700000000	34	017	Hudson County, NJ	2009	NA	300162	268583	31579	10.5
CN3401900000000	34	019	Hunterdon County, NJ	2009	NA	73220	68321	4899	6.7
CN3402100000000	34	021	Mercer County, NJ	2009	NA	205540	189945	15595	7.6
CN3402300000000	34	023	Middlesex County, NJ	2009	NA	427779	391374	36405	8.5
CN3402500000000	34	025	Monmouth County, NJ	2009	NA	336864	308808	28056	8.3
CN3402700000000	34	027	Morris County, NJ	2009	NA	275319	255852	19467	7.1
CN3402900000000	34	029	Ocean County, NJ	2009	NA	265145	239849	25296	9.5
CN3403100000000	34	031	Passaic County, NJ	2009	NA	245108	218128	26980	11
CN3403300000000	34	033	Salem County, NJ	2009	NA	31792	28417	3375	10.6
CN3403500000000	34	035	Somerset County, NJ	2009	NA	182709	169460	13249	7.3
CN3403700000000	34	037	Sussex County, NJ	2009	NA	85607	78265	7342	8.6
CN3403900000000	34	039	Union County, NJ	2009	NA	273986	248517	25469	9.3
CN3404100000000	34	041	Warren County, NJ	2009	NA	59551	54346	5205	8.7
CN3500100000000	35	001	Bernalillo County, NM	2009	NA	310124	286763	23361	7.5
CN3500300000000	35	003	Catron County, NM	2009	NA	1578	1433	145	9.2
CN3500500000000	35	005	Chaves County, NM	2009	NA	27308	25402	1906	7
CN3500600000000	35	006	Cibola County, NM	2009	NA	12336	11492	844	6.8
CN3500700000000	35	007	Colfax County, NM	2009	NA	6606	6103	503	7.6
CN3500900000000	35	009	Curry County, NM	2009	NA	21360	20395	965	4.5
CN3501100000000	35	011	De Baca County, NM	2009	NA	829	786	43	5.2
CN3501300000000	35	013	Dona Ana County, NM	2009	NA	90210	83592	6618	7.3
CN3501500000000	35	015	Eddy County, NM	2009	NA	28005	26361	1644	5.9
CN3501700000000	35	017	Grant County, NM	2009	NA	11840	10327	1513	12.8
CN3501900000000	35	019	Guadalupe County, NM	2009	NA	1782	1642	140	7.9
CN3502100000000	35	021	Harding County, NM	2009	NA	387	368	19	4.9
CN3502300000000	35	023	Hidalgo County, NM	2009	NA	2679	2459	220	8.2
CN3502500000000	35	025	Lea County, NM	2009	NA	28329	26092	2237	7.9
CN3502700000000	35	027	Lincoln County, NM	2009	NA	10885	10249	636	5.8
CN3502800000000	35	028	Los Alamos County, NM	2009	NA	9889	9567	322	3.3
CN3502900000000	35	029	Luna County, NM	2009	NA	12436	10255	2181	17.5
CN3503100000000	35	031	McKinley County, NM	2009	NA	27078	24822	2256	8.3
CN3503300000000	35	033	Mora County, NM	2009	NA	2045	1783	262	12.8
CN3503500000000	35	035	Otero County, NM	2009	NA	25939	24189	1750	6.7
CN3503700000000	35	037	Quay County, NM	2009	NA	3960	3691	269	6.8
CN3503900000000	35	039	Rio Arriba County, NM	2009	NA	20196	18656	1540	7.6
CN3504100000000	35	041	Roosevelt County, NM	2009	NA	9312	8864	448	4.8
CN3504300000000	35	043	Sandoval County, NM	2009	NA	56336	51535	4801	8.5
CN3504500000000	35	045	San Juan County, NM	2009	NA	56398	51952	4446	7.9
CN3504700000000	35	047	San Miguel County, NM	2009	NA	13294	12317	977	7.3
CN3504900000000	35	049	Santa Fe County, NM	2009	NA	76501	71479	5022	6.6
CN3505100000000	35	051	Sierra County, NM	2009	NA	5962	5618	344	5.8
CN3505300000000	35	053	Socorro County, NM	2009	NA	9467	8969	498	5.3
CN3505500000000	35	055	Taos County, NM	2009	NA	17592	16034	1558	8.9
CN3505700000000	35	057	Torrance County, NM	2009	NA	6905	6255	650	9.4
CN3505900000000	35	059	Union County, NM	2009	NA	1926	1819	107	5.6
CN3506100000000	35	061	Valencia County, NM	2009	NA	30858	28223	2635	8.5
CN3600100000000	36	001	Albany County, NY	2009	NA	158937	148183	10754	6.8
CN3600300000000	36	003	Allegany County, NY	2009	NA	23898	21816	2082	8.7
CN3600500000000	36	005	Bronx County, NY	2009	NA	533866	469624	64242	12
CN3600700000000	36	007	Broome County, NY	2009	NA	97500	89553	7947	8.2
CN3600900000000	36	009	Cattaraugus County, NY	2009	NA	41668	38079	3589	8.6
CN3601100000000	36	011	Cayuga County, NY	2009	NA	41590	38157	3433	8.3
CN3601300000000	36	013	Chautauqua County, NY	2009	NA	65934	60467	5467	8.3
CN3601500000000	36	015	Chemung County, NY	2009	NA	41016	37364	3652	8.9
CN3601700000000	36	017	Chenango County, NY	2009	NA	24407	22231	2176	8.9
CN3601900000000	36	019	Clinton County, NY	2009	NA	39787	36084	3703	9.3
CN3602100000000	36	021	Columbia County, NY	2009	NA	31432	29121	2311	7.4
CN3602300000000	36	023	Cortland County, NY	2009	NA	24304	22088	2216	9.1
CN3602500000000	36	025	Delaware County, NY	2009	NA	22265	20363	1902	8.5
CN3602700000000	36	027	Dutchess County, NY	2009	NA	144842	133744	11098	7.7
CN3602900000000	36	029	Erie County, NY	2009	NA	470654	432512	38142	8.1
CN3603100000000	36	031	Essex County, NY	2009	NA	18343	16672	1671	9.1
CN3603300000000	36	033	Franklin County, NY	2009	NA	23032	21074	1958	8.5
CN3603500000000	36	035	Fulton County, NY	2009	NA	27246	24629	2617	9.6
CN3603700000000	36	037	Genesee County, NY	2009	NA	33101	30576	2525	7.6
CN3603900000000	36	039	Greene County, NY	2009	NA	24079	22076	2003	8.3
CN3604100000000	36	041	Hamilton County, NY	2009	NA	3016	2790	226	7.5
CN3604300000000	36	043	Herkimer County, NY	2009	NA	31173	28694	2479	8
CN3604500000000	36	045	Jefferson County, NY	2009	NA	49515	45141	4374	8.8
CN3604700000000	36	047	Kings County, NY	2009	NA	1119823	1008638	111185	9.9
CN3604900000000	36	049	Lewis County, NY	2009	NA	12755	11636	1119	8.8
CN3605100000000	36	051	Livingston County, NY	2009	NA	32143	29442	2701	8.4
CN3605300000000	36	053	Madison County, NY	2009	NA	36089	33175	2914	8.1
CN3605500000000	36	055	Monroe County, NY	2009	NA	375379	345928	29451	7.8
CN3605700000000	36	057	Montgomery County, NY	2009	NA	24427	22118	2309	9.5
CN3605900000000	36	059	Nassau County, NY	2009	NA	692905	645100	47805	6.9
CN3606100000000	36	061	New York County, NY	2009	NA	931604	852963	78641	8.4
CN3606300000000	36	063	Niagara County, NY	2009	NA	113676	103142	10534	9.3
CN3606500000000	36	065	Oneida County, NY	2009	NA	110627	102470	8157	7.4
CN3606700000000	36	067	Onondaga County, NY	2009	NA	233629	215790	17839	7.6
CN3606900000000	36	069	Ontario County, NY	2009	NA	56956	52826	4130	7.3
CN3607100000000	36	071	Orange County, NY	2009	NA	180483	166368	14115	7.8
CN3607300000000	36	073	Orleans County, NY	2009	NA	19376	17571	1805	9.3
CN3607500000000	36	075	Oswego County, NY	2009	NA	60028	54139	5889	9.8
CN3607700000000	36	077	Otsego County, NY	2009	NA	31640	29261	2379	7.5
CN3607900000000	36	079	Putnam County, NY	2009	NA	55010	51328	3682	6.7
CN3608100000000	36	081	Queens County, NY	2009	NA	1129395	1034421	94974	8.4
CN3608300000000	36	083	Rensselaer County, NY	2009	NA	83896	77680	6216	7.4
CN3608500000000	36	085	Richmond County, NY	2009	NA	246087	225883	20204	8.2
CN3608700000000	36	087	Rockland County, NY	2009	NA	153851	143259	10592	6.9
CN3608900000000	36	089	St. Lawrence County, NY	2009	NA	49756	44882	4874	9.8
CN3609100000000	36	091	Saratoga County, NY	2009	NA	122056	114315	7741	6.3
CN3609300000000	36	093	Schenectady County, NY	2009	NA	76792	71210	5582	7.3
CN3609500000000	36	095	Schoharie County, NY	2009	NA	15581	14198	1383	8.9
CN3609700000000	36	097	Schuyler County, NY	2009	NA	10054	9215	839	8.3
CN3609900000000	36	099	Seneca County, NY	2009	NA	17207	15903	1304	7.6
CN3610100000000	36	101	Steuben County, NY	2009	NA	46013	41573	4440	9.6
CN3610300000000	36	103	Suffolk County, NY	2009	NA	791881	734271	57610	7.3
CN3610500000000	36	105	Sullivan County, NY	2009	NA	35381	32309	3072	8.7
CN3610700000000	36	107	Tioga County, NY	2009	NA	26244	24124	2120	8.1
CN3610900000000	36	109	Tompkins County, NY	2009	NA	56661	53344	3317	5.9
CN3611100000000	36	111	Ulster County, NY	2009	NA	89944	83014	6930	7.7
CN3611300000000	36	113	Warren County, NY	2009	NA	36435	33557	2878	7.9
CN3611500000000	36	115	Washington County, NY	2009	NA	32510	30092	2418	7.4
CN3611700000000	36	117	Wayne County, NY	2009	NA	47691	43725	3966	8.3
CN3611900000000	36	119	Westchester County, NY	2009	NA	487641	453096	34545	7.1
CN3612100000000	36	121	Wyoming County, NY	2009	NA	21030	19147	1883	9
CN3612300000000	36	123	Yates County, NY	2009	NA	13233	12341	892	6.7
CN3700100000000	37	001	Alamance County, NC	2009	NA	71389	63057	8332	11.7
CN3700300000000	37	003	Alexander County, NC	2009	NA	18177	15656	2521	13.9
CN3700500000000	37	005	Alleghany County, NC	2009	NA	4667	4114	553	11.8
CN3700700000000	37	007	Anson County, NC	2009	NA	10096	8603	1493	14.8
CN3700900000000	37	009	Ashe County, NC	2009	NA	12547	11042	1505	12
CN3701100000000	37	011	Avery County, NC	2009	NA	8986	8155	831	9.2
CN3701300000000	37	013	Beaufort County, NC	2009	NA	20791	18428	2363	11.4
CN3701500000000	37	015	Bertie County, NC	2009	NA	9016	8030	986	10.9
CN3701700000000	37	017	Bladen County, NC	2009	NA	15350	13480	1870	12.2
CN3701900000000	37	019	Brunswick County, NC	2009	NA	50979	45515	5464	10.7
CN3702100000000	37	021	Buncombe County, NC	2009	NA	121935	111790	10145	8.3
CN3702300000000	37	023	Burke County, NC	2009	NA	39670	34060	5610	14.1
CN3702500000000	37	025	Cabarrus County, NC	2009	NA	84852	75546	9306	11
CN3702700000000	37	027	Caldwell County, NC	2009	NA	37967	32257	5710	15
CN3702900000000	37	029	Camden County, NC	2009	NA	4465	4091	374	8.4
CN3703100000000	37	031	Carteret County, NC	2009	NA	32624	29799	2825	8.7
CN3703300000000	37	033	Caswell County, NC	2009	NA	10861	9503	1358	12.5
CN3703500000000	37	035	Catawba County, NC	2009	NA	77039	66291	10748	14
CN3703700000000	37	037	Chatham County, NC	2009	NA	34333	31615	2718	7.9
CN3703900000000	37	039	Cherokee County, NC	2009	NA	9972	8445	1527	15.3
CN3704100000000	37	041	Chowan County, NC	2009	NA	6533	5763	770	11.8
CN3704300000000	37	043	Clay County, NC	2009	NA	4604	4067	537	11.7
CN3704500000000	37	045	Cleveland County, NC	2009	NA	48587	41274	7313	15.1
CN3704700000000	37	047	Columbus County, NC	2009	NA	24433	21287	3146	12.9
CN3704900000000	37	049	Craven County, NC	2009	NA	42338	37947	4391	10.4
CN3705100000000	37	051	Cumberland County, NC	2009	NA	137050	124807	12243	8.9
CN3705300000000	37	053	Currituck County, NC	2009	NA	12704	11833	871	6.9
CN3705500000000	37	055	Dare County, NC	2009	NA	21738	19545	2193	10.1
CN3705700000000	37	057	Davidson County, NC	2009	NA	77564	67652	9912	12.8
CN3705900000000	37	059	Davie County, NC	2009	NA	20806	18445	2361	11.3
CN3706100000000	37	061	Duplin County, NC	2009	NA	24427	22123	2304	9.4
CN3706300000000	37	063	Durham County, NC	2009	NA	143682	132533	11149	7.8
CN3706500000000	37	065	Edgecombe County, NC	2009	NA	24427	20559	3868	15.8
CN3706700000000	37	067	Forsyth County, NC	2009	NA	179178	162229	16949	9.5
CN3706900000000	37	069	Franklin County, NC	2009	NA	27633	24796	2837	10.3
CN3707100000000	37	071	Gaston County, NC	2009	NA	99832	86084	13748	13.8
CN3707300000000	37	073	Gates County, NC	2009	NA	4822	4465	357	7.4
CN3707500000000	37	075	Graham County, NC	2009	NA	3696	3063	633	17.1
CN3707700000000	37	077	Granville County, NC	2009	NA	25625	22935	2690	10.5
CN3707900000000	37	079	Greene County, NC	2009	NA	9257	8290	967	10.4
CN3708100000000	37	081	Guilford County, NC	2009	NA	249715	223165	26550	10.6
CN3708300000000	37	083	Halifax County, NC	2009	NA	24239	20950	3289	13.6
CN3708500000000	37	085	Harnett County, NC	2009	NA	48255	42771	5484	11.4
CN3708700000000	37	087	Haywood County, NC	2009	NA	27812	25153	2659	9.6
CN3708900000000	37	089	Henderson County, NC	2009	NA	49766	45380	4386	8.8
CN3709100000000	37	091	Hertford County, NC	2009	NA	10054	9084	970	9.6
CN3709300000000	37	093	Hoke County, NC	2009	NA	20799	19133	1666	8
CN3709500000000	37	095	Hyde County, NC	2009	NA	2627	2398	229	8.7
CN3709700000000	37	097	Iredell County, NC	2009	NA	78912	68873	10039	12.7
CN3709900000000	37	099	Jackson County, NC	2009	NA	20703	18860	1843	8.9
CN3710100000000	37	101	Johnston County, NC	2009	NA	78503	70719	7784	9.9
CN3710300000000	37	103	Jones County, NC	2009	NA	4621	4124	497	10.8
CN3710500000000	37	105	Lee County, NC	2009	NA	26038	22346	3692	14.2
CN3710700000000	37	107	Lenoir County, NC	2009	NA	26971	23778	3193	11.8
CN3710900000000	37	109	Lincoln County, NC	2009	NA	39200	33770	5430	13.9
CN3711100000000	37	111	McDowell County, NC	2009	NA	20475	17355	3120	15.2
CN3711300000000	37	113	Macon County, NC	2009	NA	15922	14169	1753	11
CN3711500000000	37	115	Madison County, NC	2009	NA	9908	8976	932	9.4
CN3711700000000	37	117	Martin County, NC	2009	NA	11864	10600	1264	10.7
CN3711900000000	37	119	Mecklenburg County, NC	2009	NA	465775	416463	49312	10.6
CN3712100000000	37	121	Mitchell County, NC	2009	NA	7180	6289	891	12.4
CN3712300000000	37	123	Montgomery County, NC	2009	NA	11059	9570	1489	13.5
CN3712500000000	37	125	Moore County, NC	2009	NA	36267	32591	3676	10.1
CN3712700000000	37	127	Nash County, NC	2009	NA	47359	41655	5704	12
CN3712900000000	37	129	New Hanover County, NC	2009	NA	104719	95014	9705	9.3
CN3713100000000	37	131	Northampton County, NC	2009	NA	8633	7656	977	11.3
CN3713300000000	37	133	Onslow County, NC	2009	NA	65809	60234	5575	8.5
CN3713500000000	37	135	Orange County, NC	2009	NA	69999	65481	4518	6.5
CN3713700000000	37	137	Pamlico County, NC	2009	NA	5297	4767	530	10
CN3713900000000	37	139	Pasquotank County, NC	2009	NA	17797	16029	1768	9.9
CN3714100000000	37	141	Pender County, NC	2009	NA	24623	21929	2694	10.9
CN3714300000000	37	143	Perquimans County, NC	2009	NA	5186	4638	548	10.6
CN3714500000000	37	145	Person County, NC	2009	NA	19191	17022	2169	11.3
CN3714700000000	37	147	Pitt County, NC	2009	NA	82319	74040	8279	10.1
CN3714900000000	37	149	Polk County, NC	2009	NA	9447	8589	858	9.1
CN3715100000000	37	151	Randolph County, NC	2009	NA	74265	65927	8338	11.2
CN3715300000000	37	153	Richmond County, NC	2009	NA	19973	17181	2792	14
CN3715500000000	37	155	Robeson County, NC	2009	NA	55871	49221	6650	11.9
CN3715700000000	37	157	Rockingham County, NC	2009	NA	43899	38348	5551	12.6
CN3715900000000	37	159	Rowan County, NC	2009	NA	70583	61606	8977	12.7
CN3716100000000	37	161	Rutherford County, NC	2009	NA	28325	23714	4611	16.3
CN3716300000000	37	163	Sampson County, NC	2009	NA	31303	28555	2748	8.8
CN3716500000000	37	165	Scotland County, NC	2009	NA	13789	11469	2320	16.8
CN3716700000000	37	167	Stanly County, NC	2009	NA	30271	26622	3649	12.1
CN3716900000000	37	169	Stokes County, NC	2009	NA	23500	21012	2488	10.6
CN3717100000000	37	171	Surry County, NC	2009	NA	33728	29533	4195	12.4
CN3717300000000	37	173	Swain County, NC	2009	NA	6795	5983	812	11.9
CN3717500000000	37	175	Transylvania County, NC	2009	NA	13232	12003	1229	9.3
CN3717700000000	37	177	Tyrrell County, NC	2009	NA	2206	1967	239	10.8
CN3717900000000	37	179	Union County, NC	2009	NA	95385	85847	9538	10
CN3718100000000	37	181	Vance County, NC	2009	NA	19363	16718	2645	13.7
CN3718300000000	37	183	Wake County, NC	2009	NA	459057	421150	37907	8.3
CN3718500000000	37	185	Warren County, NC	2009	NA	7900	6861	1039	13.2
CN3718700000000	37	187	Washington County, NC	2009	NA	6231	5497	734	11.8
CN3718900000000	37	189	Watauga County, NC	2009	NA	23041	21211	1830	7.9
CN3719100000000	37	191	Wayne County, NC	2009	NA	53940	49219	4721	8.8
CN3719300000000	37	193	Wilkes County, NC	2009	NA	30172	26342	3830	12.7
CN3719500000000	37	195	Wilson County, NC	2009	NA	39661	34648	5013	12.6
CN3719700000000	37	197	Yadkin County, NC	2009	NA	18744	16798	1946	10.4
CN3719900000000	37	199	Yancey County, NC	2009	NA	7878	6939	939	11.9
CN3800100000000	38	001	Adams County, ND	2009	NA	1271	1230	41	3.2
CN3800300000000	38	003	Barnes County, ND	2009	NA	6247	5978	269	4.3
CN3800500000000	38	005	Benson County, ND	2009	NA	2632	2474	158	6
CN3800700000000	38	007	Billings County, ND	2009	NA	529	516	13	2.5
CN3800900000000	38	009	Bottineau County, ND	2009	NA	3640	3500	140	3.8
CN3801100000000	38	011	Bowman County, ND	2009	NA	1737	1685	52	3
CN3801300000000	38	013	Burke County, ND	2009	NA	1101	1066	35	3.2
CN3801500000000	38	015	Burleigh County, ND	2009	NA	47555	45868	1687	3.5
CN3801700000000	38	017	Cass County, ND	2009	NA	87854	84241	3613	4.1
CN3801900000000	38	019	Cavalier County, ND	2009	NA	1979	1911	68	3.4
CN3802100000000	38	021	Dickey County, ND	2009	NA	2771	2627	144	5.2
CN3802300000000	38	023	Divide County, ND	2009	NA	878	846	32	3.6
CN3802500000000	38	025	Dunn County, ND	2009	NA	1780	1705	75	4.2
CN3802700000000	38	027	Eddy County, ND	2009	NA	1184	1121	63	5.3
CN3802900000000	38	029	Emmons County, ND	2009	NA	1677	1565	112	6.7
CN3803100000000	38	031	Foster County, ND	2009	NA	1728	1666	62	3.6
CN3803300000000	38	033	Golden Valley County, ND	2009	NA	892	861	31	3.5
CN3803500000000	38	035	Grand Forks County, ND	2009	NA	37905	36405	1500	4
CN3803700000000	38	037	Grant County, ND	2009	NA	1202	1151	51	4.2
CN3803900000000	38	039	Griggs County, ND	2009	NA	1284	1241	43	3.3
CN3804100000000	38	041	Hettinger County, ND	2009	NA	1177	1133	44	3.7
CN3804300000000	38	043	Kidder County, ND	2009	NA	1209	1152	57	4.7
CN3804500000000	38	045	LaMoure County, ND	2009	NA	2269	2173	96	4.2
CN3804700000000	38	047	Logan County, ND	2009	NA	943	909	34	3.6
CN3804900000000	38	049	McHenry County, ND	2009	NA	2678	2540	138	5.2
CN3805100000000	38	051	McIntosh County, ND	2009	NA	1341	1289	52	3.9
CN3805300000000	38	053	McKenzie County, ND	2009	NA	2911	2816	95	3.3
CN3805500000000	38	055	McLean County, ND	2009	NA	4953	4720	233	4.7
CN3805700000000	38	057	Mercer County, ND	2009	NA	5126	4908	218	4.3
CN3805900000000	38	059	Morton County, ND	2009	NA	14964	14316	648	4.3
CN3806100000000	38	061	Mountrail County, ND	2009	NA	3706	3560	146	3.9
CN3806300000000	38	063	Nelson County, ND	2009	NA	1717	1646	71	4.1
CN3806500000000	38	065	Oliver County, ND	2009	NA	1281	1230	51	4
CN3806700000000	38	067	Pembina County, ND	2009	NA	3910	3681	229	5.9
CN3806900000000	38	069	Pierce County, ND	2009	NA	1897	1797	100	5.3
CN3807100000000	38	071	Ramsey County, ND	2009	NA	5691	5452	239	4.2
CN3807300000000	38	073	Ransom County, ND	2009	NA	2943	2711	232	7.9
CN3807500000000	38	075	Renville County, ND	2009	NA	1242	1193	49	3.9
CN3807700000000	38	077	Richland County, ND	2009	NA	8678	8232	446	5.1
CN3807900000000	38	079	Rolette County, ND	2009	NA	4951	4381	570	11.5
CN3808100000000	38	081	Sargent County, ND	2009	NA	2000	1789	211	10.6
CN3808300000000	38	083	Sheridan County, ND	2009	NA	659	625	34	5.2
CN3808500000000	38	085	Sioux County, ND	2009	NA	1286	1222	64	5
CN3808700000000	38	087	Slope County, ND	2009	NA	561	549	12	2.1
CN3808900000000	38	089	Stark County, ND	2009	NA	14409	13950	459	3.2
CN3809100000000	38	091	Steele County, ND	2009	NA	1116	1084	32	2.9
CN3809300000000	38	093	Stutsman County, ND	2009	NA	11883	11462	421	3.5
CN3809500000000	38	095	Towner County, ND	2009	NA	1076	1043	33	3.1
CN3809700000000	38	097	Traill County, ND	2009	NA	4024	3864	160	4
CN3809900000000	38	099	Walsh County, ND	2009	NA	5593	5320	273	4.9
CN3810100000000	38	101	Ward County, ND	2009	NA	29832	28731	1101	3.7
CN3810300000000	38	103	Wells County, ND	2009	NA	2040	1933	107	5.2
CN3810500000000	38	105	Williams County, ND	2009	NA	14758	14388	370	2.5
CN3900100000000	39	001	Adams County, OH	2009	NA	13026	11116	1910	14.7
CN3900300000000	39	003	Allen County, OH	2009	NA	51347	45541	5806	11.3
CN3900500000000	39	005	Ashland County, OH	2009	NA	27218	23813	3405	12.5
CN3900700000000	39	007	Ashtabula County, OH	2009	NA	48595	42000	6595	13.6
CN3900900000000	39	009	Athens County, OH	2009	NA	31330	28575	2755	8.8
CN3901100000000	39	011	Auglaize County, OH	2009	NA	26527	23699	2828	10.7
CN3901300000000	39	013	Belmont County, OH	2009	NA	33924	30800	3124	9.2
CN3901500000000	39	015	Brown County, OH	2009	NA	21811	19028	2783	12.8
CN3901700000000	39	017	Butler County, OH	2009	NA	189452	171172	18280	9.6
CN3901900000000	39	019	Carroll County, OH	2009	NA	14124	12182	1942	13.7
CN3902100000000	39	021	Champaign County, OH	2009	NA	20290	17869	2421	11.9
CN3902300000000	39	023	Clark County, OH	2009	NA	70525	63068	7457	10.6
CN3902500000000	39	025	Clermont County, OH	2009	NA	105666	95312	10354	9.8
CN3902700000000	39	027	Clinton County, OH	2009	NA	21051	17945	3106	14.8
CN3902900000000	39	029	Columbiana County, OH	2009	NA	53111	45999	7112	13.4
CN3903100000000	39	031	Coshocton County, OH	2009	NA	17072	14762	2310	13.5
CN3903300000000	39	033	Crawford County, OH	2009	NA	21828	18596	3232	14.8
CN3903500000000	39	035	Cuyahoga County, OH	2009	NA	625607	571110	54497	8.7
CN3903700000000	39	037	Darke County, OH	2009	NA	27879	24708	3171	11.4
CN3903900000000	39	039	Defiance County, OH	2009	NA	20396	17513	2883	14.1
CN3904100000000	39	041	Delaware County, OH	2009	NA	91919	85436	6483	7.1
CN3904300000000	39	043	Erie County, OH	2009	NA	42595	37578	5017	11.8
CN3904500000000	39	045	Fairfield County, OH	2009	NA	74973	68431	6542	8.7
CN3904700000000	39	047	Fayette County, OH	2009	NA	16770	14891	1879	11.2
CN3904900000000	39	049	Franklin County, OH	2009	NA	624988	571996	52992	8.5
CN3905100000000	39	051	Fulton County, OH	2009	NA	22374	19254	3120	13.9
CN3905300000000	39	053	Gallia County, OH	2009	NA	14162	12813	1349	9.5
CN3905500000000	39	055	Geauga County, OH	2009	NA	51956	48374	3582	6.9
CN3905700000000	39	057	Greene County, OH	2009	NA	80186	72361	7825	9.8
CN3905900000000	39	059	Guernsey County, OH	2009	NA	19486	17113	2373	12.2
CN3906100000000	39	061	Hamilton County, OH	2009	NA	432467	393288	39179	9.1
CN3906300000000	39	063	Hancock County, OH	2009	NA	39965	35793	4172	10.4
CN3906500000000	39	065	Hardin County, OH	2009	NA	15080	13231	1849	12.3
CN3906700000000	39	067	Harrison County, OH	2009	NA	7293	6442	851	11.7
CN3906900000000	39	069	Henry County, OH	2009	NA	15709	13579	2130	13.6
CN3907100000000	39	071	Highland County, OH	2009	NA	20552	17362	3190	15.5
CN3907300000000	39	073	Hocking County, OH	2009	NA	14270	12652	1618	11.3
CN3907500000000	39	075	Holmes County, OH	2009	NA	19186	17667	1519	7.9
CN3907700000000	39	077	Huron County, OH	2009	NA	28765	24232	4533	15.8
CN3907900000000	39	079	Jackson County, OH	2009	NA	15421	13673	1748	11.3
CN3908100000000	39	081	Jefferson County, OH	2009	NA	32809	28768	4041	12.3
CN3908300000000	39	083	Knox County, OH	2009	NA	29987	27039	2948	9.8
CN3908500000000	39	085	Lake County, OH	2009	NA	132148	121566	10582	8
CN3908700000000	39	087	Lawrence County, OH	2009	NA	29156	26740	2416	8.3
CN3908900000000	39	089	Licking County, OH	2009	NA	82964	75014	7950	9.6
CN3909100000000	39	091	Logan County, OH	2009	NA	24625	21673	2952	12
CN3909300000000	39	093	Lorain County, OH	2009	NA	158356	143227	15129	9.6
CN3909500000000	39	095	Lucas County, OH	2009	NA	221862	194268	27594	12.4
CN3909700000000	39	097	Madison County, OH	2009	NA	20235	18311	1924	9.5
CN3909900000000	39	099	Mahoning County, OH	2009	NA	115543	101026	14517	12.6
CN3910100000000	39	101	Marion County, OH	2009	NA	31589	27963	3626	11.5
CN3910300000000	39	103	Medina County, OH	2009	NA	95582	88179	7403	7.7
CN3910500000000	39	105	Meigs County, OH	2009	NA	9383	7984	1399	14.9
CN3910700000000	39	107	Mercer County, OH	2009	NA	24331	22149	2182	9
CN3910900000000	39	109	Miami County, OH	2009	NA	55116	48592	6524	11.8
CN3911100000000	39	111	Monroe County, OH	2009	NA	5664	4943	721	12.7
CN3911300000000	39	113	Montgomery County, OH	2009	NA	264387	233627	30760	11.6
CN3911500000000	39	115	Morgan County, OH	2009	NA	6004	5128	876	14.6
CN3911700000000	39	117	Morrow County, OH	2009	NA	17985	15968	2017	11.2
CN3911900000000	39	119	Muskingum County, OH	2009	NA	38658	33766	4892	12.7
CN3912100000000	39	121	Noble County, OH	2009	NA	5863	5011	852	14.5
CN3912300000000	39	123	Ottawa County, OH	2009	NA	20792	17822	2970	14.3
CN3912500000000	39	125	Paulding County, OH	2009	NA	10426	8980	1446	13.9
CN3912700000000	39	127	Perry County, OH	2009	NA	16778	14518	2260	13.5
CN3912900000000	39	129	Pickaway County, OH	2009	NA	24742	21992	2750	11.1
CN3913100000000	39	131	Pike County, OH	2009	NA	11089	9393	1696	15.3
CN3913300000000	39	133	Portage County, OH	2009	NA	92179	82809	9370	10.2
CN3913500000000	39	135	Preble County, OH	2009	NA	21450	18811	2639	12.3
CN3913700000000	39	137	Putnam County, OH	2009	NA	18221	16273	1948	10.7
CN3913900000000	39	139	Richland County, OH	2009	NA	61604	53646	7958	12.9
CN3914100000000	39	141	Ross County, OH	2009	NA	34905	30651	4254	12.2
CN3914300000000	39	143	Sandusky County, OH	2009	NA	32992	28972	4020	12.2
CN3914500000000	39	145	Scioto County, OH	2009	NA	32713	28620	4093	12.5
CN3914700000000	39	147	Seneca County, OH	2009	NA	30487	26600	3887	12.7
CN3914900000000	39	149	Shelby County, OH	2009	NA	26464	22822	3642	13.8
CN3915100000000	39	151	Stark County, OH	2009	NA	190557	168800	21757	11.4
CN3915300000000	39	153	Summit County, OH	2009	NA	292933	263600	29333	10
CN3915500000000	39	155	Trumbull County, OH	2009	NA	106546	91710	14836	13.9
CN3915700000000	39	157	Tuscarawas County, OH	2009	NA	47129	41790	5339	11.3
CN3915900000000	39	159	Union County, OH	2009	NA	25896	23672	2224	8.6
CN3916100000000	39	161	Van Wert County, OH	2009	NA	15172	12907	2265	14.9
CN3916300000000	39	163	Vinton County, OH	2009	NA	5728	4970	758	13.2
CN3916500000000	39	165	Warren County, OH	2009	NA	108917	99213	9704	8.9
CN3916700000000	39	167	Washington County, OH	2009	NA	32872	29721	3151	9.6
CN3916900000000	39	169	Wayne County, OH	2009	NA	58035	52193	5842	10.1
CN3917100000000	39	171	Williams County, OH	2009	NA	20109	16912	3197	15.9
CN3917300000000	39	173	Wood County, OH	2009	NA	65711	58180	7531	11.5
CN3917500000000	39	175	Wyandot County, OH	2009	NA	11177	9605	1572	14.1
CN4000100000000	40	001	Adair County, OK	2009	NA	11166	10273	893	8
CN4000300000000	40	003	Alfalfa County, OK	2009	NA	2532	2410	122	4.8
CN4000500000000	40	005	Atoka County, OK	2009	NA	6256	5741	515	8.2
CN4000700000000	40	007	Beaver County, OK	2009	NA	3329	3214	115	3.5
CN4000900000000	40	009	Beckham County, OK	2009	NA	12117	11407	710	5.9
CN4001100000000	40	011	Blaine County, OK	2009	NA	4998	4718	280	5.6
CN4001300000000	40	013	Bryan County, OK	2009	NA	20568	19495	1073	5.2
CN4001500000000	40	015	Caddo County, OK	2009	NA	12922	12125	797	6.2
CN4001700000000	40	017	Canadian County, OK	2009	NA	53337	50379	2958	5.5
CN4001900000000	40	019	Carter County, OK	2009	NA	28565	26984	1581	5.5
CN4002100000000	40	021	Cherokee County, OK	2009	NA	24711	23384	1327	5.4
CN4002300000000	40	023	Choctaw County, OK	2009	NA	7297	6785	512	7
CN4002500000000	40	025	Cimarron County, OK	2009	NA	1289	1241	48	3.7
CN4002700000000	40	027	Cleveland County, OK	2009	NA	120212	113806	6406	5.3
CN4002900000000	40	029	Coal County, OK	2009	NA	2634	2409	225	8.5
CN4003100000000	40	031	Comanche County, OK	2009	NA	47619	45136	2483	5.2
CN4003300000000	40	033	Cotton County, OK	2009	NA	3613	3453	160	4.4
CN4003500000000	40	035	Craig County, OK	2009	NA	7546	7124	422	5.6
CN4003700000000	40	037	Creek County, OK	2009	NA	31142	28664	2478	8
CN4003900000000	40	039	Custer County, OK	2009	NA	15372	14663	709	4.6
CN4004100000000	40	041	Delaware County, OK	2009	NA	19663	18394	1269	6.5
CN4004300000000	40	043	Dewey County, OK	2009	NA	2747	2628	119	4.3
CN4004500000000	40	045	Ellis County, OK	2009	NA	2467	2354	113	4.6
CN4004700000000	40	047	Garfield County, OK	2009	NA	32040	30642	1398	4.4
CN4004900000000	40	049	Garvin County, OK	2009	NA	15162	14304	858	5.7
CN4005100000000	40	051	Grady County, OK	2009	NA	23190	21536	1654	7.1
CN4005300000000	40	053	Grant County, OK	2009	NA	2688	2587	101	3.8
CN4005500000000	40	055	Greer County, OK	2009	NA	2097	1936	161	7.7
CN4005700000000	40	057	Harmon County, OK	2009	NA	1381	1307	74	5.4
CN4005900000000	40	059	Harper County, OK	2009	NA	2061	1980	81	3.9
CN4006100000000	40	061	Haskell County, OK	2009	NA	6174	5700	474	7.7
CN4006300000000	40	063	Hughes County, OK	2009	NA	5763	5178	585	10.2
CN4006500000000	40	065	Jackson County, OK	2009	NA	12252	11639	613	5
CN4006700000000	40	067	Jefferson County, OK	2009	NA	2543	2333	210	8.3
CN4006900000000	40	069	Johnston County, OK	2009	NA	5249	4858	391	7.4
CN4007100000000	40	071	Kay County, OK	2009	NA	23646	21887	1759	7.4
CN4007300000000	40	073	Kingfisher County, OK	2009	NA	7773	7430	343	4.4
CN4007500000000	40	075	Kiowa County, OK	2009	NA	4149	3892	257	6.2
CN4007700000000	40	077	Latimer County, OK	2009	NA	4485	4005	480	10.7
CN4007900000000	40	079	Le Flore County, OK	2009	NA	20818	18784	2034	9.8
CN4008100000000	40	081	Lincoln County, OK	2009	NA	13868	12889	979	7.1
CN4008300000000	40	083	Logan County, OK	2009	NA	18107	17084	1023	5.6
CN4008500000000	40	085	Love County, OK	2009	NA	5603	5314	289	5.2
CN4008700000000	40	087	McClain County, OK	2009	NA	15172	14310	862	5.7
CN4008900000000	40	089	McCurtain County, OK	2009	NA	14761	13220	1541	10.4
CN4009100000000	40	091	McIntosh County, OK	2009	NA	8914	8207	707	7.9
CN4009300000000	40	093	Major County, OK	2009	NA	4335	4142	193	4.5
CN4009500000000	40	095	Marshall County, OK	2009	NA	6564	6032	532	8.1
CN4009700000000	40	097	Mayes County, OK	2009	NA	18502	16929	1573	8.5
CN4009900000000	40	099	Murray County, OK	2009	NA	9250	8860	390	4.2
CN4010100000000	40	101	Muskogee County, OK	2009	NA	31039	28697	2342	7.5
CN4010300000000	40	103	Noble County, OK	2009	NA	5903	5449	454	7.7
CN4010500000000	40	105	Nowata County, OK	2009	NA	5225	4770	455	8.7
CN4010700000000	40	107	Okfuskee County, OK	2009	NA	4804	4416	388	8.1
CN4010900000000	40	109	Oklahoma County, OK	2009	NA	325899	305990	19909	6.1
CN4011100000000	40	111	Okmulgee County, OK	2009	NA	15877	14437	1440	9.1
CN4011300000000	40	113	Osage County, OK	2009	NA	19661	18182	1479	7.5
CN4011500000000	40	115	Ottawa County, OK	2009	NA	18667	17508	1159	6.2
CN4011700000000	40	117	Pawnee County, OK	2009	NA	7314	6689	625	8.5
CN4011900000000	40	119	Payne County, OK	2009	NA	35291	33145	2146	6.1
CN4012100000000	40	121	Pittsburg County, OK	2009	NA	23615	22159	1456	6.2
CN4012300000000	40	123	Pontotoc County, OK	2009	NA	20817	19694	1123	5.4
CN4012500000000	40	125	Pottawatomie County, OK	2009	NA	33761	31635	2126	6.3
CN4012700000000	40	127	Pushmataha County, OK	2009	NA	5537	5078	459	8.3
CN4012900000000	40	129	Roger Mills County, OK	2009	NA	1943	1856	87	4.5
CN4013100000000	40	131	Rogers County, OK	2009	NA	40405	37610	2795	6.9
CN4013300000000	40	133	Seminole County, OK	2009	NA	11155	10198	957	8.6
CN4013500000000	40	135	Sequoyah County, OK	2009	NA	17613	15937	1676	9.5
CN4013700000000	40	137	Stephens County, OK	2009	NA	22197	20552	1645	7.4
CN4013900000000	40	139	Texas County, OK	2009	NA	7689	7291	398	5.2
CN4014100000000	40	141	Tillman County, OK	2009	NA	3567	3318	249	7
CN4014300000000	40	143	Tulsa County, OK	2009	NA	293653	274468	19185	6.5
CN4014500000000	40	145	Wagoner County, OK	2009	NA	33375	31202	2173	6.5
CN4014700000000	40	147	Washington County, OK	2009	NA	28235	26691	1544	5.5
CN4014900000000	40	149	Washita County, OK	2009	NA	6305	5952	353	5.6
CN4015100000000	40	151	Woods County, OK	2009	NA	4570	4378	192	4.2
CN4015300000000	40	153	Woodward County, OK	2009	NA	11673	10952	721	6.2
CN4100100000000	41	001	Baker County, OR	2009	NA	7628	6836	792	10.4
CN4100300000000	41	003	Benton County, OR	2009	NA	43653	40175	3478	8
CN4100500000000	41	005	Clackamas County, OR	2009	NA	202261	181250	21011	10.4
CN4100700000000	41	007	Clatsop County, OR	2009	NA	20725	18831	1894	9.1
CN4100900000000	41	009	Columbia County, OR	2009	NA	24640	21355	3285	13.3
CN4101100000000	41	011	Coos County, OR	2009	NA	28572	24850	3722	13
CN4101300000000	41	013	Crook County, OR	2009	NA	9547	7812	1735	18.2
CN4101500000000	41	015	Curry County, OR	2009	NA	9483	8233	1250	13.2
CN4101700000000	41	017	Deschutes County, OR	2009	NA	81747	69567	12180	14.9
CN4101900000000	41	019	Douglas County, OR	2009	NA	47157	39763	7394	15.7
CN4102100000000	41	021	Gilliam County, OR	2009	NA	1226	1142	84	6.9
CN4102300000000	41	023	Grant County, OR	2009	NA	3461	2988	473	13.7
CN4102500000000	41	025	Harney County, OR	2009	NA	3537	2959	578	16.3
CN4102700000000	41	027	Hood River County, OR	2009	NA	13956	12815	1141	8.2
CN4102900000000	41	029	Jackson County, OR	2009	NA	102309	89199	13110	12.8
CN4103100000000	41	031	Jefferson County, OR	2009	NA	9350	7945	1405	15
CN4103300000000	41	033	Josephine County, OR	2009	NA	35332	30209	5123	14.5
CN4103500000000	41	035	Klamath County, OR	2009	NA	31261	26847	4414	14.1
CN4103700000000	41	037	Lake County, OR	2009	NA	3689	3223	466	12.6
CN4103900000000	41	039	Lane County, OR	2009	NA	183890	161255	22635	12.3
CN4104100000000	41	041	Lincoln County, OR	2009	NA	23252	20785	2467	10.6
CN4104300000000	41	043	Linn County, OR	2009	NA	56197	48351	7846	14
CN4104500000000	41	045	Malheur County, OR	2009	NA	13156	11721	1435	10.9
CN4104700000000	41	047	Marion County, OR	2009	NA	158101	140497	17604	11.1
CN4104900000000	41	049	Morrow County, OR	2009	NA	5805	5262	543	9.4
CN4105100000000	41	051	Multnomah County, OR	2009	NA	393391	351886	41505	10.6
CN4105300000000	41	053	Polk County, OR	2009	NA	40198	36388	3810	9.5
CN4105500000000	41	055	Sherman County, OR	2009	NA	1050	954	96	9.1
CN4105700000000	41	057	Tillamook County, OR	2009	NA	12870	11639	1231	9.6
CN4105900000000	41	059	Umatilla County, OR	2009	NA	38738	34960	3778	9.8
CN4106100000000	41	061	Union County, OR	2009	NA	12634	11166	1468	11.6
CN4106300000000	41	063	Wallowa County, OR	2009	NA	3762	3309	453	12
CN4106500000000	41	065	Wasco County, OR	2009	NA	14132	12849	1283	9.1
CN4106700000000	41	067	Washington County, OR	2009	NA	290888	263307	27581	9.5
CN4106900000000	41	069	Wheeler County, OR	2009	NA	656	596	60	9.1
CN4107100000000	41	071	Yamhill County, OR	2009	NA	48389	42762	5627	11.6
CN4200100000000	42	001	Adams County, PA	2009	NA	54978	50893	4085	7.4
CN4200300000000	42	003	Allegheny County, PA	2009	NA	639381	595899	43482	6.8
CN4200500000000	42	005	Armstrong County, PA	2009	NA	33102	30082	3020	9.1
CN4200700000000	42	007	Beaver County, PA	2009	NA	89935	82665	7270	8.1
CN4200900000000	42	009	Bedford County, PA	2009	NA	24282	21639	2643	10.9
CN4201100000000	42	011	Berks County, PA	2009	NA	203891	186095	17796	8.7
CN4201300000000	42	013	Blair County, PA	2009	NA	65096	60447	4649	7.1
CN4201500000000	42	015	Bradford County, PA	2009	NA	31343	28724	2619	8.4
CN4201700000000	42	017	Bucks County, PA	2009	NA	343918	318801	25117	7.3
CN4201900000000	42	019	Butler County, PA	2009	NA	99691	92726	6965	7
CN4202100000000	42	021	Cambria County, PA	2009	NA	69068	63172	5896	8.5
CN4202300000000	42	023	Cameron County, PA	2009	NA	2364	1960	404	17.1
CN4202500000000	42	025	Carbon County, PA	2009	NA	31454	28281	3173	10.1
CN4202700000000	42	027	Centre County, PA	2009	NA	75320	70944	4376	5.8
CN4202900000000	42	029	Chester County, PA	2009	NA	268122	251383	16739	6.2
CN4203100000000	42	031	Clarion County, PA	2009	NA	20658	18702	1956	9.5
CN4203300000000	42	033	Clearfield County, PA	2009	NA	40730	36674	4056	10
CN4203500000000	42	035	Clinton County, PA	2009	NA	19338	17629	1709	8.8
CN4203700000000	42	037	Columbia County, PA	2009	NA	36446	33328	3118	8.6
CN4203900000000	42	039	Crawford County, PA	2009	NA	42885	38649	4236	9.9
CN4204100000000	42	041	Cumberland County, PA	2009	NA	124899	116621	8278	6.6
CN4204300000000	42	043	Dauphin County, PA	2009	NA	137073	126848	10225	7.5
CN4204500000000	42	045	Delaware County, PA	2009	NA	280088	258803	21285	7.6
CN4204700000000	42	047	Elk County, PA	2009	NA	17103	14945	2158	12.6
CN4204900000000	42	049	Erie County, PA	2009	NA	139893	127432	12461	8.9
CN4205100000000	42	051	Fayette County, PA	2009	NA	66011	59957	6054	9.2
CN4205300000000	42	053	Forest County, PA	2009	NA	2382	2122	260	10.9
CN4205500000000	42	055	Franklin County, PA	2009	NA	80943	74404	6539	8.1
CN4205700000000	42	057	Fulton County, PA	2009	NA	7641	6617	1024	13.4
CN4205900000000	42	059	Greene County, PA	2009	NA	19109	17687	1422	7.4
CN4206100000000	42	061	Huntingdon County, PA	2009	NA	22738	20355	2383	10.5
CN4206300000000	42	063	Indiana County, PA	2009	NA	47201	43681	3520	7.5
CN4206500000000	42	065	Jefferson County, PA	2009	NA	22837	20692	2145	9.4
CN4206700000000	42	067	Juniata County, PA	2009	NA	12157	11198	959	7.9
CN4206900000000	42	069	Lackawanna County, PA	2009	NA	107192	98396	8796	8.2
CN4207100000000	42	071	Lancaster County, PA	2009	NA	269564	250126	19438	7.2
CN4207300000000	42	073	Lawrence County, PA	2009	NA	43579	39523	4056	9.3
CN4207500000000	42	075	Lebanon County, PA	2009	NA	72763	67885	4878	6.7
CN4207700000000	42	077	Lehigh County, PA	2009	NA	178430	162952	15478	8.7
CN4207900000000	42	079	Luzerne County, PA	2009	NA	161298	146781	14517	9
CN4208100000000	42	081	Lycoming County, PA	2009	NA	60009	54723	5286	8.8
CN4208300000000	42	083	McKean County, PA	2009	NA	21188	19016	2172	10.3
CN4208500000000	42	085	Mercer County, PA	2009	NA	54749	48642	6107	11.2
CN4208700000000	42	087	Mifflin County, PA	2009	NA	22558	20328	2230	9.9
CN4208900000000	42	089	Monroe County, PA	2009	NA	82859	75360	7499	9.1
CN4209100000000	42	091	Montgomery County, PA	2009	NA	425087	396105	28982	6.8
CN4209300000000	42	093	Montour County, PA	2009	NA	9341	8729	612	6.6
CN4209500000000	42	095	Northampton County, PA	2009	NA	153711	140823	12888	8.4
CN4209700000000	42	097	Northumberland County, PA	2009	NA	47323	42748	4575	9.7
CN4209900000000	42	099	Perry County, PA	2009	NA	24730	22788	1942	7.9
CN4210100000000	42	101	Philadelphia County/city, PA	2009	NA	652401	588815	63586	9.7
CN4210300000000	42	103	Pike County, PA	2009	NA	28396	25821	2575	9.1
CN4210500000000	42	105	Potter County, PA	2009	NA	7716	6860	856	11.1
CN4210700000000	42	107	Schuylkill County, PA	2009	NA	73928	66625	7303	9.9
CN4210900000000	42	109	Snyder County, PA	2009	NA	19376	17634	1742	9
CN4211100000000	42	111	Somerset County, PA	2009	NA	38857	35545	3312	8.5
CN4211300000000	42	113	Sullivan County, PA	2009	NA	3023	2768	255	8.4
CN4211500000000	42	115	Susquehanna County, PA	2009	NA	21794	19942	1852	8.5
CN4211700000000	42	117	Tioga County, PA	2009	NA	20410	18431	1979	9.7
CN4211900000000	42	119	Union County, PA	2009	NA	17681	16081	1600	9
CN4212100000000	42	121	Venango County, PA	2009	NA	26339	24053	2286	8.7
CN4212300000000	42	123	Warren County, PA	2009	NA	21898	20186	1712	7.8
CN4212500000000	42	125	Washington County, PA	2009	NA	106457	98347	8110	7.6
CN4212700000000	42	127	Wayne County, PA	2009	NA	25640	23736	1904	7.4
CN4212900000000	42	129	Westmoreland County, PA	2009	NA	188741	174028	14713	7.8
CN4213100000000	42	131	Wyoming County, PA	2009	NA	14447	13220	1227	8.5
CN4213300000000	42	133	York County, PA	2009	NA	226705	208284	18421	8.1
CN4400100000000	44	001	Bristol County, RI	2009	NA	27080	24354	2726	10.1
CN4400300000000	44	003	Kent County, RI	2009	NA	96816	86700	10116	10.4
CN4400500000000	44	005	Newport County, RI	2009	NA	43436	39197	4239	9.8
CN4400700000000	44	007	Providence County, RI	2009	NA	326783	288048	38735	11.9
CN4400900000000	44	009	Washington County, RI	2009	NA	73170	66656	6514	8.9
CN4500100000000	45	001	Abbeville County, SC	2009	NA	11260	9665	1595	14.2
CN4500300000000	45	003	Aiken County, SC	2009	NA	76639	69581	7058	9.2
CN4500500000000	45	005	Allendale County, SC	2009	NA	3398	2697	701	20.6
CN4500700000000	45	007	Anderson County, SC	2009	NA	85177	74955	10222	12
CN4500900000000	45	009	Bamberg County, SC	2009	NA	6435	5428	1007	15.6
CN4501100000000	45	011	Barnwell County, SC	2009	NA	8997	7456	1541	17.1
CN4501300000000	45	013	Beaufort County, SC	2009	NA	62884	57398	5486	8.7
CN4501500000000	45	015	Berkeley County, SC	2009	NA	80462	72210	8252	10.3
CN4501700000000	45	017	Calhoun County, SC	2009	NA	6727	5903	824	12.2
CN4501900000000	45	019	Charleston County, SC	2009	NA	173571	158380	15191	8.8
CN4502100000000	45	021	Cherokee County, SC	2009	NA	25594	21538	4056	15.8
CN4502300000000	45	023	Chester County, SC	2009	NA	15632	12534	3098	19.8
CN4502500000000	45	025	Chesterfield County, SC	2009	NA	19022	15880	3142	16.5
CN4502700000000	45	027	Clarendon County, SC	2009	NA	12756	10840	1916	15
CN4502900000000	45	029	Colleton County, SC	2009	NA	17187	14944	2243	13.1
CN4503100000000	45	031	Darlington County, SC	2009	NA	31068	27033	4035	13
CN4503300000000	45	033	Dillon County, SC	2009	NA	13778	11669	2109	15.3
CN4503500000000	45	035	Dorchester County, SC	2009	NA	64044	57801	6243	9.7
CN4503700000000	45	037	Edgefield County, SC	2009	NA	11151	10019	1132	10.2
CN4503900000000	45	039	Fairfield County, SC	2009	NA	10818	9393	1425	13.2
CN4504100000000	45	041	Florence County, SC	2009	NA	63640	56550	7090	11.1
CN4504300000000	45	043	Georgetown County, SC	2009	NA	30222	26618	3604	11.9
CN4504500000000	45	045	Greenville County, SC	2009	NA	223171	201358	21813	9.8
CN4504700000000	45	047	Greenwood County, SC	2009	NA	30991	27121	3870	12.5
CN4504900000000	45	049	Hampton County, SC	2009	NA	7955	6779	1176	14.8
CN4505100000000	45	051	Horry County, SC	2009	NA	130286	115067	15219	11.7
CN4505300000000	45	053	Jasper County, SC	2009	NA	10095	9054	1041	10.3
CN4505500000000	45	055	Kershaw County, SC	2009	NA	29874	26716	3158	10.6
CN4505700000000	45	057	Lancaster County, SC	2009	NA	30340	25070	5270	17.4
CN4505900000000	45	059	Laurens County, SC	2009	NA	32050	28291	3759	11.7
CN4506100000000	45	061	Lee County, SC	2009	NA	8495	7283	1212	14.3
CN4506300000000	45	063	Lexington County, SC	2009	NA	132981	122305	10676	8
CN4506500000000	45	065	McCormick County, SC	2009	NA	3423	2872	551	16.1
CN4506700000000	45	067	Marion County, SC	2009	NA	12916	10286	2630	20.4
CN4506900000000	45	069	Marlboro County, SC	2009	NA	12036	9739	2297	19.1
CN4507100000000	45	071	Newberry County, SC	2009	NA	18446	16351	2095	11.4
CN4507300000000	45	073	Oconee County, SC	2009	NA	31227	27082	4145	13.3
CN4507500000000	45	075	Orangeburg County, SC	2009	NA	41540	35196	6344	15.3
CN4507700000000	45	077	Pickens County, SC	2009	NA	56986	51007	5979	10.5
CN4507900000000	45	079	Richland County, SC	2009	NA	179853	163237	16616	9.2
CN4508100000000	45	081	Saluda County, SC	2009	NA	8964	8113	851	9.5
CN4508300000000	45	083	Spartanburg County, SC	2009	NA	135629	119499	16130	11.9
CN4508500000000	45	085	Sumter County, SC	2009	NA	44819	39309	5510	12.3
CN4508700000000	45	087	Union County, SC	2009	NA	12077	9763	2314	19.2
CN4508900000000	45	089	Williamsburg County, SC	2009	NA	15856	13552	2304	14.5
CN4509100000000	45	091	York County, SC	2009	NA	112281	97133	15148	13.5
CN4600300000000	46	003	Aurora County, SD	2009	NA	1529	1462	67	4.4
CN4600500000000	46	005	Beadle County, SD	2009	NA	9723	9365	358	3.7
CN4600700000000	46	007	Bennett County, SD	2009	NA	1431	1354	77	5.4
CN4600900000000	46	009	Bon Homme County, SD	2009	NA	3136	2968	168	5.4
CN4601100000000	46	011	Brookings County, SD	2009	NA	19026	18312	714	3.8
CN4601300000000	46	013	Brown County, SD	2009	NA	21221	20452	769	3.6
CN4601500000000	46	015	Brule County, SD	2009	NA	2856	2756	100	3.5
CN4601700000000	46	017	Buffalo County, SD	2009	NA	510	433	77	15.1
CN4601900000000	46	019	Butte County, SD	2009	NA	5447	5171	276	5.1
CN4602100000000	46	021	Campbell County, SD	2009	NA	856	820	36	4.2
CN4602300000000	46	023	Charles Mix County, SD	2009	NA	4194	3987	207	4.9
CN4602500000000	46	025	Clark County, SD	2009	NA	1828	1724	104	5.7
CN4602700000000	46	027	Clay County, SD	2009	NA	7655	7348	307	4
CN4602900000000	46	029	Codington County, SD	2009	NA	16256	15249	1007	6.2
CN4603100000000	46	031	Corson County, SD	2009	NA	1415	1321	94	6.6
CN4603300000000	46	033	Custer County, SD	2009	NA	5017	4807	210	4.2
CN4603500000000	46	035	Davison County, SD	2009	NA	11229	10685	544	4.8
CN4603700000000	46	037	Day County, SD	2009	NA	2920	2717	203	7
CN4603900000000	46	039	Deuel County, SD	2009	NA	2728	2565	163	6
CN4604100000000	46	041	Dewey County, SD	2009	NA	2670	2376	294	11
CN4604300000000	46	043	Douglas County, SD	2009	NA	1775	1701	74	4.2
CN4604500000000	46	045	Edmunds County, SD	2009	NA	2009	1939	70	3.5
CN4604700000000	46	047	Fall River County, SD	2009	NA	3811	3582	229	6
CN4604900000000	46	049	Faulk County, SD	2009	NA	1150	1110	40	3.5
CN4605100000000	46	051	Grant County, SD	2009	NA	4203	4004	199	4.7
CN4605300000000	46	053	Gregory County, SD	2009	NA	2350	2253	97	4.1
CN4605500000000	46	055	Haakon County, SD	2009	NA	1168	1125	43	3.7
CN4605700000000	46	057	Hamlin County, SD	2009	NA	2970	2809	161	5.4
CN4605900000000	46	059	Hand County, SD	2009	NA	1929	1869	60	3.1
CN4606100000000	46	061	Hanson County, SD	2009	NA	1921	1835	86	4.5
CN4606300000000	46	063	Harding County, SD	2009	NA	797	772	25	3.1
CN4606500000000	46	065	Hughes County, SD	2009	NA	10395	10059	336	3.2
CN4606700000000	46	067	Hutchinson County, SD	2009	NA	3808	3649	159	4.2
CN4606900000000	46	069	Hyde County, SD	2009	NA	760	730	30	3.9
CN4607100000000	46	071	Jackson County, SD	2009	NA	1271	1183	88	6.9
CN4607300000000	46	073	Jerauld County, SD	2009	NA	1392	1349	43	3.1
CN4607500000000	46	075	Jones County, SD	2009	NA	724	701	23	3.2
CN4607700000000	46	077	Kingsbury County, SD	2009	NA	2975	2816	159	5.3
CN4607900000000	46	079	Lake County, SD	2009	NA	6738	6308	430	6.4
CN4608100000000	46	081	Lawrence County, SD	2009	NA	13589	12997	592	4.4
CN4608300000000	46	083	Lincoln County, SD	2009	NA	22293	21327	966	4.3
CN4608500000000	46	085	Lyman County, SD	2009	NA	2020	1898	122	6
CN4608700000000	46	087	McCook County, SD	2009	NA	2642	2499	143	5.4
CN4608900000000	46	089	McPherson County, SD	2009	NA	1164	1102	62	5.3
CN4609100000000	46	091	Marshall County, SD	2009	NA	2107	1967	140	6.6
CN4609300000000	46	093	Meade County, SD	2009	NA	12074	11470	604	5
CN4609500000000	46	095	Mellette County, SD	2009	NA	875	813	62	7.1
CN4609700000000	46	097	Miner County, SD	2009	NA	1278	1210	68	5.3
CN4609900000000	46	099	Minnehaha County, SD	2009	NA	100524	95455	5069	5
CN4610100000000	46	101	Moody County, SD	2009	NA	3955	3690	265	6.7
CN4610200000000	46	102	Oglala Lakota County, SD	2009	NA	3995	3560	435	10.9
CN4610300000000	46	103	Pennington County, SD	2009	NA	55334	52622	2712	4.9
CN4610500000000	46	105	Perkins County, SD	2009	NA	1635	1567	68	4.2
CN4610700000000	46	107	Potter County, SD	2009	NA	1313	1264	49	3.7
CN4610900000000	46	109	Roberts County, SD	2009	NA	4801	4513	288	6
CN4611100000000	46	111	Sanborn County, SD	2009	NA	1412	1356	56	4
CN4611500000000	46	115	Spink County, SD	2009	NA	3472	3327	145	4.2
CN4611700000000	46	117	Stanley County, SD	2009	NA	1950	1888	62	3.2
CN4611900000000	46	119	Sully County, SD	2009	NA	1001	971	30	3
CN4612100000000	46	121	Todd County, SD	2009	NA	3561	3306	255	7.2
CN4612300000000	46	123	Tripp County, SD	2009	NA	2965	2861	104	3.5
CN4612500000000	46	125	Turner County, SD	2009	NA	4085	3874	211	5.2
CN4612700000000	46	127	Union County, SD	2009	NA	8544	8032	512	6
CN4612900000000	46	129	Walworth County, SD	2009	NA	2720	2581	139	5.1
CN4613500000000	46	135	Yankton County, SD	2009	NA	12022	11350	672	5.6
CN4613700000000	46	137	Ziebach County, SD	2009	NA	890	827	63	7.1
CN4700100000000	47	001	Anderson County, TN	2009	NA	36055	32487	3568	9.9
CN4700300000000	47	003	Bedford County, TN	2009	NA	22424	19683	2741	12.2
CN4700500000000	47	005	Benton County, TN	2009	NA	7057	6075	982	13.9
CN4700700000000	47	007	Bledsoe County, TN	2009	NA	4933	4241	692	14
CN4700900000000	47	009	Blount County, TN	2009	NA	63735	57439	6296	9.9
CN4701100000000	47	011	Bradley County, TN	2009	NA	47675	43149	4526	9.5
CN4701300000000	47	013	Campbell County, TN	2009	NA	16980	14742	2238	13.2
CN4701500000000	47	015	Cannon County, TN	2009	NA	6593	5802	791	12
CN4701700000000	47	017	Carroll County, TN	2009	NA	13754	11555	2199	16
CN4701900000000	47	019	Carter County, TN	2009	NA	29418	26384	3034	10.3
CN4702100000000	47	021	Cheatham County, TN	2009	NA	20388	18463	1925	9.4
CN4702300000000	47	023	Chester County, TN	2009	NA	7861	6974	887	11.3
CN4702500000000	47	025	Claiborne County, TN	2009	NA	13178	11588	1590	12.1
CN4702700000000	47	027	Clay County, TN	2009	NA	3339	2849	490	14.7
CN4702900000000	47	029	Cocke County, TN	2009	NA	16642	14316	2326	14
CN4703100000000	47	031	Coffee County, TN	2009	NA	25541	22792	2749	10.8
CN4703300000000	47	033	Crockett County, TN	2009	NA	6523	5666	857	13.1
CN4703500000000	47	035	Cumberland County, TN	2009	NA	23041	20420	2621	11.4
CN4703700000000	47	037	Davidson County, TN	2009	NA	323043	294328	28715	8.9
CN4703900000000	47	039	Decatur County, TN	2009	NA	5705	4942	763	13.4
CN4704100000000	47	041	DeKalb County, TN	2009	NA	10004	8912	1092	10.9
CN4704300000000	47	043	Dickson County, TN	2009	NA	23523	20919	2604	11.1
CN4704500000000	47	045	Dyer County, TN	2009	NA	17589	15136	2453	13.9
CN4704700000000	47	047	Fayette County, TN	2009	NA	18209	16194	2015	11.1
CN4704900000000	47	049	Fentress County, TN	2009	NA	7977	6908	1069	13.4
CN4705100000000	47	051	Franklin County, TN	2009	NA	19633	17490	2143	10.9
CN4705300000000	47	053	Gibson County, TN	2009	NA	21584	18415	3169	14.7
CN4705500000000	47	055	Giles County, TN	2009	NA	13425	11420	2005	14.9
CN4705700000000	47	057	Grainger County, TN	2009	NA	10120	8699	1421	14
CN4705900000000	47	059	Greene County, TN	2009	NA	29907	25169	4738	15.8
CN4706100000000	47	061	Grundy County, TN	2009	NA	6016	5167	849	14.1
CN4706300000000	47	063	Hamblen County, TN	2009	NA	29971	26169	3802	12.7
CN4706500000000	47	065	Hamilton County, TN	2009	NA	164214	149419	14795	9
CN4706700000000	47	067	Hancock County, TN	2009	NA	2664	2270	394	14.8
CN4706900000000	47	069	Hardeman County, TN	2009	NA	11329	9893	1436	12.7
CN4707100000000	47	071	Hardin County, TN	2009	NA	11866	10383	1483	12.5
CN4707300000000	47	073	Hawkins County, TN	2009	NA	27491	24386	3105	11.3
CN4707500000000	47	075	Haywood County, TN	2009	NA	9297	7816	1481	15.9
CN4707700000000	47	077	Henderson County, TN	2009	NA	12055	9875	2180	18.1
CN4707900000000	47	079	Henry County, TN	2009	NA	13672	11845	1827	13.4
CN4708100000000	47	081	Hickman County, TN	2009	NA	10090	8778	1312	13
CN4708300000000	47	083	Houston County, TN	2009	NA	3922	3447	475	12.1
CN4708500000000	47	085	Humphreys County, TN	2009	NA	9033	7880	1153	12.8
CN4708700000000	47	087	Jackson County, TN	2009	NA	5008	4321	687	13.7
CN4708900000000	47	089	Jefferson County, TN	2009	NA	24299	21228	3071	12.6
CN4709100000000	47	091	Johnson County, TN	2009	NA	7460	6502	958	12.8
CN4709300000000	47	093	Knox County, TN	2009	NA	230341	211705	18636	8.1
CN4709500000000	47	095	Lake County, TN	2009	NA	2662	2368	294	11
CN4709700000000	47	097	Lauderdale County, TN	2009	NA	10416	8458	1958	18.8
CN4709900000000	47	099	Lawrence County, TN	2009	NA	16870	14269	2601	15.4
CN4710100000000	47	101	Lewis County, TN	2009	NA	5577	4700	877	15.7
CN4710300000000	47	103	Lincoln County, TN	2009	NA	17095	15867	1228	7.2
CN4710500000000	47	105	Loudon County, TN	2009	NA	23654	21363	2291	9.7
CN4710700000000	47	107	McMinn County, TN	2009	NA	23549	20252	3297	14
CN4710900000000	47	109	McNairy County, TN	2009	NA	11077	9526	1551	14
CN4711100000000	47	111	Macon County, TN	2009	NA	10629	9322	1307	12.3
CN4711300000000	47	113	Madison County, TN	2009	NA	48374	43230	5144	10.6
CN4711500000000	47	115	Marion County, TN	2009	NA	12707	11144	1563	12.3
CN4711700000000	47	117	Marshall County, TN	2009	NA	12507	10332	2175	17.4
CN4711900000000	47	119	Maury County, TN	2009	NA	37374	32225	5149	13.8
CN4712100000000	47	121	Meigs County, TN	2009	NA	5135	4386	749	14.6
CN4712300000000	47	123	Monroe County, TN	2009	NA	18769	15481	3288	17.5
CN4712500000000	47	125	Montgomery County, TN	2009	NA	69330	63164	6166	8.9
CN4712700000000	47	127	Moore County, TN	2009	NA	3051	2761	290	9.5
CN4712900000000	47	129	Morgan County, TN	2009	NA	8812	7813	999	11.3
CN4713100000000	47	131	Obion County, TN	2009	NA	15199	13635	1564	10.3
CN4713300000000	47	133	Overton County, TN	2009	NA	10105	8752	1353	13.4
CN4713500000000	47	135	Perry County, TN	2009	NA	2831	2178	653	23.1
CN4713700000000	47	137	Pickett County, TN	2009	NA	1821	1547	274	15
CN4713900000000	47	139	Polk County, TN	2009	NA	7080	6187	893	12.6
CN4714100000000	47	141	Putnam County, TN	2009	NA	36014	32518	3496	9.7
CN4714300000000	47	143	Rhea County, TN	2009	NA	13468	11645	1823	13.5
CN4714500000000	47	145	Roane County, TN	2009	NA	27483	24975	2508	9.1
CN4714700000000	47	147	Robertson County, TN	2009	NA	33982	30508	3474	10.2
CN4714900000000	47	149	Rutherford County, TN	2009	NA	135885	122762	13123	9.7
CN4715100000000	47	151	Scott County, TN	2009	NA	8519	6956	1563	18.3
CN4715300000000	47	153	Sequatchie County, TN	2009	NA	6309	5530	779	12.3
CN4715500000000	47	155	Sevier County, TN	2009	NA	48753	43453	5300	10.9
CN4715700000000	47	157	Shelby County, TN	2009	NA	438125	393849	44276	10.1
CN4715900000000	47	159	Smith County, TN	2009	NA	9359	8087	1272	13.6
CN4716100000000	47	161	Stewart County, TN	2009	NA	5915	5210	705	11.9
CN4716300000000	47	163	Sullivan County, TN	2009	NA	74989	68394	6595	8.8
CN4716500000000	47	165	Sumner County, TN	2009	NA	80600	72678	7922	9.8
CN4716700000000	47	167	Tipton County, TN	2009	NA	29018	25418	3600	12.4
CN4716900000000	47	169	Trousdale County, TN	2009	NA	3718	3268	450	12.1
CN4717100000000	47	171	Unicoi County, TN	2009	NA	8472	7489	983	11.6
CN4717300000000	47	173	Union County, TN	2009	NA	8913	7946	967	10.8
CN4717500000000	47	175	Van Buren County, TN	2009	NA	2452	2087	365	14.9
CN4717700000000	47	177	Warren County, TN	2009	NA	17151	14688	2463	14.4
CN4717900000000	47	179	Washington County, TN	2009	NA	62614	57165	5449	8.7
CN4718100000000	47	181	Wayne County, TN	2009	NA	6692	5794	898	13.4
CN4718300000000	47	183	Weakley County, TN	2009	NA	15947	13961	1986	12.5
CN4718500000000	47	185	White County, TN	2009	NA	10682	9168	1514	14.2
CN4718700000000	47	187	Williamson County, TN	2009	NA	89683	82930	6753	7.5
CN4718900000000	47	189	Wilson County, TN	2009	NA	58741	53438	5303	9
CN4800100000000	48	001	Anderson County, TX	2009	NA	20852	19040	1812	8.7
CN4800300000000	48	003	Andrews County, TX	2009	NA	6985	6494	491	7
CN4800500000000	48	005	Angelina County, TX	2009	NA	39961	36681	3280	8.2
CN4800700000000	48	007	Aransas County, TX	2009	NA	11566	10776	790	6.8
CN4800900000000	48	009	Archer County, TX	2009	NA	5001	4705	296	5.9
CN4801100000000	48	011	Armstrong County, TX	2009	NA	1060	1012	48	4.5
CN4801300000000	48	013	Atascosa County, TX	2009	NA	19420	17978	1442	7.4
CN4801500000000	48	015	Austin County, TX	2009	NA	13214	12246	968	7.3
CN4801700000000	48	017	Bailey County, TX	2009	NA	3350	3162	188	5.6
CN4801900000000	48	019	Bandera County, TX	2009	NA	9817	9176	641	6.5
CN4802100000000	48	021	Bastrop County, TX	2009	NA	34248	31535	2713	7.9
CN4802300000000	48	023	Baylor County, TX	2009	NA	1962	1852	110	5.6
CN4802500000000	48	025	Bee County, TX	2009	NA	11879	10809	1070	9
CN4802700000000	48	027	Bell County, TX	2009	NA	126877	118431	8446	6.7
CN4802900000000	48	029	Bexar County, TX	2009	NA	763919	712413	51506	6.7
CN4803100000000	48	031	Blanco County, TX	2009	NA	5067	4804	263	5.2
CN4803300000000	48	033	Borden County, TX	2009	NA	424	401	23	5.4
CN4803500000000	48	035	Bosque County, TX	2009	NA	8550	7885	665	7.8
CN4803700000000	48	037	Bowie County, TX	2009	NA	44185	41259	2926	6.6
CN4803900000000	48	039	Brazoria County, TX	2009	NA	146139	134316	11823	8.1
CN4804100000000	48	041	Brazos County, TX	2009	NA	96652	91367	5285	5.5
CN4804300000000	48	043	Brewster County, TX	2009	NA	5153	4892	261	5.1
CN4804500000000	48	045	Briscoe County, TX	2009	NA	714	678	36	5
CN4804700000000	48	047	Brooks County, TX	2009	NA	3308	2999	309	9.3
CN4804900000000	48	049	Brown County, TX	2009	NA	19013	17717	1296	6.8
CN4805100000000	48	051	Burleson County, TX	2009	NA	8142	7584	558	6.9
CN4805300000000	48	053	Burnet County, TX	2009	NA	22224	20870	1354	6.1
CN4805500000000	48	055	Caldwell County, TX	2009	NA	15740	14428	1312	8.3
CN4805700000000	48	057	Calhoun County, TX	2009	NA	9446	8644	802	8.5
CN4805900000000	48	059	Callahan County, TX	2009	NA	7092	6679	413	5.8
CN4806100000000	48	061	Cameron County, TX	2009	NA	151405	136689	14716	9.7
CN4806300000000	48	063	Camp County, TX	2009	NA	5743	5234	509	8.9
CN4806500000000	48	065	Carson County, TX	2009	NA	3261	3071	190	5.8
CN4806700000000	48	067	Cass County, TX	2009	NA	13337	11824	1513	11.3
CN4806900000000	48	069	Castro County, TX	2009	NA	3693	3516	177	4.8
CN4807100000000	48	071	Chambers County, TX	2009	NA	15348	13953	1395	9.1
CN4807300000000	48	073	Cherokee County, TX	2009	NA	20965	19119	1846	8.8
CN4807500000000	48	075	Childress County, TX	2009	NA	3298	3098	200	6.1
CN4807700000000	48	077	Clay County, TX	2009	NA	6074	5657	417	6.9
CN4807900000000	48	079	Cochran County, TX	2009	NA	1506	1409	97	6.4
CN4808100000000	48	081	Coke County, TX	2009	NA	1322	1215	107	8.1
CN4808300000000	48	083	Coleman County, TX	2009	NA	4381	4079	302	6.9
CN4808500000000	48	085	Collin County, TX	2009	NA	414997	384888	30109	7.3
CN4808700000000	48	087	Collingsworth County, TX	2009	NA	1492	1411	81	5.4
CN4808900000000	48	089	Colorado County, TX	2009	NA	10742	10057	685	6.4
CN4809100000000	48	091	Comal County, TX	2009	NA	57279	53758	3521	6.1
CN4809300000000	48	093	Comanche County, TX	2009	NA	6833	6421	412	6
CN4809500000000	48	095	Concho County, TX	2009	NA	1348	1252	96	7.1
CN4809700000000	48	097	Cooke County, TX	2009	NA	21821	20402	1419	6.5
CN4809900000000	48	099	Coryell County, TX	2009	NA	24278	22285	1993	8.2
CN4810100000000	48	101	Cottle County, TX	2009	NA	799	755	44	5.5
CN4810300000000	48	103	Crane County, TX	2009	NA	1771	1617	154	8.7
CN4810500000000	48	105	Crockett County, TX	2009	NA	2282	2087	195	8.5
CN4810700000000	48	107	Crosby County, TX	2009	NA	2581	2403	178	6.9
CN4810900000000	48	109	Culberson County, TX	2009	NA	1809	1737	72	4
CN4811100000000	48	111	Dallam County, TX	2009	NA	3756	3600	156	4.2
CN4811300000000	48	113	Dallas County, TX	2009	NA	1143197	1049081	94116	8.2
CN4811500000000	48	115	Dawson County, TX	2009	NA	5357	4931	426	8
CN4811700000000	48	117	Deaf Smith County, TX	2009	NA	9138	8662	476	5.2
CN4811900000000	48	119	Delta County, TX	2009	NA	2254	2059	195	8.7
CN4812100000000	48	121	Denton County, TX	2009	NA	350711	325707	25004	7.1
CN4812300000000	48	123	DeWitt County, TX	2009	NA	9177	8486	691	7.5
CN4812500000000	48	125	Dickens County, TX	2009	NA	1027	953	74	7.2
CN4812700000000	48	127	Dimmit County, TX	2009	NA	4199	3779	420	10
CN4812900000000	48	129	Donley County, TX	2009	NA	1926	1814	112	5.8
CN4813100000000	48	131	Duval County, TX	2009	NA	5254	4680	574	10.9
CN4813300000000	48	133	Eastland County, TX	2009	NA	8591	7943	648	7.5
CN4813500000000	48	135	Ector County, TX	2009	NA	71470	65671	5799	8.1
CN4813700000000	48	137	Edwards County, TX	2009	NA	1076	1000	76	7.1
CN4813900000000	48	139	Ellis County, TX	2009	NA	70942	65301	5641	8
CN4814100000000	48	141	El Paso County, TX	2009	NA	307566	280379	27187	8.8
CN4814300000000	48	143	Erath County, TX	2009	NA	19196	17985	1211	6.3
CN4814500000000	48	145	Falls County, TX	2009	NA	6670	6089	581	8.7
CN4814700000000	48	147	Fannin County, TX	2009	NA	13628	12455	1173	8.6
CN4814900000000	48	149	Fayette County, TX	2009	NA	12261	11590	671	5.5
CN4815100000000	48	151	Fisher County, TX	2009	NA	2020	1899	121	6
CN4815300000000	48	153	Floyd County, TX	2009	NA	3221	3011	210	6.5
CN4815500000000	48	155	Foard County, TX	2009	NA	720	679	41	5.7
CN4815700000000	48	157	Fort Bend County, TX	2009	NA	276806	257050	19756	7.1
CN4815900000000	48	159	Franklin County, TX	2009	NA	5466	5093	373	6.8
CN4816100000000	48	161	Freestone County, TX	2009	NA	10139	9499	640	6.3
CN4816300000000	48	163	Frio County, TX	2009	NA	7439	6883	556	7.5
CN4816500000000	48	165	Gaines County, TX	2009	NA	7041	6599	442	6.3
CN4816700000000	48	167	Galveston County, TX	2009	NA	140480	128942	11538	8.2
CN4816900000000	48	169	Garza County, TX	2009	NA	2456	2329	127	5.2
CN4817100000000	48	171	Gillespie County, TX	2009	NA	13690	13081	609	4.4
CN4817300000000	48	173	Glasscock County, TX	2009	NA	652	622	30	4.6
CN4817500000000	48	175	Goliad County, TX	2009	NA	3383	3150	233	6.9
CN4817700000000	48	177	Gonzales County, TX	2009	NA	10126	9568	558	5.5
CN4817900000000	48	179	Gray County, TX	2009	NA	11279	10364	915	8.1
CN4818100000000	48	181	Grayson County, TX	2009	NA	56774	52260	4514	8
CN4818300000000	48	183	Gregg County, TX	2009	NA	64999	60381	4618	7.1
CN4818500000000	48	185	Grimes County, TX	2009	NA	11544	10555	989	8.6
CN4818700000000	48	187	Guadalupe County, TX	2009	NA	60038	56180	3858	6.4
CN4818900000000	48	189	Hale County, TX	2009	NA	17323	16278	1045	6
CN4819100000000	48	191	Hall County, TX	2009	NA	1462	1342	120	8.2
CN4819300000000	48	193	Hamilton County, TX	2009	NA	4352	4108	244	5.6
CN4819500000000	48	195	Hansford County, TX	2009	NA	2785	2639	146	5.2
CN4819700000000	48	197	Hardeman County, TX	2009	NA	2264	2098	166	7.3
CN4819900000000	48	199	Hardin County, TX	2009	NA	27221	24898	2323	8.5
CN4820100000000	48	201	Harris County, TX	2009	NA	1971402	1822227	149175	7.6
CN4820300000000	48	203	Harrison County, TX	2009	NA	32818	30134	2684	8.2
CN4820500000000	48	205	Hartley County, TX	2009	NA	2466	2366	100	4.1
CN4820700000000	48	207	Haskell County, TX	2009	NA	3240	3076	164	5.1
CN4820900000000	48	209	Hays County, TX	2009	NA	78949	73750	5199	6.6
CN4821100000000	48	211	Hemphill County, TX	2009	NA	2617	2527	90	3.4
CN4821300000000	48	213	Henderson County, TX	2009	NA	35137	32304	2833	8.1
CN4821500000000	48	215	Hidalgo County, TX	2009	NA	296567	265434	31133	10.5
CN4821700000000	48	217	Hill County, TX	2009	NA	16420	15136	1284	7.8
CN4821900000000	48	219	Hockley County, TX	2009	NA	12196	11375	821	6.7
CN4822100000000	48	221	Hood County, TX	2009	NA	26231	24341	1890	7.2
CN4822300000000	48	223	Hopkins County, TX	2009	NA	17826	16744	1082	6.1
CN4822500000000	48	225	Houston County, TX	2009	NA	8214	7463	751	9.1
CN4822700000000	48	227	Howard County, TX	2009	NA	14327	13282	1045	7.3
CN4822900000000	48	229	Hudspeth County, TX	2009	NA	1719	1626	93	5.4
CN4823100000000	48	231	Hunt County, TX	2009	NA	36422	33442	2980	8.2
CN4823300000000	48	233	Hutchinson County, TX	2009	NA	11354	10585	769	6.8
CN4823500000000	48	235	Irion County, TX	2009	NA	921	873	48	5.2
CN4823700000000	48	237	Jack County, TX	2009	NA	5277	4948	329	6.2
CN4823900000000	48	239	Jackson County, TX	2009	NA	6922	6411	511	7.4
CN4824100000000	48	241	Jasper County, TX	2009	NA	15935	14324	1611	10.1
CN4824300000000	48	243	Jeff Davis County, TX	2009	NA	1200	1143	57	4.8
CN4824500000000	48	245	Jefferson County, TX	2009	NA	115438	104421	11017	9.5
CN4824700000000	48	247	Jim Hogg County, TX	2009	NA	3008	2776	232	7.7
CN4824900000000	48	249	Jim Wells County, TX	2009	NA	21655	19697	1958	9
CN4825100000000	48	251	Johnson County, TX	2009	NA	74920	68795	6125	8.2
CN4825300000000	48	253	Jones County, TX	2009	NA	7766	7171	595	7.7
CN4825500000000	48	255	Karnes County, TX	2009	NA	5481	4989	492	9
CN4825700000000	48	257	Kaufman County, TX	2009	NA	46868	43003	3865	8.2
CN4825900000000	48	259	Kendall County, TX	2009	NA	16712	15767	945	5.7
CN4826100000000	48	261	Kenedy County, TX	2009	NA	235	221	14	6
CN4826300000000	48	263	Kent County, TX	2009	NA	463	439	24	5.2
CN4826500000000	48	265	Kerr County, TX	2009	NA	23323	21976	1347	5.8
CN4826700000000	48	267	Kimble County, TX	2009	NA	2145	2033	112	5.2
CN4826900000000	48	269	King County, TX	2009	NA	196	186	10	5.1
CN4827100000000	48	271	Kinney County, TX	2009	NA	1436	1325	111	7.7
CN4827300000000	48	273	Kleberg County, TX	2009	NA	17029	15885	1144	6.7
CN4827500000000	48	275	Knox County, TX	2009	NA	1832	1726	106	5.8
CN4827700000000	48	277	Lamar County, TX	2009	NA	23503	21705	1798	7.7
CN4827900000000	48	279	Lamb County, TX	2009	NA	7081	6576	505	7.1
CN4828100000000	48	281	Lampasas County, TX	2009	NA	10492	9883	609	5.8
CN4828300000000	48	283	La Salle County, TX	2009	NA	2920	2650	270	9.2
CN4828500000000	48	285	Lavaca County, TX	2009	NA	10006	9437	569	5.7
CN4828700000000	48	287	Lee County, TX	2009	NA	9113	8505	608	6.7
CN4828900000000	48	289	Leon County, TX	2009	NA	8250	7671	579	7
CN4829100000000	48	291	Liberty County, TX	2009	NA	31455	28264	3191	10.1
CN4829300000000	48	293	Limestone County, TX	2009	NA	11233	10528	705	6.3
CN4829500000000	48	295	Lipscomb County, TX	2009	NA	1730	1613	117	6.8
CN4829700000000	48	297	Live Oak County, TX	2009	NA	5197	4833	364	7
CN4829900000000	48	299	Llano County, TX	2009	NA	8522	7932	590	6.9
CN4830100000000	48	301	Loving County, TX	2009	NA	43	39	4	9.3
CN4830300000000	48	303	Lubbock County, TX	2009	NA	141963	134337	7626	5.4
CN4830500000000	48	305	Lynn County, TX	2009	NA	2870	2699	171	6
CN4830700000000	48	307	McCulloch County, TX	2009	NA	3936	3624	312	7.9
CN4830900000000	48	309	McLennan County, TX	2009	NA	113759	106094	7665	6.7
CN4831100000000	48	311	McMullen County, TX	2009	NA	360	335	25	6.9
CN4831300000000	48	313	Madison County, TX	2009	NA	5328	4934	394	7.4
CN4831500000000	48	315	Marion County, TX	2009	NA	5132	4603	529	10.3
CN4831700000000	48	317	Martin County, TX	2009	NA	2246	2138	108	4.8
CN4831900000000	48	319	Mason County, TX	2009	NA	2399	2279	120	5
CN4832100000000	48	321	Matagorda County, TX	2009	NA	17837	16059	1778	10
CN4832300000000	48	323	Maverick County, TX	2009	NA	22722	19467	3255	14.3
CN4832500000000	48	325	Medina County, TX	2009	NA	19878	18553	1325	6.7
CN4832700000000	48	327	Menard County, TX	2009	NA	1103	1030	73	6.6
CN4832900000000	48	329	Midland County, TX	2009	NA	74935	70765	4170	5.6
CN4833100000000	48	331	Milam County, TX	2009	NA	11455	10208	1247	10.9
CN4833300000000	48	333	Mills County, TX	2009	NA	2450	2319	131	5.3
CN4833500000000	48	335	Mitchell County, TX	2009	NA	3498	3207	291	8.3
CN4833700000000	48	337	Montague County, TX	2009	NA	10695	9934	761	7.1
CN4833900000000	48	339	Montgomery County, TX	2009	NA	220240	205009	15231	6.9
CN4834100000000	48	341	Moore County, TX	2009	NA	11510	10976	534	4.6
CN4834300000000	48	343	Morris County, TX	2009	NA	6080	5177	903	14.9
CN4834500000000	48	345	Motley County, TX	2009	NA	686	649	37	5.4
CN4834700000000	48	347	Nacogdoches County, TX	2009	NA	31827	29766	2061	6.5
CN4834900000000	48	349	Navarro County, TX	2009	NA	21318	19645	1673	7.8
CN4835100000000	48	351	Newton County, TX	2009	NA	5853	5182	671	11.5
CN4835300000000	48	353	Nolan County, TX	2009	NA	7857	7364	493	6.3
CN4835500000000	48	355	Nueces County, TX	2009	NA	165625	154451	11174	6.7
CN4835700000000	48	357	Ochiltree County, TX	2009	NA	5502	5176	326	5.9
CN4835900000000	48	359	Oldham County, TX	2009	NA	923	871	52	5.6
CN4836100000000	48	361	Orange County, TX	2009	NA	41400	37325	4075	9.8
CN4836300000000	48	363	Palo Pinto County, TX	2009	NA	14210	13096	1114	7.8
CN4836500000000	48	365	Panola County, TX	2009	NA	13199	12230	969	7.3
CN4836700000000	48	367	Parker County, TX	2009	NA	54611	50466	4145	7.6
CN4836900000000	48	369	Parmer County, TX	2009	NA	4622	4419	203	4.4
CN4837100000000	48	371	Pecos County, TX	2009	NA	8410	7687	723	8.6
CN4837300000000	48	373	Polk County, TX	2009	NA	17978	16347	1631	9.1
CN4837500000000	48	375	Potter County, TX	2009	NA	57625	54156	3469	6
CN4837700000000	48	377	Presidio County, TX	2009	NA	3744	3139	605	16.2
CN4837900000000	48	379	Rains County, TX	2009	NA	5116	4707	409	8
CN4838100000000	48	381	Randall County, TX	2009	NA	69158	65971	3187	4.6
CN4838300000000	48	383	Reagan County, TX	2009	NA	2215	2082	133	6
CN4838500000000	48	385	Real County, TX	2009	NA	1537	1452	85	5.5
CN4838700000000	48	387	Red River County, TX	2009	NA	6010	5460	550	9.2
CN4838900000000	48	389	Reeves County, TX	2009	NA	4687	4151	536	11.4
CN4839100000000	48	391	Refugio County, TX	2009	NA	4141	3875	266	6.4
CN4839300000000	48	393	Roberts County, TX	2009	NA	583	555	28	4.8
CN4839500000000	48	395	Robertson County, TX	2009	NA	7221	6656	565	7.8
CN4839700000000	48	397	Rockwall County, TX	2009	NA	39332	36512	2820	7.2
CN4839900000000	48	399	Runnels County, TX	2009	NA	4561	4220	341	7.5
CN4840100000000	48	401	Rusk County, TX	2009	NA	24266	22379	1887	7.8
CN4840300000000	48	403	Sabine County, TX	2009	NA	3540	3010	530	15
CN4840500000000	48	405	San Augustine County, TX	2009	NA	3605	3242	363	10.1
CN4840700000000	48	407	San Jacinto County, TX	2009	NA	10139	9197	942	9.3
CN4840900000000	48	409	San Patricio County, TX	2009	NA	30628	28009	2619	8.6
CN4841100000000	48	411	San Saba County, TX	2009	NA	2455	2281	174	7.1
CN4841300000000	48	413	Schleicher County, TX	2009	NA	1510	1369	141	9.3
CN4841500000000	48	415	Scurry County, TX	2009	NA	7763	7240	523	6.7
CN4841700000000	48	417	Shackelford County, TX	2009	NA	2127	2042	85	4
CN4841900000000	48	419	Shelby County, TX	2009	NA	12613	11696	917	7.3
CN4842100000000	48	421	Sherman County, TX	2009	NA	1444	1381	63	4.4
CN4842300000000	48	423	Smith County, TX	2009	NA	100397	92806	7591	7.6
CN4842500000000	48	425	Somervell County, TX	2009	NA	4224	3924	300	7.1
CN4842700000000	48	427	Starr County, TX	2009	NA	24428	20415	4013	16.4
CN4842900000000	48	429	Stephens County, TX	2009	NA	4629	4316	313	6.8
CN4843100000000	48	431	Sterling County, TX	2009	NA	855	819	36	4.2
CN4843300000000	48	433	Stonewall County, TX	2009	NA	849	813	36	4.2
CN4843500000000	48	435	Sutton County, TX	2009	NA	3449	3204	245	7.1
CN4843700000000	48	437	Swisher County, TX	2009	NA	3648	3439	209	5.7
CN4843900000000	48	439	Tarrant County, TX	2009	NA	896305	827369	68936	7.7
CN4844100000000	48	441	Taylor County, TX	2009	NA	67826	64023	3803	5.6
CN4844300000000	48	443	Terrell County, TX	2009	NA	382	347	35	9.2
CN4844500000000	48	445	Terry County, TX	2009	NA	6029	5615	414	6.9
CN4844700000000	48	447	Throckmorton County, TX	2009	NA	1033	983	50	4.8
CN4844900000000	48	449	Titus County, TX	2009	NA	14308	13274	1034	7.2
CN4845100000000	48	451	Tom Green County, TX	2009	NA	52792	49458	3334	6.3
CN4845300000000	48	453	Travis County, TX	2009	NA	547413	510814	36599	6.7
CN4845500000000	48	455	Trinity County, TX	2009	NA	5905	5405	500	8.5
CN4845700000000	48	457	Tyler County, TX	2009	NA	8442	7620	822	9.7
CN4845900000000	48	459	Upshur County, TX	2009	NA	19653	18165	1488	7.6
CN4846100000000	48	461	Upton County, TX	2009	NA	1817	1718	99	5.4
CN4846300000000	48	463	Uvalde County, TX	2009	NA	11591	10674	917	7.9
CN4846500000000	48	465	Val Verde County, TX	2009	NA	20998	19063	1935	9.2
CN4846700000000	48	467	Van Zandt County, TX	2009	NA	25941	24141	1800	6.9
CN4846900000000	48	469	Victoria County, TX	2009	NA	45385	42248	3137	6.9
CN4847100000000	48	471	Walker County, TX	2009	NA	27669	25736	1933	7
CN4847300000000	48	473	Waller County, TX	2009	NA	16440	15085	1355	8.2
CN4847500000000	48	475	Ward County, TX	2009	NA	5033	4591	442	8.8
CN4847700000000	48	477	Washington County, TX	2009	NA	16966	15944	1022	6
CN4847900000000	48	479	Webb County, TX	2009	NA	94138	86110	8028	8.5
CN4848100000000	48	481	Wharton County, TX	2009	NA	21209	19729	1480	7
CN4848300000000	48	483	Wheeler County, TX	2009	NA	3212	3030	182	5.7
CN4848500000000	48	485	Wichita County, TX	2009	NA	61406	56779	4627	7.5
CN4848700000000	48	487	Wilbarger County, TX	2009	NA	7874	7504	370	4.7
CN4848900000000	48	489	Willacy County, TX	2009	NA	8388	7388	1000	11.9
CN4849100000000	48	491	Williamson County, TX	2009	NA	209947	194545	15402	7.3
CN4849300000000	48	493	Wilson County, TX	2009	NA	18901	17673	1228	6.5
CN4849500000000	48	495	Winkler County, TX	2009	NA	3411	3093	318	9.3
CN4849700000000	48	497	Wise County, TX	2009	NA	28244	25790	2454	8.7
CN4849900000000	48	499	Wood County, TX	2009	NA	18606	17120	1486	8
CN4850100000000	48	501	Yoakum County, TX	2009	NA	4101	3789	312	7.6
CN4850300000000	48	503	Young County, TX	2009	NA	9671	9048	623	6.4
CN4850500000000	48	505	Zapata County, TX	2009	NA	5326	4748	578	10.9
CN4850700000000	48	507	Zavala County, TX	2009	NA	3922	3354	568	14.5
CN4900100000000	49	001	Beaver County, UT	2009	NA	3550	3332	218	6.1
CN4900300000000	49	003	Box Elder County, UT	2009	NA	23220	21350	1870	8.1
CN4900500000000	49	005	Cache County, UT	2009	NA	62057	58660	3397	5.5
CN4900700000000	49	007	Carbon County, UT	2009	NA	10485	9659	826	7.9
CN4900900000000	49	009	Daggett County, UT	2009	NA	479	451	28	5.8
CN4901100000000	49	011	Davis County, UT	2009	NA	144875	135345	9530	6.6
CN4901300000000	49	013	Duchesne County, UT	2009	NA	10348	9466	882	8.5
CN4901500000000	49	015	Emery County, UT	2009	NA	5248	4878	370	7.1
CN4901700000000	49	017	Garfield County, UT	2009	NA	2873	2573	300	10.4
CN4901900000000	49	019	Grand County, UT	2009	NA	5402	4872	530	9.8
CN4902100000000	49	021	Iron County, UT	2009	NA	20949	19109	1840	8.8
CN4902300000000	49	023	Juab County, UT	2009	NA	3963	3566	397	10
CN4902500000000	49	025	Kane County, UT	2009	NA	3519	3252	267	7.6
CN4902700000000	49	027	Millard County, UT	2009	NA	6479	6118	361	5.6
CN4902900000000	49	029	Morgan County, UT	2009	NA	4066	3811	255	6.3
CN4903100000000	49	031	Piute County, UT	2009	NA	894	835	59	6.6
CN4903300000000	49	033	Rich County, UT	2009	NA	1461	1387	74	5.1
CN4903500000000	49	035	Salt Lake County, UT	2009	NA	553693	514653	39040	7.1
CN4903700000000	49	037	San Juan County, UT	2009	NA	5292	4667	625	11.8
CN4903900000000	49	039	Sanpete County, UT	2009	NA	11335	10382	953	8.4
CN4904100000000	49	041	Sevier County, UT	2009	NA	9876	9099	777	7.9
CN4904300000000	49	043	Summit County, UT	2009	NA	22210	20658	1552	7
CN4904500000000	49	045	Tooele County, UT	2009	NA	28202	25975	2227	7.9
CN4904700000000	49	047	Uintah County, UT	2009	NA	17684	16211	1473	8.3
CN4904900000000	49	049	Utah County, UT	2009	NA	221538	206001	15537	7
CN4905100000000	49	051	Wasatch County, UT	2009	NA	10020	9182	838	8.4
CN4905300000000	49	053	Washington County, UT	2009	NA	60001	54133	5868	9.8
CN4905500000000	49	055	Wayne County, UT	2009	NA	1479	1359	120	8.1
CN4905700000000	49	057	Weber County, UT	2009	NA	114652	105022	9630	8.4
CN5000100000000	50	001	Addison County, VT	2009	NA	21909	20568	1341	6.1
CN5000300000000	50	003	Bennington County, VT	2009	NA	20622	19046	1576	7.6
CN5000500000000	50	005	Caledonia County, VT	2009	NA	16778	15476	1302	7.8
CN5000700000000	50	007	Chittenden County, VT	2009	NA	90375	85311	5064	5.6
CN5000900000000	50	009	Essex County, VT	2009	NA	3318	3022	296	8.9
CN5001100000000	50	011	Franklin County, VT	2009	NA	26617	24876	1741	6.5
CN5001300000000	50	013	Grand Isle County, VT	2009	NA	4262	3931	331	7.8
CN5001500000000	50	015	Lamoille County, VT	2009	NA	15694	14507	1187	7.6
CN5001700000000	50	017	Orange County, VT	2009	NA	16638	15605	1033	6.2
CN5001900000000	50	019	Orleans County, VT	2009	NA	14587	13250	1337	9.2
CN5002100000000	50	021	Rutland County, VT	2009	NA	35660	32831	2829	7.9
CN5002300000000	50	023	Washington County, VT	2009	NA	34838	32645	2193	6.3
CN5002500000000	50	025	Windham County, VT	2009	NA	25259	23672	1587	6.3
CN5002700000000	50	027	Windsor County, VT	2009	NA	33304	31379	1925	5.8
CN5100100000000	51	001	Accomack County, VA	2009	NA	19704	18425	1279	6.5
CN5100300000000	51	003	Albemarle County, VA	2009	NA	51932	49269	2663	5.1
CN5100500000000	51	005	Alleghany County, VA	2009	NA	7071	6427	644	9.1
CN5100700000000	51	007	Amelia County, VA	2009	NA	6649	6134	515	7.7
CN5100900000000	51	009	Amherst County, VA	2009	NA	15627	14417	1210	7.7
CN5101100000000	51	011	Appomattox County, VA	2009	NA	7141	6577	564	7.9
CN5101300000000	51	013	Arlington County, VA	2009	NA	137201	131357	5844	4.3
CN5101500000000	51	015	Augusta County, VA	2009	NA	38435	35964	2471	6.4
CN5101700000000	51	017	Bath County, VA	2009	NA	2690	2523	167	6.2
CN5101900000000	51	019	Bedford County, VA	2009	NA	37706	35138	2568	6.8
CN5102100000000	51	021	Bland County, VA	2009	NA	3595	3329	266	7.4
CN5102300000000	51	023	Botetourt County, VA	2009	NA	17491	16391	1100	6.3
CN5102500000000	51	025	Brunswick County, VA	2009	NA	7195	6388	807	11.2
CN5102700000000	51	027	Buchanan County, VA	2009	NA	9236	8448	788	8.5
CN5102900000000	51	029	Buckingham County, VA	2009	NA	7372	6775	597	8.1
CN5103100000000	51	031	Campbell County, VA	2009	NA	27137	25175	1962	7.2
CN5103300000000	51	033	Caroline County, VA	2009	NA	14126	12941	1185	8.4
CN5103500000000	51	035	Carroll County, VA	2009	NA	14407	12848	1559	10.8
CN5103600000000	51	036	Charles City County, VA	2009	NA	3833	3488	345	9
CN5103700000000	51	037	Charlotte County, VA	2009	NA	5548	5037	511	9.2
CN5104100000000	51	041	Chesterfield County, VA	2009	NA	167338	156218	11120	6.6
CN5104300000000	51	043	Clarke County, VA	2009	NA	8102	7591	511	6.3
CN5104500000000	51	045	Craig County, VA	2009	NA	2443	2263	180	7.4
CN5104700000000	51	047	Culpeper County, VA	2009	NA	21308	19622	1686	7.9
CN5104900000000	51	049	Cumberland County, VA	2009	NA	4598	4262	336	7.3
CN5105100000000	51	051	Dickenson County, VA	2009	NA	6442	5884	558	8.7
CN5105300000000	51	053	Dinwiddie County, VA	2009	NA	13060	12011	1049	8
CN5105700000000	51	057	Essex County, VA	2009	NA	5821	5351	470	8.1
CN5105900000000	51	059	Fairfax County, VA	2009	NA	587584	559644	27940	4.8
CN5106100000000	51	061	Fauquier County, VA	2009	NA	37407	35359	2048	5.5
CN5106300000000	51	063	Floyd County, VA	2009	NA	7336	6776	560	7.6
CN5106500000000	51	065	Fluvanna County, VA	2009	NA	13992	13190	802	5.7
CN5106700000000	51	067	Franklin County, VA	2009	NA	26808	24610	2198	8.2
CN5106900000000	51	069	Frederick County, VA	2009	NA	40902	37818	3084	7.5
CN5107100000000	51	071	Giles County, VA	2009	NA	8334	7572	762	9.1
CN5107300000000	51	073	Gloucester County, VA	2009	NA	20830	19578	1252	6
CN5107500000000	51	075	Goochland County, VA	2009	NA	11384	10644	740	6.5
CN5107700000000	51	077	Grayson County, VA	2009	NA	7295	6515	780	10.7
CN5107900000000	51	079	Greene County, VA	2009	NA	10754	10132	622	5.8
CN5108100000000	51	081	Greensville County, VA	2009	NA	4401	4007	394	9
CN5108300000000	51	083	Halifax County, VA	2009	NA	16531	14668	1863	11.3
CN5108500000000	51	085	Hanover County, VA	2009	NA	54576	51015	3561	6.5
CN5108700000000	51	087	Henrico County, VA	2009	NA	164333	153042	11291	6.9
CN5108900000000	51	089	Henry County, VA	2009	NA	25592	22092	3500	13.7
CN5109100000000	51	091	Highland County, VA	2009	NA	1161	1074	87	7.5
CN5109300000000	51	093	Isle of Wight County, VA	2009	NA	18840	17671	1169	6.2
CN5109500000000	51	095	James City County, VA	2009	NA	32172	30447	1725	5.4
CN5109700000000	51	097	King and Queen County, VA	2009	NA	3263	3002	261	8
CN5109900000000	51	099	King George County, VA	2009	NA	10252	9476	776	7.6
CN5110100000000	51	101	King William County, VA	2009	NA	8662	8055	607	7
CN5110300000000	51	103	Lancaster County, VA	2009	NA	5654	5130	524	9.3
CN5110500000000	51	105	Lee County, VA	2009	NA	10125	9395	730	7.2
CN5110700000000	51	107	Loudoun County, VA	2009	NA	174290	166112	8178	4.7
CN5110900000000	51	109	Louisa County, VA	2009	NA	16665	15358	1307	7.8
CN5111100000000	51	111	Lunenburg County, VA	2009	NA	5616	5095	521	9.3
CN5111300000000	51	113	Madison County, VA	2009	NA	7429	6973	456	6.1
CN5111500000000	51	115	Mathews County, VA	2009	NA	4335	4096	239	5.5
CN5111700000000	51	117	Mecklenburg County, VA	2009	NA	14067	12533	1534	10.9
CN5111900000000	51	119	Middlesex County, VA	2009	NA	5185	4840	345	6.7
CN5112100000000	51	121	Montgomery County, VA	2009	NA	45447	42285	3162	7
CN5112500000000	51	125	Nelson County, VA	2009	NA	8040	7526	514	6.4
CN5112700000000	51	127	New Kent County, VA	2009	NA	9874	9187	687	7
CN5113100000000	51	131	Northampton County, VA	2009	NA	6382	5893	489	7.7
CN5113300000000	51	133	Northumberland County, VA	2009	NA	6114	5583	531	8.7
CN5113500000000	51	135	Nottoway County, VA	2009	NA	6639	6107	532	8
CN5113700000000	51	137	Orange County, VA	2009	NA	15836	14614	1222	7.7
CN5113900000000	51	139	Page County, VA	2009	NA	12070	10651	1419	11.8
CN5114100000000	51	141	Patrick County, VA	2009	NA	9249	8221	1028	11.1
CN5114300000000	51	143	Pittsylvania County, VA	2009	NA	31800	28432	3368	10.6
CN5114500000000	51	145	Powhatan County, VA	2009	NA	14164	13273	891	6.3
CN5114700000000	51	147	Prince Edward County, VA	2009	NA	9992	9104	888	8.9
CN5114900000000	51	149	Prince George County, VA	2009	NA	15052	14009	1043	6.9
CN5115300000000	51	153	Prince William County, VA	2009	NA	208417	197060	11357	5.4
CN5115500000000	51	155	Pulaski County, VA	2009	NA	18123	16147	1976	10.9
CN5115700000000	51	157	Rappahannock County, VA	2009	NA	4229	3983	246	5.8
CN5115900000000	51	159	Richmond County, VA	2009	NA	4089	3773	316	7.7
CN5116100000000	51	161	Roanoke County, VA	2009	NA	48506	45655	2851	5.9
CN5116300000000	51	163	Rockbridge County, VA	2009	NA	11671	10918	753	6.5
CN5116500000000	51	165	Rockingham County, VA	2009	NA	41705	39260	2445	5.9
CN5116700000000	51	167	Russell County, VA	2009	NA	12397	11095	1302	10.5
CN5116900000000	51	169	Scott County, VA	2009	NA	9861	8919	942	9.6
CN5117100000000	51	171	Shenandoah County, VA	2009	NA	20232	18576	1656	8.2
CN5117300000000	51	173	Smyth County, VA	2009	NA	15153	13472	1681	11.1
CN5117500000000	51	175	Southampton County, VA	2009	NA	8095	7450	645	8
CN5117700000000	51	177	Spotsylvania County, VA	2009	NA	64917	61268	3649	5.6
CN5117900000000	51	179	Stafford County, VA	2009	NA	65512	61927	3585	5.5
CN5118100000000	51	181	Surry County, VA	2009	NA	3719	3441	278	7.5
CN5118300000000	51	183	Sussex County, VA	2009	NA	4441	3991	450	10.1
CN5118500000000	51	185	Tazewell County, VA	2009	NA	21483	19864	1619	7.5
CN5118700000000	51	187	Warren County, VA	2009	NA	19746	18257	1489	7.5
CN5119100000000	51	191	Washington County, VA	2009	NA	26996	24701	2295	8.5
CN5119300000000	51	193	Westmoreland County, VA	2009	NA	9133	8438	695	7.6
CN5119500000000	51	195	Wise County, VA	2009	NA	19412	18129	1283	6.6
CN5119700000000	51	197	Wythe County, VA	2009	NA	16396	14680	1716	10.5
CN5119900000000	51	199	York County, VA	2009	NA	30435	28820	1615	5.3
CN5151000000000	51	510	Alexandria city, VA	2009	NA	94424	89890	4534	4.8
CN5152000000000	51	520	Bristol city, VA	2009	NA	8125	7315	810	10
CN5153000000000	51	530	Buena Vista city, VA	2009	NA	3449	3155	294	8.5
CN5154000000000	51	540	Charlottesville city, VA	2009	NA	21718	20317	1401	6.5
CN5155000000000	51	550	Chesapeake city, VA	2009	NA	114934	107619	7315	6.4
CN5157000000000	51	570	Colonial Heights city, VA	2009	NA	9160	8440	720	7.9
CN5158000000000	51	580	Covington city, VA	2009	NA	2742	2466	276	10.1
CN5159000000000	51	590	Danville city, VA	2009	NA	20102	17388	2714	13.5
CN5159500000000	51	595	Emporia city, VA	2009	NA	2535	2228	307	12.1
CN5160000000000	51	600	Fairfax city, VA	2009	NA	14525	13722	803	5.5
CN5161000000000	51	610	Falls Church city, VA	2009	NA	7259	6758	501	6.9
CN5162000000000	51	620	Franklin city, VA	2009	NA	3945	3546	399	10.1
CN5163000000000	51	630	Fredericksburg city, VA	2009	NA	12984	11768	1216	9.4
CN5164000000000	51	640	Galax city, VA	2009	NA	3234	2921	313	9.7
CN5165000000000	51	650	Hampton city, VA	2009	NA	67306	62042	5264	7.8
CN5166000000000	51	660	Harrisonburg city, VA	2009	NA	23048	21497	1551	6.7
CN5167000000000	51	670	Hopewell city, VA	2009	NA	10553	9454	1099	10.4
CN5167800000000	51	678	Lexington city, VA	2009	NA	2479	2239	240	9.7
CN5168000000000	51	680	Lynchburg city, VA	2009	NA	34844	32040	2804	8
CN5168300000000	51	683	Manassas city, VA	2009	NA	20468	18972	1496	7.3
CN5168500000000	51	685	Manassas Park city, VA	2009	NA	6870	6455	415	6
CN5169000000000	51	690	Martinsville city, VA	2009	NA	6208	5011	1197	19.3
CN5170000000000	51	700	Newport News city, VA	2009	NA	94427	87426	7001	7.4
CN5171000000000	51	710	Norfolk city, VA	2009	NA	98751	90318	8433	8.5
CN5172000000000	51	720	Norton city, VA	2009	NA	1724	1614	110	6.4
CN5173000000000	51	730	Petersburg city, VA	2009	NA	14460	12533	1927	13.3
CN5173500000000	51	735	Poquoson city, VA	2009	NA	6197	5876	321	5.2
CN5174000000000	51	740	Portsmouth city, VA	2009	NA	45167	41325	3842	8.5
CN5175000000000	51	750	Radford city, VA	2009	NA	7922	7215	707	8.9
CN5176000000000	51	760	Richmond city, VA	2009	NA	101096	91416	9680	9.6
CN5177000000000	51	770	Roanoke city, VA	2009	NA	47264	43194	4070	8.6
CN5177500000000	51	775	Salem city, VA	2009	NA	13289	12441	848	6.4
CN5179000000000	51	790	Staunton city, VA	2009	NA	11891	11029	862	7.2
CN5180000000000	51	800	Suffolk city, VA	2009	NA	40575	37854	2721	6.7
CN5181000000000	51	810	Virginia Beach city, VA	2009	NA	219738	206585	13153	6
CN5182000000000	51	820	Waynesboro city, VA	2009	NA	10699	9786	913	8.5
CN5183000000000	51	830	Williamsburg city, VA	2009	NA	5543	4721	822	14.8
CN5184000000000	51	840	Winchester city, VA	2009	NA	14218	13067	1151	8.1
CN5300100000000	53	001	Adams County, WA	2009	NA	8320	7570	750	9
CN5300300000000	53	003	Asotin County, WA	2009	NA	10387	9391	996	9.6
CN5300500000000	53	005	Benton County, WA	2009	NA	92828	86121	6707	7.2
CN5300700000000	53	007	Chelan County, WA	2009	NA	42120	38717	3403	8.1
CN5300900000000	53	009	Clallam County, WA	2009	NA	30374	27306	3068	10.1
CN5301100000000	53	011	Clark County, WA	2009	NA	219478	190185	29293	13.3
CN5301300000000	53	013	Columbia County, WA	2009	NA	1600	1424	176	11
CN5301500000000	53	015	Cowlitz County, WA	2009	NA	45014	38954	6060	13.5
CN5301700000000	53	017	Douglas County, WA	2009	NA	22170	20394	1776	8
CN5301900000000	53	019	Ferry County, WA	2009	NA	3083	2673	410	13.3
CN5302100000000	53	021	Franklin County, WA	2009	NA	36752	33671	3081	8.4
CN5302300000000	53	023	Garfield County, WA	2009	NA	1028	953	75	7.3
CN5302500000000	53	025	Grant County, WA	2009	NA	42357	38150	4207	9.9
CN5302700000000	53	027	Grays Harbor County, WA	2009	NA	31602	27416	4186	13.2
CN5302900000000	53	029	Island County, WA	2009	NA	33017	30058	2959	9
CN5303100000000	53	031	Jefferson County, WA	2009	NA	13171	11995	1176	8.9
CN5303300000000	53	033	King County, WA	2009	NA	1113894	1024328	89566	8
CN5303500000000	53	035	Kitsap County, WA	2009	NA	125529	115796	9733	7.8
CN5303700000000	53	037	Kittitas County, WA	2009	NA	20924	19014	1910	9.1
CN5303900000000	53	039	Klickitat County, WA	2009	NA	10904	9772	1132	10.4
CN5304100000000	53	041	Lewis County, WA	2009	NA	31789	27561	4228	13.3
CN5304300000000	53	043	Lincoln County, WA	2009	NA	4858	4443	415	8.5
CN5304500000000	53	045	Mason County, WA	2009	NA	25549	22795	2754	10.8
CN5304700000000	53	047	Okanogan County, WA	2009	NA	22152	20019	2133	9.6
CN5304900000000	53	049	Pacific County, WA	2009	NA	9299	8109	1190	12.8
CN5305100000000	53	051	Pend Oreille County, WA	2009	NA	5573	4762	811	14.6
CN5305300000000	53	053	Pierce County, WA	2009	NA	397744	359010	38734	9.7
CN5305500000000	53	055	San Juan County, WA	2009	NA	8503	7934	569	6.7
CN5305700000000	53	057	Skagit County, WA	2009	NA	58592	52625	5967	10.2
CN5305900000000	53	059	Skamania County, WA	2009	NA	5117	4448	669	13.1
CN5306100000000	53	061	Snohomish County, WA	2009	NA	381983	345897	36086	9.4
CN5306300000000	53	063	Spokane County, WA	2009	NA	240002	217765	22237	9.3
CN5306500000000	53	065	Stevens County, WA	2009	NA	18977	16502	2475	13
CN5306700000000	53	067	Thurston County, WA	2009	NA	131896	121431	10465	7.9
CN5306900000000	53	069	Wahkiakum County, WA	2009	NA	1625	1390	235	14.5
CN5307100000000	53	071	Walla Walla County, WA	2009	NA	31127	29002	2125	6.8
CN5307300000000	53	073	Whatcom County, WA	2009	NA	108027	98816	9211	8.5
CN5307500000000	53	075	Whitman County, WA	2009	NA	21833	20585	1248	5.7
CN5307700000000	53	077	Yakima County, WA	2009	NA	126001	114665	11336	9
CN5400100000000	54	001	Barbour County, WV	2009	NA	6876	6277	599	8.7
CN5400300000000	54	003	Berkeley County, WV	2009	NA	46564	42615	3949	8.5
CN5400500000000	54	005	Boone County, WV	2009	NA	9381	8653	728	7.8
CN5400700000000	54	007	Braxton County, WV	2009	NA	5945	5455	490	8.2
CN5400900000000	54	009	Brooke County, WV	2009	NA	11132	9907	1225	11
CN5401100000000	54	011	Cabell County, WV	2009	NA	44709	41714	2995	6.7
CN5401300000000	54	013	Calhoun County, WV	2009	NA	2849	2485	364	12.8
CN5401500000000	54	015	Clay County, WV	2009	NA	3556	3159	397	11.2
CN5401700000000	54	017	Doddridge County, WV	2009	NA	2860	2638	222	7.8
CN5401900000000	54	019	Fayette County, WV	2009	NA	18118	16590	1528	8.4
CN5402100000000	54	021	Gilmer County, WV	2009	NA	3218	3006	212	6.6
CN5402300000000	54	023	Grant County, WV	2009	NA	5092	4586	506	9.9
CN5402500000000	54	025	Greenbrier County, WV	2009	NA	14851	13467	1384	9.3
CN5402700000000	54	027	Hampshire County, WV	2009	NA	9290	8532	758	8.2
CN5402900000000	54	029	Hancock County, WV	2009	NA	14598	12957	1641	11.2
CN5403100000000	54	031	Hardy County, WV	2009	NA	6750	6147	603	8.9
CN5403300000000	54	033	Harrison County, WV	2009	NA	31478	29434	2044	6.5
CN5403500000000	54	035	Jackson County, WV	2009	NA	11722	10391	1331	11.4
CN5403700000000	54	037	Jefferson County, WV	2009	NA	24647	23019	1628	6.6
CN5403900000000	54	039	Kanawha County, WV	2009	NA	92520	86739	5781	6.2
CN5404100000000	54	041	Lewis County, WV	2009	NA	7707	7143	564	7.3
CN5404300000000	54	043	Lincoln County, WV	2009	NA	8158	7371	787	9.6
CN5404500000000	54	045	Logan County, WV	2009	NA	13388	12308	1080	8.1
CN5404700000000	54	047	McDowell County, WV	2009	NA	7463	6603	860	11.5
CN5404900000000	54	049	Marion County, WV	2009	NA	26502	24936	1566	5.9
CN5405100000000	54	051	Marshall County, WV	2009	NA	14905	13600	1305	8.8
CN5405300000000	54	053	Mason County, WV	2009	NA	10279	9073	1206	11.7
CN5405500000000	54	055	Mercer County, WV	2009	NA	25342	23686	1656	6.5
CN5405700000000	54	057	Mineral County, WV	2009	NA	13815	12806	1009	7.3
CN5405900000000	54	059	Mingo County, WV	2009	NA	8937	8143	794	8.9
CN5406100000000	54	061	Monongalia County, WV	2009	NA	49875	47679	2196	4.4
CN5406300000000	54	063	Monroe County, WV	2009	NA	5829	5407	422	7.2
CN5406500000000	54	065	Morgan County, WV	2009	NA	6883	6277	606	8.8
CN5406700000000	54	067	Nicholas County, WV	2009	NA	10697	9772	925	8.6
CN5406900000000	54	069	Ohio County, WV	2009	NA	21306	19693	1613	7.6
CN5407100000000	54	071	Pendleton County, WV	2009	NA	3562	3293	269	7.6
CN5407300000000	54	073	Pleasants County, WV	2009	NA	3221	2893	328	10.2
CN5407500000000	54	075	Pocahontas County, WV	2009	NA	3602	3174	428	11.9
CN5407700000000	54	077	Preston County, WV	2009	NA	15420	14335	1085	7
CN5407900000000	54	079	Putnam County, WV	2009	NA	27921	26229	1692	6.1
CN5408100000000	54	081	Raleigh County, WV	2009	NA	32854	30491	2363	7.2
CN5408300000000	54	083	Randolph County, WV	2009	NA	12712	11586	1126	8.9
CN5408500000000	54	085	Ritchie County, WV	2009	NA	4404	3994	410	9.3
CN5408700000000	54	087	Roane County, WV	2009	NA	5562	4897	665	12
CN5408900000000	54	089	Summers County, WV	2009	NA	4652	4286	366	7.9
CN5409100000000	54	091	Taylor County, WV	2009	NA	7138	6632	506	7.1
CN5409300000000	54	093	Tucker County, WV	2009	NA	2882	2556	326	11.3
CN5409500000000	54	095	Tyler County, WV	2009	NA	3631	3251	380	10.5
CN5409700000000	54	097	Upshur County, WV	2009	NA	10749	9851	898	8.4
CN5409900000000	54	099	Wayne County, WV	2009	NA	17306	15941	1365	7.9
CN5410100000000	54	101	Webster County, WV	2009	NA	3257	2917	340	10.4
CN5410300000000	54	103	Wetzel County, WV	2009	NA	6305	5569	736	11.7
CN5410500000000	54	105	Wirt County, WV	2009	NA	2434	2139	295	12.1
CN5410700000000	54	107	Wood County, WV	2009	NA	40962	37470	3492	8.5
CN5410900000000	54	109	Wyoming County, WV	2009	NA	8217	7398	819	10
CN5500100000000	55	001	Adams County, WI	2009	NA	9989	8937	1052	10.5
CN5500300000000	55	003	Ashland County, WI	2009	NA	9136	8225	911	10
CN5500500000000	55	005	Barron County, WI	2009	NA	25143	22880	2263	9
CN5500700000000	55	007	Bayfield County, WI	2009	NA	8030	7297	733	9.1
CN5500900000000	55	009	Brown County, WI	2009	NA	141023	130169	10854	7.7
CN5501100000000	55	011	Buffalo County, WI	2009	NA	8315	7741	574	6.9
CN5501300000000	55	013	Burnett County, WI	2009	NA	7984	7124	860	10.8
CN5501500000000	55	015	Calumet County, WI	2009	NA	25633	23682	1951	7.6
CN5501700000000	55	017	Chippewa County, WI	2009	NA	33141	30346	2795	8.4
CN5501900000000	55	019	Clark County, WI	2009	NA	17846	16165	1681	9.4
CN5502100000000	55	021	Columbia County, WI	2009	NA	31128	28547	2581	8.3
CN5502300000000	55	023	Crawford County, WI	2009	NA	9383	8461	922	9.8
CN5502500000000	55	025	Dane County, WI	2009	NA	298925	281647	17278	5.8
CN5502700000000	55	027	Dodge County, WI	2009	NA	47272	42726	4546	9.6
CN5502900000000	55	029	Door County, WI	2009	NA	17386	15848	1538	8.8
CN5503100000000	55	031	Douglas County, WI	2009	NA	23504	21578	1926	8.2
CN5503300000000	55	033	Dunn County, WI	2009	NA	25785	23925	1860	7.2
CN5503500000000	55	035	Eau Claire County, WI	2009	NA	56821	52959	3862	6.8
CN5503700000000	55	037	Florence County, WI	2009	NA	2410	2160	250	10.4
CN5503900000000	55	039	Fond du Lac County, WI	2009	NA	56234	51171	5063	9
CN5504100000000	55	041	Forest County, WI	2009	NA	4973	4464	509	10.2
CN5504300000000	55	043	Grant County, WI	2009	NA	28735	26582	2153	7.5
CN5504500000000	55	045	Green County, WI	2009	NA	20333	18528	1805	8.9
CN5504700000000	55	047	Green Lake County, WI	2009	NA	10242	9258	984	9.6
CN5504900000000	55	049	Iowa County, WI	2009	NA	14014	12933	1081	7.7
CN5505100000000	55	051	Iron County, WI	2009	NA	2989	2627	362	12.1
CN5505300000000	55	053	Jackson County, WI	2009	NA	9981	9094	887	8.9
CN5505500000000	55	055	Jefferson County, WI	2009	NA	42686	38770	3916	9.2
CN5505700000000	55	057	Juneau County, WI	2009	NA	13554	12199	1355	10
CN5505900000000	55	059	Kenosha County, WI	2009	NA	86164	77164	9000	10.4
CN5506100000000	55	061	Kewaunee County, WI	2009	NA	11572	10666	906	7.8
CN5506300000000	55	063	La Crosse County, WI	2009	NA	66001	61611	4390	6.7
CN5506500000000	55	065	Lafayette County, WI	2009	NA	9277	8607	670	7.2
CN5506700000000	55	067	Langlade County, WI	2009	NA	10985	9872	1113	10.1
CN5506900000000	55	069	Lincoln County, WI	2009	NA	15584	13835	1749	11.2
CN5507100000000	55	071	Manitowoc County, WI	2009	NA	46299	41696	4603	9.9
CN5507300000000	55	073	Marathon County, WI	2009	NA	74952	68390	6562	8.8
CN5507500000000	55	075	Marinette County, WI	2009	NA	22450	19854	2596	11.6
CN5507700000000	55	077	Marquette County, WI	2009	NA	7786	6985	801	10.3
CN5507800000000	55	078	Menominee County, WI	2009	NA	1640	1412	228	13.9
CN5507900000000	55	079	Milwaukee County, WI	2009	NA	467652	423498	44154	9.4
CN5508100000000	55	081	Monroe County, WI	2009	NA	24781	22890	1891	7.6
CN5508300000000	55	083	Oconto County, WI	2009	NA	20576	18253	2323	11.3
CN5508500000000	55	085	Oneida County, WI	2009	NA	18972	17130	1842	9.7
CN5508700000000	55	087	Outagamie County, WI	2009	NA	99345	91091	8254	8.3
CN5508900000000	55	089	Ozaukee County, WI	2009	NA	47578	44022	3556	7.5
CN5509100000000	55	091	Pepin County, WI	2009	NA	4134	3830	304	7.4
CN5509300000000	55	093	Pierce County, WI	2009	NA	23490	21706	1784	7.6
CN5509500000000	55	095	Polk County, WI	2009	NA	24271	21775	2496	10.3
CN5509700000000	55	097	Portage County, WI	2009	NA	43149	40072	3077	7.1
CN5509900000000	55	099	Price County, WI	2009	NA	8341	7433	908	10.9
CN5510100000000	55	101	Racine County, WI	2009	NA	99391	89224	10167	10.2
CN5510300000000	55	103	Richland County, WI	2009	NA	10153	9257	896	8.8
CN5510500000000	55	105	Rock County, WI	2009	NA	82403	72056	10347	12.6
CN5510700000000	55	107	Rusk County, WI	2009	NA	7380	6426	954	12.9
CN5510900000000	55	109	St. Croix County, WI	2009	NA	47322	43525	3797	8
CN5511100000000	55	111	Sauk County, WI	2009	NA	35710	32755	2955	8.3
CN5511300000000	55	113	Sawyer County, WI	2009	NA	9087	8179	908	10
CN5511500000000	55	115	Shawano County, WI	2009	NA	22679	20573	2106	9.3
CN5511700000000	55	117	Sheboygan County, WI	2009	NA	64930	58975	5955	9.2
CN5511900000000	55	119	Taylor County, WI	2009	NA	10744	9508	1236	11.5
CN5512100000000	55	121	Trempealeau County, WI	2009	NA	16315	15081	1234	7.6
CN5512300000000	55	123	Vernon County, WI	2009	NA	15250	14060	1190	7.8
CN5512500000000	55	125	Vilas County, WI	2009	NA	10993	9905	1088	9.9
CN5512700000000	55	127	Walworth County, WI	2009	NA	56186	51099	5087	9.1
CN5512900000000	55	129	Washburn County, WI	2009	NA	7953	7176	777	9.8
CN5513100000000	55	131	Washington County, WI	2009	NA	74836	68338	6498	8.7
CN5513300000000	55	133	Waukesha County, WI	2009	NA	213079	197001	16078	7.5
CN5513500000000	55	135	Waupaca County, WI	2009	NA	28381	25665	2716	9.6
CN5513700000000	55	137	Waushara County, WI	2009	NA	12851	11578	1273	9.9
CN5513900000000	55	139	Winnebago County, WI	2009	NA	95244	87924	7320	7.7
CN5514100000000	55	141	Wood County, WI	2009	NA	41876	38201	3675	8.8
CN5600100000000	56	001	Albany County, WY	2009	NA	19705	18882	823	4.2
CN5600300000000	56	003	Big Horn County, WY	2009	NA	5066	4625	441	8.7
CN5600500000000	56	005	Campbell County, WY	2009	NA	28805	27265	1540	5.3
CN5600700000000	56	007	Carbon County, WY	2009	NA	7950	7376	574	7.2
CN5600900000000	56	009	Converse County, WY	2009	NA	7634	7197	437	5.7
CN5601100000000	56	011	Crook County, WY	2009	NA	3596	3391	205	5.7
CN5601300000000	56	013	Fremont County, WY	2009	NA	19255	17768	1487	7.7
CN5601500000000	56	015	Goshen County, WY	2009	NA	6315	5975	340	5.4
CN5601700000000	56	017	Hot Springs County, WY	2009	NA	2537	2387	150	5.9
CN5601900000000	56	019	Johnson County, WY	2009	NA	4100	3792	308	7.5
CN5602100000000	56	021	Laramie County, WY	2009	NA	43841	41003	2838	6.5
CN5602300000000	56	023	Lincoln County, WY	2009	NA	8416	7757	659	7.8
CN5602500000000	56	025	Natrona County, WY	2009	NA	41258	38548	2710	6.6
CN5602700000000	56	027	Niobrara County, WY	2009	NA	1299	1234	65	5
CN5602900000000	56	029	Park County, WY	2009	NA	14910	13989	921	6.2
CN5603100000000	56	031	Platte County, WY	2009	NA	4138	3888	250	6
CN5603300000000	56	033	Sheridan County, WY	2009	NA	16508	15388	1120	6.8
CN5603500000000	56	035	Sublette County, WY	2009	NA	7295	6972	323	4.4
CN5603700000000	56	037	Sweetwater County, WY	2009	NA	24323	22765	1558	6.4
CN5603900000000	56	039	Teton County, WY	2009	NA	13882	12917	965	7
CN5604100000000	56	041	Uinta County, WY	2009	NA	11570	10789	781	6.8
CN5604300000000	56	043	Washakie County, WY	2009	NA	4404	4137	267	6.1
CN5604500000000	56	045	Weston County, WY	2009	NA	3313	3107	206	6.2
CN7200100000000	72	001	Adjuntas Municipio, PR	2009	NA	5084	4115	969	19.1
CN7200300000000	72	003	Aguada Municipio, PR	2009	NA	15358	12854	2504	16.3
CN7200500000000	72	005	Aguadilla Municipio, PR	2009	NA	20962	17601	3361	16
CN7200700000000	72	007	Aguas Buenas Municipio, PR	2009	NA	9298	7691	1607	17.3
CN7200900000000	72	009	Aibonito Municipio, PR	2009	NA	7551	6169	1382	18.3
CN7201100000000	72	011	Anasco Municipio, PR	2009	NA	10502	8722	1780	16.9
CN7201300000000	72	013	Arecibo Municipio, PR	2009	NA	31328	26468	4860	15.5
CN7201500000000	72	015	Arroyo Municipio, PR	2009	NA	5738	4482	1256	21.9
CN7201700000000	72	017	Barceloneta Municipio, PR	2009	NA	7049	5629	1420	20.1
CN7201900000000	72	019	Barranquitas Municipio, PR	2009	NA	7518	6167	1351	18
CN7202100000000	72	021	Bayamon Municipio, PR	2009	NA	76835	67044	9791	12.7
CN7202300000000	72	023	Cabo Rojo Municipio, PR	2009	NA	20261	17611	2650	13.1
CN7202500000000	72	025	Caguas Municipio, PR	2009	NA	51080	43492	7588	14.9
CN7202700000000	72	027	Camuy Municipio, PR	2009	NA	12422	10649	1773	14.3
CN7202900000000	72	029	Canovanas Municipio, PR	2009	NA	14406	11574	2832	19.7
CN7203100000000	72	031	Carolina Municipio, PR	2009	NA	72244	63347	8897	12.3
CN7203300000000	72	033	Catano Municipio, PR	2009	NA	7341	6051	1290	17.6
CN7203500000000	72	035	Cayey Municipio, PR	2009	NA	14864	12307	2557	17.2
CN7203700000000	72	037	Ceiba Municipio, PR	2009	NA	5478	4495	983	17.9
CN7203900000000	72	039	Ciales Municipio, PR	2009	NA	5260	3970	1290	24.5
CN7204100000000	72	041	Cidra Municipio, PR	2009	NA	15236	12774	2462	16.2
CN7204300000000	72	043	Coamo Municipio, PR	2009	NA	11480	9060	2420	21.1
CN7204500000000	72	045	Comerio Municipio, PR	2009	NA	4622	3644	978	21.2
CN7204700000000	72	047	Corozal Municipio, PR	2009	NA	10111	8448	1663	16.4
CN7204900000000	72	049	Culebra Municipio, PR	2009	NA	815	729	86	10.6
CN7205100000000	72	051	Dorado Municipio, PR	2009	NA	12229	10567	1662	13.6
CN7205300000000	72	053	Fajardo Municipio, PR	2009	NA	14097	11627	2470	17.5
CN7205400000000	72	054	Florida Municipio, PR	2009	NA	4326	3503	823	19
CN7205500000000	72	055	Guanica Municipio, PR	2009	NA	6284	5115	1169	18.6
CN7205700000000	72	057	Guayama Municipio, PR	2009	NA	14822	11910	2912	19.6
CN7205900000000	72	059	Guayanilla Municipio, PR	2009	NA	6865	5435	1430	20.8
CN7206100000000	72	061	Guaynabo Municipio, PR	2009	NA	41528	37529	3999	9.6
CN7206300000000	72	063	Gurabo Municipio, PR	2009	NA	15418	13097	2321	15.1
CN7206500000000	72	065	Hatillo Municipio, PR	2009	NA	12456	10482	1974	15.8
CN7206700000000	72	067	Hormigueros Municipio, PR	2009	NA	6520	5522	998	15.3
CN7206900000000	72	069	Humacao Municipio, PR	2009	NA	19993	16098	3895	19.5
CN7207100000000	72	071	Isabela Municipio, PR	2009	NA	15370	12772	2598	16.9
CN7207300000000	72	073	Jayuya Municipio, PR	2009	NA	4532	3605	927	20.5
CN7207500000000	72	075	Juana Diaz Municipio, PR	2009	NA	17062	14220	2842	16.7
CN7207700000000	72	077	Juncos Municipio, PR	2009	NA	12881	10598	2283	17.7
CN7207900000000	72	079	Lajas Municipio, PR	2009	NA	8767	7196	1571	17.9
CN7208100000000	72	081	Lares Municipio, PR	2009	NA	11629	9616	2013	17.3
CN7208300000000	72	083	Las Marias Municipio, PR	2009	NA	4197	3511	686	16.3
CN7208500000000	72	085	Las Piedras Municipio, PR	2009	NA	12622	10418	2204	17.5
CN7208700000000	72	087	Loiza Municipio, PR	2009	NA	8585	6872	1713	20
CN7208900000000	72	089	Luquillo Municipio, PR	2009	NA	6723	5371	1352	20.1
CN7209100000000	72	091	Manati Municipio, PR	2009	NA	14323	11699	2624	18.3
CN7209300000000	72	093	Maricao Municipio, PR	2009	NA	1884	1526	358	19
CN7209500000000	72	095	Maunabo Municipio, PR	2009	NA	3655	2659	996	27.3
CN7209700000000	72	097	Mayaguez Municipio, PR	2009	NA	28720	23805	4915	17.1
CN7209900000000	72	099	Moca Municipio, PR	2009	NA	14897	12507	2390	16
CN7210100000000	72	101	Morovis Municipio, PR	2009	NA	9104	7237	1867	20.5
CN7210300000000	72	103	Naguabo Municipio, PR	2009	NA	7442	5746	1696	22.8
CN7210500000000	72	105	Naranjito Municipio, PR	2009	NA	8288	6820	1468	17.7
CN7210700000000	72	107	Orocovis Municipio, PR	2009	NA	5298	4181	1117	21.1
CN7210900000000	72	109	Patillas Municipio, PR	2009	NA	6124	4764	1360	22.2
CN7211100000000	72	111	Penuelas Municipio, PR	2009	NA	9017	7267	1750	19.4
CN7211300000000	72	113	Ponce Municipio, PR	2009	NA	61194	52308	8886	14.5
CN7211500000000	72	115	Quebradillas Municipio, PR	2009	NA	8345	7049	1296	15.5
CN7211700000000	72	117	Rincon Municipio, PR	2009	NA	5498	4582	916	16.7
CN7211900000000	72	119	Rio Grande Municipio, PR	2009	NA	17363	14537	2826	16.3
CN7212100000000	72	121	Sabana Grande Municipio, PR	2009	NA	9190	7575	1615	17.6
CN7212300000000	72	123	Salinas Municipio, PR	2009	NA	8709	6763	1946	22.3
CN7212500000000	72	125	San German Municipio, PR	2009	NA	12519	10363	2156	17.2
CN7212700000000	72	127	San Juan Municipio, PR	2009	NA	155825	138542	17283	11.1
CN7212900000000	72	129	San Lorenzo Municipio, PR	2009	NA	14052	11626	2426	17.3
CN7213100000000	72	131	San Sebastian Municipio, PR	2009	NA	15181	12550	2631	17.3
CN7213300000000	72	133	Santa Isabel Municipio, PR	2009	NA	9088	7358	1730	19
CN7213500000000	72	135	Toa Alta Municipio, PR	2009	NA	29403	25977	3426	11.7
CN7213700000000	72	137	Toa Baja Municipio, PR	2009	NA	33213	29032	4181	12.6
CN7213900000000	72	139	Trujillo Alto Municipio, PR	2009	NA	33367	29991	3376	10.1
CN7214100000000	72	141	Utuado Municipio, PR	2009	NA	8781	7132	1649	18.8
CN7214300000000	72	143	Vega Alta Municipio, PR	2009	NA	11807	10009	1798	15.2
CN7214500000000	72	145	Vega Baja Municipio, PR	2009	NA	19955	16433	3522	17.6
CN7214700000000	72	147	Vieques Municipio, PR	2009	NA	3124	2425	699	22.4
CN7214900000000	72	149	Villalba Municipio, PR	2009	NA	9518	7628	1890	19.9
CN7215100000000	72	151	Yabucoa Municipio, PR	2009	NA	10816	8302	2514	23.2
CN7215300000000	72	153	Yauco Municipio, PR	2009	NA	15826	13318	2508	15.8
NA	NA	NA	NA	NA	NA	NA	NA	NA	NA
SOURCE:  BLS, LAUS	NA	NA	NA	NA	NA	NA	NA	NA	NA
March 18, 2016	NA	NA	NA	NA	NA	NA	NA	NA	NA
