LAUS_CODE	STATE_FIPS	COUNTY_FIPS	COUNTY	YEAR	ESTIMATED	LABOR_FORCE	EMPLOYED	UNEMPLOYED_LEVEL	UNEMPLOYED_RATE
CN0100100000000	01	001	Autauga County, AL	1997	NA	21098	20269	829	3.9
CN0100300000000	01	003	Baldwin County, AL	1997	NA	67150	64799	2351	3.5
CN0100500000000	01	005	Barbour County, AL	1997	NA	12484	11565	919	7.4
CN0100700000000	01	007	Bibb County, AL	1997	NA	8039	7436	603	7.5
CN0100900000000	01	009	Blount County, AL	1997	NA	22684	22003	681	3
CN0101100000000	01	011	Bullock County, AL	1997	NA	4586	4108	478	10.4
CN0101300000000	01	013	Butler County, AL	1997	NA	9918	8940	978	9.9
CN0101500000000	01	015	Calhoun County, AL	1997	NA	54241	51234	3007	5.5
CN0101700000000	01	017	Chambers County, AL	1997	NA	17033	16245	788	4.6
CN0101900000000	01	019	Cherokee County, AL	1997	NA	10737	10298	439	4.1
CN0102100000000	01	021	Chilton County, AL	1997	NA	18259	17360	899	4.9
CN0102300000000	01	023	Choctaw County, AL	1997	NA	5985	5114	871	14.6
CN0102500000000	01	025	Clarke County, AL	1997	NA	14584	13147	1437	9.9
CN0102700000000	01	027	Clay County, AL	1997	NA	6705	6398	307	4.6
CN0102900000000	01	029	Cleburne County, AL	1997	NA	7270	7013	257	3.5
CN0103100000000	01	031	Coffee County, AL	1997	NA	22005	21127	878	4
CN0103300000000	01	033	Colbert County, AL	1997	NA	27064	25117	1947	7.2
CN0103500000000	01	035	Conecuh County, AL	1997	NA	6760	6051	709	10.5
CN0103700000000	01	037	Coosa County, AL	1997	NA	5320	5086	234	4.4
CN0103900000000	01	039	Covington County, AL	1997	NA	17666	16468	1198	6.8
CN0104100000000	01	041	Crenshaw County, AL	1997	NA	5932	5442	490	8.3
CN0104300000000	01	043	Cullman County, AL	1997	NA	38577	36969	1608	4.2
CN0104500000000	01	045	Dale County, AL	1997	NA	21211	20044	1167	5.5
CN0104700000000	01	047	Dallas County, AL	1997	NA	20245	18010	2235	11
CN0104900000000	01	049	DeKalb County, AL	1997	NA	32164	30497	1667	5.2
CN0105100000000	01	051	Elmore County, AL	1997	NA	28481	27449	1032	3.6
CN0105300000000	01	053	Escambia County, AL	1997	NA	16896	15788	1108	6.6
CN0105500000000	01	055	Etowah County, AL	1997	NA	49449	46921	2528	5.1
CN0105700000000	01	057	Fayette County, AL	1997	NA	8641	8219	422	4.9
CN0105900000000	01	059	Franklin County, AL	1997	NA	16841	15422	1419	8.4
CN0106100000000	01	061	Geneva County, AL	1997	NA	12045	11338	707	5.9
CN0106300000000	01	063	Greene County, AL	1997	NA	3507	2855	652	18.6
CN0106500000000	01	065	Hale County, AL	1997	NA	7392	6823	569	7.7
CN0106700000000	01	067	Henry County, AL	1997	NA	6456	6087	369	5.7
CN0106900000000	01	069	Houston County, AL	1997	NA	44543	42577	1966	4.4
CN0107100000000	01	071	Jackson County, AL	1997	NA	26010	23884	2126	8.2
CN0107300000000	01	073	Jefferson County, AL	1997	NA	333502	321342	12160	3.6
CN0107500000000	01	075	Lamar County, AL	1997	NA	7762	7106	656	8.5
CN0107700000000	01	077	Lauderdale County, AL	1997	NA	43181	40531	2650	6.1
CN0107900000000	01	079	Lawrence County, AL	1997	NA	16130	15060	1070	6.6
CN0108100000000	01	081	Lee County, AL	1997	NA	49626	47760	1866	3.8
CN0108300000000	01	083	Limestone County, AL	1997	NA	28289	27168	1121	4
CN0108500000000	01	085	Lowndes County, AL	1997	NA	4332	3711	621	14.3
CN0108700000000	01	087	Macon County, AL	1997	NA	8029	7383	646	8
CN0108900000000	01	089	Madison County, AL	1997	NA	139304	135261	4043	2.9
CN0109100000000	01	091	Marengo County, AL	1997	NA	10991	9887	1104	10
CN0109300000000	01	093	Marion County, AL	1997	NA	16115	14820	1295	8
CN0109500000000	01	095	Marshall County, AL	1997	NA	40409	38174	2235	5.5
CN0109700000000	01	097	Mobile County, AL	1997	NA	197965	187476	10489	5.3
CN0109900000000	01	099	Monroe County, AL	1997	NA	10231	8685	1546	15.1
CN0110100000000	01	101	Montgomery County, AL	1997	NA	109850	105063	4787	4.4
CN0110300000000	01	103	Morgan County, AL	1997	NA	55021	52419	2602	4.7
CN0110500000000	01	105	Perry County, AL	1997	NA	4505	4045	460	10.2
CN0110700000000	01	107	Pickens County, AL	1997	NA	8824	8131	693	7.9
CN0110900000000	01	109	Pike County, AL	1997	NA	13437	12538	899	6.7
CN0111100000000	01	111	Randolph County, AL	1997	NA	9517	9073	444	4.7
CN0111300000000	01	113	Russell County, AL	1997	NA	25219	24073	1146	4.5
CN0111500000000	01	115	St. Clair County, AL	1997	NA	29781	28786	995	3.3
CN0111700000000	01	117	Shelby County, AL	1997	NA	76505	75104	1401	1.8
CN0111900000000	01	119	Sumter County, AL	1997	NA	6088	5337	751	12.3
CN0112100000000	01	121	Talladega County, AL	1997	NA	35408	33008	2400	6.8
CN0112300000000	01	123	Tallapoosa County, AL	1997	NA	20501	19442	1059	5.2
CN0112500000000	01	125	Tuscaloosa County, AL	1997	NA	81348	78651	2697	3.3
CN0112700000000	01	127	Walker County, AL	1997	NA	30162	27780	2382	7.9
CN0112900000000	01	129	Washington County, AL	1997	NA	6484	5621	863	13.3
CN0113100000000	01	131	Wilcox County, AL	1997	NA	3908	3355	553	14.2
CN0113300000000	01	133	Winston County, AL	1997	NA	13175	12175	1000	7.6
CN0201300000000	02	013	Aleutians East Borough, AK	1997	NA	1572	1515	57	3.6
CN0201600000000	02	016	Aleutians West Census Area, AK	1997	NA	2262	2134	128	5.7
CN0202000000000	02	020	Anchorage Borough/municipality, AK	1997	NA	137585	130388	7197	5.2
CN0205000000000	02	050	Bethel Census Area, AK	1997	NA	5833	5358	475	8.1
CN0206000000000	02	060	Bristol Bay Borough, AK	1997	NA	597	552	45	7.5
CN0206800000000	02	068	Denali Borough, AK	1997	NA	1230	1102	128	10.4
CN0207000000000	02	070	Dillingham Census Area, AK	1997	NA	1671	1560	111	6.6
CN0209000000000	02	090	Fairbanks North Star Borough, AK	1997	NA	43418	40445	2973	6.8
CN0210000000000	02	100	Haines Borough, AK	1997	NA	1200	1072	128	10.7
CN0211000000000	02	110	Juneau Borough/city, AK	1997	NA	17338	16349	989	5.7
CN0212200000000	02	122	Kenai Peninsula Borough, AK	1997	NA	22062	19347	2715	12.3
CN0213000000000	02	130	Ketchikan Gateway Borough, AK	1997	NA	7608	6954	654	8.6
CN0215000000000	02	150	Kodiak Island Borough, AK	1997	NA	7352	6690	662	9
CN0215800000000	02	158	Kusilvak Census Area, AK	1997	NA	1963	1740	223	11.4
CN0216400000000	02	164	Lake and Peninsula Borough, AK	1997	NA	568	530	38	6.7
CN0217000000000	02	170	Matanuska-Susitna Borough, AK	1997	NA	28173	25494	2679	9.5
CN0218000000000	02	180	Nome Census Area, AK	1997	NA	3310	2955	355	10.7
CN0218500000000	02	185	North Slope Borough, AK	1997	NA	3256	3094	162	5
CN0218800000000	02	188	Northwest Arctic Borough, AK	1997	NA	2180	1860	320	14.7
CN0220100000000	02	201	Prince of Wales-Outer Ketchikan Census Area, AK	1997	NA	3411	2980	431	12.6
CN0222000000000	02	220	Sitka Borough/city, AK	1997	NA	4522	4253	269	5.9
CN0223200000000	02	232	Skagway-Hoonah-Angoon Census Area, AK	1997	NA	2290	2136	154	6.7
CN0224000000000	02	240	Southeast Fairbanks Census Area, AK	1997	NA	2470	2189	281	11.4
CN0226100000000	02	261	Valdez-Cordova Census Area, AK	1997	NA	5360	4822	538	10
CN0228000000000	02	280	Wrangell-Petersburg Census Area, AK	1997	NA	3640	3304	336	9.2
CN0228200000000	02	282	Yakutat Borough/city, AK	1997	NA	327	299	28	8.6
CN0229000000000	02	290	Yukon-Koyukuk Census Area, AK	1997	NA	2020	1726	294	14.6
CN0400100000000	04	001	Apache County, AZ	1997	NA	21639	17921	3718	17.2
CN0400300000000	04	003	Cochise County, AZ	1997	NA	41467	38041	3426	8.3
CN0400500000000	04	005	Coconino County, AZ	1997	NA	59214	54314	4900	8.3
CN0400700000000	04	007	Gila County, AZ	1997	NA	19538	18009	1529	7.8
CN0400900000000	04	009	Graham County, AZ	1997	NA	11165	10179	986	8.8
CN0401100000000	04	011	Greenlee County, AZ	1997	NA	4868	4521	347	7.1
CN0401200000000	04	012	La Paz County, AZ	1997	NA	7246	6564	682	9.4
CN0401300000000	04	013	Maricopa County, AZ	1997	NA	1457594	1414994	42600	2.9
CN0401500000000	04	015	Mohave County, AZ	1997	NA	61994	58735	3259	5.3
CN0401700000000	04	017	Navajo County, AZ	1997	NA	32606	27687	4919	15.1
CN0401900000000	04	019	Pima County, AZ	1997	NA	383857	371420	12437	3.2
CN0402100000000	04	021	Pinal County, AZ	1997	NA	57606	54766	2840	4.9
CN0402300000000	04	023	Santa Cruz County, AZ	1997	NA	14905	11851	3054	20.5
CN0402500000000	04	025	Yavapai County, AZ	1997	NA	67729	65072	2657	3.9
CN0402700000000	04	027	Yuma County, AZ	1997	NA	67139	48835	18304	27.3
CN0500100000000	05	001	Arkansas County, AR	1997	NA	10535	9900	635	6
CN0500300000000	05	003	Ashley County, AR	1997	NA	11448	10587	861	7.5
CN0500500000000	05	005	Baxter County, AR	1997	NA	14441	13832	609	4.2
CN0500700000000	05	007	Benton County, AR	1997	NA	65887	64066	1821	2.8
CN0500900000000	05	009	Boone County, AR	1997	NA	14766	13938	828	5.6
CN0501100000000	05	011	Bradley County, AR	1997	NA	5013	4442	571	11.4
CN0501300000000	05	013	Calhoun County, AR	1997	NA	2326	2126	200	8.6
CN0501500000000	05	015	Carroll County, AR	1997	NA	11668	11003	665	5.7
CN0501700000000	05	017	Chicot County, AR	1997	NA	6389	5836	553	8.7
CN0501900000000	05	019	Clark County, AR	1997	NA	12045	11607	438	3.6
CN0502100000000	05	021	Clay County, AR	1997	NA	8197	7732	465	5.7
CN0502300000000	05	023	Cleburne County, AR	1997	NA	9365	8942	423	4.5
CN0502500000000	05	025	Cleveland County, AR	1997	NA	3992	3766	226	5.7
CN0502700000000	05	027	Columbia County, AR	1997	NA	11622	10757	865	7.4
CN0502900000000	05	029	Conway County, AR	1997	NA	9847	9355	492	5
CN0503100000000	05	031	Craighead County, AR	1997	NA	41411	39778	1633	3.9
CN0503300000000	05	033	Crawford County, AR	1997	NA	24031	22922	1109	4.6
CN0503500000000	05	035	Crittenden County, AR	1997	NA	22665	21543	1122	5
CN0503700000000	05	037	Cross County, AR	1997	NA	8613	8080	533	6.2
CN0503900000000	05	039	Dallas County, AR	1997	NA	3717	3447	270	7.3
CN0504100000000	05	041	Desha County, AR	1997	NA	7216	6563	653	9
CN0504300000000	05	043	Drew County, AR	1997	NA	10033	9194	839	8.4
CN0504500000000	05	045	Faulkner County, AR	1997	NA	41785	39704	2081	5
CN0504700000000	05	047	Franklin County, AR	1997	NA	8143	7856	287	3.5
CN0504900000000	05	049	Fulton County, AR	1997	NA	4352	4152	200	4.6
CN0505100000000	05	051	Garland County, AR	1997	NA	35961	34321	1640	4.6
CN0505300000000	05	053	Grant County, AR	1997	NA	7495	7139	356	4.7
CN0505500000000	05	055	Greene County, AR	1997	NA	17921	16939	982	5.5
CN0505700000000	05	057	Hempstead County, AR	1997	NA	11964	11058	906	7.6
CN0505900000000	05	059	Hot Spring County, AR	1997	NA	12314	11623	691	5.6
CN0506100000000	05	061	Howard County, AR	1997	NA	7141	6735	406	5.7
CN0506300000000	05	063	Independence County, AR	1997	NA	17095	16100	995	5.8
CN0506500000000	05	065	Izard County, AR	1997	NA	4154	3880	274	6.6
CN0506700000000	05	067	Jackson County, AR	1997	NA	7954	7104	850	10.7
CN0506900000000	05	069	Jefferson County, AR	1997	NA	37154	34116	3038	8.2
CN0507100000000	05	071	Johnson County, AR	1997	NA	10643	10203	440	4.1
CN0507300000000	05	073	Lafayette County, AR	1997	NA	3530	3283	247	7
CN0507500000000	05	075	Lawrence County, AR	1997	NA	7867	7330	537	6.8
CN0507700000000	05	077	Lee County, AR	1997	NA	4526	3976	550	12.2
CN0507900000000	05	079	Lincoln County, AR	1997	NA	5339	4966	373	7
CN0508100000000	05	081	Little River County, AR	1997	NA	5656	5205	451	8
CN0508300000000	05	083	Logan County, AR	1997	NA	10216	9717	499	4.9
CN0508500000000	05	085	Lonoke County, AR	1997	NA	25273	24432	841	3.3
CN0508700000000	05	087	Madison County, AR	1997	NA	6429	6174	255	4
CN0508900000000	05	089	Marion County, AR	1997	NA	6149	5905	244	4
CN0509100000000	05	091	Miller County, AR	1997	NA	17363	16508	855	4.9
CN0509300000000	05	093	Mississippi County, AR	1997	NA	27582	24792	2790	10.1
CN0509500000000	05	095	Monroe County, AR	1997	NA	4305	3944	361	8.4
CN0509700000000	05	097	Montgomery County, AR	1997	NA	4058	3904	154	3.8
CN0509900000000	05	099	Nevada County, AR	1997	NA	5175	4815	360	7
CN0510100000000	05	101	Newton County, AR	1997	NA	3048	2780	268	8.8
CN0510300000000	05	103	Ouachita County, AR	1997	NA	11960	10806	1154	9.6
CN0510500000000	05	105	Perry County, AR	1997	NA	3794	3525	269	7.1
CN0510700000000	05	107	Phillips County, AR	1997	NA	10256	9239	1017	9.9
CN0510900000000	05	109	Pike County, AR	1997	NA	5071	4800	271	5.3
CN0511100000000	05	111	Poinsett County, AR	1997	NA	10996	10292	704	6.4
CN0511300000000	05	113	Polk County, AR	1997	NA	9055	8630	425	4.7
CN0511500000000	05	115	Pope County, AR	1997	NA	26917	25679	1238	4.6
CN0511700000000	05	117	Prairie County, AR	1997	NA	3849	3503	346	9
CN0511900000000	05	119	Pulaski County, AR	1997	NA	194304	186631	7673	3.9
CN0512100000000	05	121	Randolph County, AR	1997	NA	7791	6947	844	10.8
CN0512300000000	05	123	St. Francis County, AR	1997	NA	12784	11485	1299	10.2
CN0512500000000	05	125	Saline County, AR	1997	NA	40880	39630	1250	3.1
CN0512700000000	05	127	Scott County, AR	1997	NA	4983	4837	146	2.9
CN0512900000000	05	129	Searcy County, AR	1997	NA	3030	2757	273	9
CN0513100000000	05	131	Sebastian County, AR	1997	NA	55995	53497	2498	4.5
CN0513300000000	05	133	Sevier County, AR	1997	NA	7008	6587	421	6
CN0513500000000	05	135	Sharp County, AR	1997	NA	6157	5764	393	6.4
CN0513700000000	05	137	Stone County, AR	1997	NA	4921	4665	256	5.2
CN0513900000000	05	139	Union County, AR	1997	NA	21162	19672	1490	7
CN0514100000000	05	141	Van Buren County, AR	1997	NA	6369	5895	474	7.4
CN0514300000000	05	143	Washington County, AR	1997	NA	75023	72611	2412	3.2
CN0514500000000	05	145	White County, AR	1997	NA	30621	28897	1724	5.6
CN0514700000000	05	147	Woodruff County, AR	1997	NA	4258	3897	361	8.5
CN0514900000000	05	149	Yell County, AR	1997	NA	9603	9199	404	4.2
CN0600100000000	06	001	Alameda County, CA	1997	NA	693332	662383	30949	4.5
CN0600300000000	06	003	Alpine County, CA	1997	NA	496	450	46	9.3
CN0600500000000	06	005	Amador County, CA	1997	NA	13191	12382	809	6.1
CN0600700000000	06	007	Butte County, CA	1997	NA	83854	76584	7270	8.7
CN0600900000000	06	009	Calaveras County, CA	1997	NA	14034	12759	1275	9.1
CN0601100000000	06	011	Colusa County, CA	1997	NA	9090	7374	1716	18.9
CN0601300000000	06	013	Contra Costa County, CA	1997	NA	469099	449450	19649	4.2
CN0601500000000	06	015	Del Norte County, CA	1997	NA	10157	9123	1034	10.2
CN0601700000000	06	017	El Dorado County, CA	1997	NA	75705	71543	4162	5.5
CN0601900000000	06	019	Fresno County, CA	1997	NA	371910	321722	50188	13.5
CN0602100000000	06	021	Glenn County, CA	1997	NA	10955	9486	1469	13.4
CN0602300000000	06	023	Humboldt County, CA	1997	NA	60333	55901	4432	7.3
CN0602500000000	06	025	Imperial County, CA	1997	NA	56108	41053	15055	26.8
CN0602700000000	06	027	Inyo County, CA	1997	NA	7284	6686	598	8.2
CN0602900000000	06	029	Kern County, CA	1997	NA	278070	243609	34461	12.4
CN0603100000000	06	031	Kings County, CA	1997	NA	43609	37845	5764	13.2
CN0603300000000	06	033	Lake County, CA	1997	NA	22996	20527	2469	10.7
CN0603500000000	06	035	Lassen County, CA	1997	NA	11645	10524	1121	9.6
CN0603700000000	06	037	Los Angeles County, CA	1997	NA	4420856	4116772	304084	6.9
CN0603900000000	06	039	Madera County, CA	1997	NA	52037	44999	7038	13.5
CN0604100000000	06	041	Marin County, CA	1997	NA	130842	127076	3766	2.9
CN0604300000000	06	043	Mariposa County, CA	1997	NA	6856	6166	690	10.1
CN0604500000000	06	045	Mendocino County, CA	1997	NA	42411	39007	3404	8
CN0604700000000	06	047	Merced County, CA	1997	NA	83243	70217	13026	15.6
CN0604900000000	06	049	Modoc County, CA	1997	NA	3905	3449	456	11.7
CN0605100000000	06	051	Mono County, CA	1997	NA	6060	5432	628	10.4
CN0605300000000	06	053	Monterey County, CA	1997	NA	181766	161873	19893	10.9
CN0605500000000	06	055	Napa County, CA	1997	NA	59156	56110	3046	5.1
CN0605700000000	06	057	Nevada County, CA	1997	NA	40767	38250	2517	6.2
CN0605900000000	06	059	Orange County, CA	1997	NA	1374084	1328708	45376	3.3
CN0606100000000	06	061	Placer County, CA	1997	NA	109772	104673	5099	4.6
CN0606300000000	06	063	Plumas County, CA	1997	NA	9842	8800	1042	10.6
CN0606500000000	06	065	Riverside County, CA	1997	NA	638087	589819	48268	7.6
CN0606700000000	06	067	Sacramento County, CA	1997	NA	550537	519895	30642	5.6
CN0606900000000	06	069	San Benito County, CA	1997	NA	26115	23203	2912	11.2
CN0607100000000	06	071	San Bernardino County, CA	1997	NA	704083	658842	45241	6.4
CN0607300000000	06	073	San Diego County, CA	1997	NA	1275071	1220537	54534	4.3
CN0607500000000	06	075	San Francisco County/city, CA	1997	NA	408365	391639	16726	4.1
CN0607700000000	06	077	San Joaquin County, CA	1997	NA	244436	218085	26351	10.8
CN0607900000000	06	079	San Luis Obispo County, CA	1997	NA	105351	100339	5012	4.8
CN0608100000000	06	081	San Mateo County, CA	1997	NA	384193	373781	10412	2.7
CN0608300000000	06	083	Santa Barbara County, CA	1997	NA	194103	184300	9803	5.1
CN0608500000000	06	085	Santa Clara County, CA	1997	NA	930075	901592	28483	3.1
CN0608700000000	06	087	Santa Cruz County, CA	1997	NA	140657	129593	11064	7.9
CN0608900000000	06	089	Shasta County, CA	1997	NA	72617	65934	6683	9.2
CN0609100000000	06	091	Sierra County, CA	1997	NA	1722	1542	180	10.5
CN0609300000000	06	093	Siskiyou County, CA	1997	NA	18529	16278	2251	12.1
CN0609500000000	06	095	Solano County, CA	1997	NA	177823	166217	11606	6.5
CN0609700000000	06	097	Sonoma County, CA	1997	NA	237722	228638	9084	3.8
CN0609900000000	06	099	Stanislaus County, CA	1997	NA	197783	171652	26131	13.2
CN0610100000000	06	101	Sutter County, CA	1997	NA	35293	29943	5350	15.2
CN0610300000000	06	103	Tehama County, CA	1997	NA	23995	21784	2211	9.2
CN0610500000000	06	105	Trinity County, CA	1997	NA	5150	4446	704	13.7
CN0610700000000	06	107	Tulare County, CA	1997	NA	160005	135409	24596	15.4
CN0610900000000	06	109	Tuolumne County, CA	1997	NA	19701	17971	1730	8.8
CN0611100000000	06	111	Ventura County, CA	1997	NA	378591	353526	25065	6.6
CN0611300000000	06	113	Yolo County, CA	1997	NA	85707	80622	5085	5.9
CN0611500000000	06	115	Yuba County, CA	1997	NA	20887	18118	2769	13.3
CN0800100000000	08	001	Adams County, CO	1997	NA	172650	166897	5753	3.3
CN0800300000000	08	003	Alamosa County, CO	1997	NA	8353	7904	449	5.4
CN0800500000000	08	005	Arapahoe County, CO	1997	NA	277214	270208	7006	2.5
CN0800700000000	08	007	Archuleta County, CO	1997	NA	4083	3865	218	5.3
CN0800900000000	08	009	Baca County, CO	1997	NA	2375	2335	40	1.7
CN0801100000000	08	011	Bent County, CO	1997	NA	2269	2202	67	3
CN0801300000000	08	013	Boulder County, CO	1997	NA	158573	153774	4799	3
CN0801400000000	08	014	Broomfield County/city, CO	1997	NA	18002	17601	401	2.2
CN0801500000000	08	015	Chaffee County, CO	1997	NA	7612	7328	284	3.7
CN0801700000000	08	017	Cheyenne County, CO	1997	NA	1315	1281	34	2.6
CN0801900000000	08	019	Clear Creek County, CO	1997	NA	5269	5086	183	3.5
CN0802100000000	08	021	Conejos County, CO	1997	NA	3795	3461	334	8.8
CN0802300000000	08	023	Costilla County, CO	1997	NA	1457	1227	230	15.8
CN0802500000000	08	025	Crowley County, CO	1997	NA	1324	1274	50	3.8
CN0802700000000	08	027	Custer County, CO	1997	NA	1817	1740	77	4.2
CN0802900000000	08	029	Delta County, CO	1997	NA	10672	10141	531	5
CN0803100000000	08	031	Denver County/city, CO	1997	NA	281852	270456	11396	4
CN0803300000000	08	033	Dolores County, CO	1997	NA	648	556	92	14.2
CN0803500000000	08	035	Douglas County, CO	1997	NA	76185	74907	1278	1.7
CN0803700000000	08	037	Eagle County, CO	1997	NA	19716	19153	563	2.9
CN0803900000000	08	039	Elbert County, CO	1997	NA	10144	9793	351	3.5
CN0804100000000	08	041	El Paso County, CO	1997	NA	252800	243074	9726	3.8
CN0804300000000	08	043	Fremont County, CO	1997	NA	17080	16381	699	4.1
CN0804500000000	08	045	Garfield County, CO	1997	NA	21610	20764	846	3.9
CN0804700000000	08	047	Gilpin County, CO	1997	NA	3186	3111	75	2.4
CN0804900000000	08	049	Grand County, CO	1997	NA	5776	5605	171	3
CN0805100000000	08	051	Gunnison County, CO	1997	NA	8002	7591	411	5.1
CN0805300000000	08	053	Hinsdale County, CO	1997	NA	611	598	13	2.1
CN0805500000000	08	055	Huerfano County, CO	1997	NA	3748	3546	202	5.4
CN0805700000000	08	057	Jackson County, CO	1997	NA	918	861	57	6.2
CN0805900000000	08	059	Jefferson County, CO	1997	NA	302505	294630	7875	2.6
CN0806100000000	08	061	Kiowa County, CO	1997	NA	881	866	15	1.7
CN0806300000000	08	063	Kit Carson County, CO	1997	NA	3582	3491	91	2.5
CN0806500000000	08	065	Lake County, CO	1997	NA	3240	3081	159	4.9
CN0806700000000	08	067	La Plata County, CO	1997	NA	24461	23311	1150	4.7
CN0806900000000	08	069	Larimer County, CO	1997	NA	137688	133031	4657	3.4
CN0807100000000	08	071	Las Animas County, CO	1997	NA	6547	6100	447	6.8
CN0807300000000	08	073	Lincoln County, CO	1997	NA	2647	2597	50	1.9
CN0807500000000	08	075	Logan County, CO	1997	NA	10025	9656	369	3.7
CN0807700000000	08	077	Mesa County, CO	1997	NA	57738	55069	2669	4.6
CN0807900000000	08	079	Mineral County, CO	1997	NA	422	403	19	4.5
CN0808100000000	08	081	Moffat County, CO	1997	NA	6682	6309	373	5.6
CN0808300000000	08	083	Montezuma County, CO	1997	NA	11453	10645	808	7.1
CN0808500000000	08	085	Montrose County, CO	1997	NA	15649	14759	890	5.7
CN0808700000000	08	087	Morgan County, CO	1997	NA	13414	12974	440	3.3
CN0808900000000	08	089	Otero County, CO	1997	NA	9161	8689	472	5.2
CN0809100000000	08	091	Ouray County, CO	1997	NA	1785	1694	91	5.1
CN0809300000000	08	093	Park County, CO	1997	NA	7688	7418	270	3.5
CN0809500000000	08	095	Phillips County, CO	1997	NA	2054	2015	39	1.9
CN0809700000000	08	097	Pitkin County, CO	1997	NA	9438	9048	390	4.1
CN0809900000000	08	099	Prowers County, CO	1997	NA	6868	6655	213	3.1
CN0810100000000	08	101	Pueblo County, CO	1997	NA	60667	57618	3049	5
CN0810300000000	08	103	Rio Blanco County, CO	1997	NA	3268	3134	134	4.1
CN0810500000000	08	105	Rio Grande County, CO	1997	NA	5282	4855	427	8.1
CN0810700000000	08	107	Routt County, CO	1997	NA	10774	10376	398	3.7
CN0810900000000	08	109	Saguache County, CO	1997	NA	2804	2569	235	8.4
CN0811100000000	08	111	San Juan County, CO	1997	NA	261	231	30	11.5
CN0811300000000	08	113	San Miguel County, CO	1997	NA	4368	4170	198	4.5
CN0811500000000	08	115	Sedgwick County, CO	1997	NA	1277	1245	32	2.5
CN0811700000000	08	117	Summit County, CO	1997	NA	12477	12195	282	2.3
CN0811900000000	08	119	Teller County, CO	1997	NA	13854	13286	568	4.1
CN0812100000000	08	121	Washington County, CO	1997	NA	2479	2403	76	3.1
CN0812300000000	08	123	Weld County, CO	1997	NA	82578	79175	3403	4.1
CN0812500000000	08	125	Yuma County, CO	1997	NA	4489	4387	102	2.3
CN0900100000000	09	001	Fairfield County, CT	1997	NA	454633	435484	19149	4.2
CN0900300000000	09	003	Hartford County, CT	1997	NA	428793	405239	23554	5.5
CN0900500000000	09	005	Litchfield County, CT	1997	NA	101806	97528	4278	4.2
CN0900700000000	09	007	Middlesex County, CT	1997	NA	83386	79399	3987	4.8
CN0900900000000	09	009	New Haven County, CT	1997	NA	420732	398016	22716	5.4
CN0901100000000	09	011	New London County, CT	1997	NA	135795	128318	7477	5.5
CN0901300000000	09	013	Tolland County, CT	1997	NA	70924	68132	2792	3.9
CN0901500000000	09	015	Windham County, CT	1997	NA	56475	52798	3677	6.5
CN1000100000000	10	001	Kent County, DE	1997	NA	67753	64727	3026	4.5
CN1000300000000	10	003	New Castle County, DE	1997	NA	250659	240894	9765	3.9
CN1000500000000	10	005	Sussex County, DE	1997	NA	69185	66522	2663	3.8
CN1100100000000	11	001	District of Columbia	1997	NA	282744	260105	22639	8
CN1200100000000	12	001	Alachua County, FL	1997	NA	105458	102360	3098	2.9
CN1200300000000	12	003	Baker County, FL	1997	NA	8655	8245	410	4.7
CN1200500000000	12	005	Bay County, FL	1997	NA	67530	62907	4623	6.8
CN1200700000000	12	007	Bradford County, FL	1997	NA	10113	9726	387	3.8
CN1200900000000	12	009	Brevard County, FL	1997	NA	210011	200080	9931	4.7
CN1201100000000	12	011	Broward County, FL	1997	NA	777558	738240	39318	5.1
CN1201300000000	12	013	Calhoun County, FL	1997	NA	5403	5101	302	5.6
CN1201500000000	12	015	Charlotte County, FL	1997	NA	46830	44884	1946	4.2
CN1201700000000	12	017	Citrus County, FL	1997	NA	36093	33950	2143	5.9
CN1201900000000	12	019	Clay County, FL	1997	NA	68756	66587	2169	3.2
CN1202100000000	12	021	Collier County, FL	1997	NA	90626	85883	4743	5.2
CN1202300000000	12	023	Columbia County, FL	1997	NA	25274	24072	1202	4.8
CN1202700000000	12	027	DeSoto County, FL	1997	NA	10103	9376	727	7.2
CN1202900000000	12	029	Dixie County, FL	1997	NA	3993	3691	302	7.6
CN1203100000000	12	031	Duval County, FL	1997	NA	385623	370392	15231	3.9
CN1203300000000	12	033	Escambia County, FL	1997	NA	123667	118259	5408	4.4
CN1203500000000	12	035	Flagler County, FL	1997	NA	16684	16133	551	3.3
CN1203700000000	12	037	Franklin County, FL	1997	NA	4613	4293	320	6.9
CN1203900000000	12	039	Gadsden County, FL	1997	NA	19799	18857	942	4.8
CN1204100000000	12	041	Gilchrist County, FL	1997	NA	4706	4508	198	4.2
CN1204300000000	12	043	Glades County, FL	1997	NA	4161	3801	360	8.7
CN1204500000000	12	045	Gulf County, FL	1997	NA	5886	5158	728	12.4
CN1204700000000	12	047	Hamilton County, FL	1997	NA	3543	3285	258	7.3
CN1204900000000	12	049	Hardee County, FL	1997	NA	11058	9602	1456	13.2
CN1205100000000	12	051	Hendry County, FL	1997	NA	17410	15050	2360	13.6
CN1205300000000	12	053	Hernando County, FL	1997	NA	46423	44524	1899	4.1
CN1205500000000	12	055	Highlands County, FL	1997	NA	28104	25687	2417	8.6
CN1205700000000	12	057	Hillsborough County, FL	1997	NA	534015	515515	18500	3.5
CN1205900000000	12	059	Holmes County, FL	1997	NA	6837	6390	447	6.5
CN1206100000000	12	061	Indian River County, FL	1997	NA	45632	41784	3848	8.4
CN1206300000000	12	063	Jackson County, FL	1997	NA	18706	17781	925	4.9
CN1206500000000	12	065	Jefferson County, FL	1997	NA	5333	5084	249	4.7
CN1206700000000	12	067	Lafayette County, FL	1997	NA	2891	2810	81	2.8
CN1206900000000	12	069	Lake County, FL	1997	NA	86315	82785	3530	4.1
CN1207100000000	12	071	Lee County, FL	1997	NA	177284	171058	6226	3.5
CN1207300000000	12	073	Leon County, FL	1997	NA	129027	125211	3816	3
CN1207500000000	12	075	Levy County, FL	1997	NA	13329	12732	597	4.5
CN1207700000000	12	077	Liberty County, FL	1997	NA	2558	2441	117	4.6
CN1207900000000	12	079	Madison County, FL	1997	NA	7446	7057	389	5.2
CN1208100000000	12	081	Manatee County, FL	1997	NA	117927	114297	3630	3.1
CN1208300000000	12	083	Marion County, FL	1997	NA	97917	93276	4641	4.7
CN1208500000000	12	085	Martin County, FL	1997	NA	47921	44505	3416	7.1
CN1208600000000	12	086	Miami-Dade County, FL	1997	NA	1081900	1013925	67975	6.3
CN1208700000000	12	087	Monroe County, FL	1997	NA	47064	45925	1139	2.4
CN1208900000000	12	089	Nassau County, FL	1997	NA	27951	26889	1062	3.8
CN1209100000000	12	091	Okaloosa County, FL	1997	NA	81627	78628	2999	3.7
CN1209300000000	12	093	Okeechobee County, FL	1997	NA	17368	15838	1530	8.8
CN1209500000000	12	095	Orange County, FL	1997	NA	469247	452962	16285	3.5
CN1209700000000	12	097	Osceola County, FL	1997	NA	79553	76528	3025	3.8
CN1209900000000	12	099	Palm Beach County, FL	1997	NA	502138	469560	32578	6.5
CN1210100000000	12	101	Pasco County, FL	1997	NA	132491	127004	5487	4.1
CN1210300000000	12	103	Pinellas County, FL	1997	NA	466468	449774	16694	3.6
CN1210500000000	12	105	Polk County, FL	1997	NA	203667	190145	13522	6.6
CN1210700000000	12	107	Putnam County, FL	1997	NA	28547	26838	1709	6
CN1210900000000	12	109	St. Johns County, FL	1997	NA	58562	56749	1813	3.1
CN1211100000000	12	111	St. Lucie County, FL	1997	NA	77798	69210	8588	11
CN1211300000000	12	113	Santa Rosa County, FL	1997	NA	51187	49294	1893	3.7
CN1211500000000	12	115	Sarasota County, FL	1997	NA	149189	145133	4056	2.7
CN1211700000000	12	117	Seminole County, FL	1997	NA	208780	201710	7070	3.4
CN1211900000000	12	119	Sumter County, FL	1997	NA	14570	13915	655	4.5
CN1212100000000	12	121	Suwannee County, FL	1997	NA	13352	12754	598	4.5
CN1212300000000	12	123	Taylor County, FL	1997	NA	7635	6917	718	9.4
CN1212500000000	12	125	Union County, FL	1997	NA	4058	3903	155	3.8
CN1212700000000	12	127	Volusia County, FL	1997	NA	178484	171196	7288	4.1
CN1212900000000	12	129	Wakulla County, FL	1997	NA	10392	10001	391	3.8
CN1213100000000	12	131	Walton County, FL	1997	NA	15504	14816	688	4.4
CN1213300000000	12	133	Washington County, FL	1997	NA	9370	8854	516	5.5
CN1300100000000	13	001	Appling County, GA	1997	NA	8557	7832	725	8.5
CN1300300000000	13	003	Atkinson County, GA	1997	NA	3390	3102	288	8.5
CN1300500000000	13	005	Bacon County, GA	1997	NA	4474	4110	364	8.1
CN1300700000000	13	007	Baker County, GA	1997	NA	1621	1467	154	9.5
CN1300900000000	13	009	Baldwin County, GA	1997	NA	17625	16847	778	4.4
CN1301100000000	13	011	Banks County, GA	1997	NA	6137	5806	331	5.4
CN1301300000000	13	013	Barrow County, GA	1997	NA	19890	19082	808	4.1
CN1301500000000	13	015	Bartow County, GA	1997	NA	37597	35531	2066	5.5
CN1301700000000	13	017	Ben Hill County, GA	1997	NA	9000	8385	615	6.8
CN1301900000000	13	019	Berrien County, GA	1997	NA	7035	6696	339	4.8
CN1302100000000	13	021	Bibb County, GA	1997	NA	74949	71039	3910	5.2
CN1302300000000	13	023	Bleckley County, GA	1997	NA	5477	5218	259	4.7
CN1302500000000	13	025	Brantley County, GA	1997	NA	5774	5347	427	7.4
CN1302700000000	13	027	Brooks County, GA	1997	NA	7933	7527	406	5.1
CN1302900000000	13	029	Bryan County, GA	1997	NA	10657	10273	384	3.6
CN1303100000000	13	031	Bulloch County, GA	1997	NA	26092	25235	857	3.3
CN1303300000000	13	033	Burke County, GA	1997	NA	8804	7507	1297	14.7
CN1303500000000	13	035	Butts County, GA	1997	NA	8434	8023	411	4.9
CN1303700000000	13	037	Calhoun County, GA	1997	NA	2363	2174	189	8
CN1303900000000	13	039	Camden County, GA	1997	NA	16384	15602	782	4.8
CN1304300000000	13	043	Candler County, GA	1997	NA	4178	3992	186	4.5
CN1304500000000	13	045	Carroll County, GA	1997	NA	43040	40874	2166	5
CN1304700000000	13	047	Catoosa County, GA	1997	NA	25506	24483	1023	4
CN1304900000000	13	049	Charlton County, GA	1997	NA	3768	3575	193	5.1
CN1305100000000	13	051	Chatham County, GA	1997	NA	107847	102188	5659	5.2
CN1305300000000	13	053	Chattahoochee County, GA	1997	NA	2342	2166	176	7.5
CN1305500000000	13	055	Chattooga County, GA	1997	NA	11996	11398	598	5
CN1305700000000	13	057	Cherokee County, GA	1997	NA	72904	71148	1756	2.4
CN1305900000000	13	059	Clarke County, GA	1997	NA	47362	45857	1505	3.2
CN1306100000000	13	061	Clay County, GA	1997	NA	1726	1587	139	8.1
CN1306300000000	13	063	Clayton County, GA	1997	NA	118998	114019	4979	4.2
CN1306500000000	13	065	Clinch County, GA	1997	NA	4056	3876	180	4.4
CN1306700000000	13	067	Cobb County, GA	1997	NA	336948	326750	10198	3
CN1306900000000	13	069	Coffee County, GA	1997	NA	18330	17178	1152	6.3
CN1307100000000	13	071	Colquitt County, GA	1997	NA	19296	18308	988	5.1
CN1307300000000	13	073	Columbia County, GA	1997	NA	42815	41115	1700	4
CN1307500000000	13	075	Cook County, GA	1997	NA	7812	7396	416	5.3
CN1307700000000	13	077	Coweta County, GA	1997	NA	41932	40270	1662	4
CN1307900000000	13	079	Crawford County, GA	1997	NA	5146	4886	260	5.1
CN1308100000000	13	081	Crisp County, GA	1997	NA	10082	9351	731	7.3
CN1308300000000	13	083	Dade County, GA	1997	NA	7132	6794	338	4.7
CN1308500000000	13	085	Dawson County, GA	1997	NA	10179	9884	295	2.9
CN1308700000000	13	087	Decatur County, GA	1997	NA	12355	11741	614	5
CN1308900000000	13	089	DeKalb County, GA	1997	NA	354513	338469	16044	4.5
CN1309100000000	13	091	Dodge County, GA	1997	NA	9402	8789	613	6.5
CN1309300000000	13	093	Dooly County, GA	1997	NA	4771	4384	387	8.1
CN1309500000000	13	095	Dougherty County, GA	1997	NA	46867	43499	3368	7.2
CN1309700000000	13	097	Douglas County, GA	1997	NA	49394	47839	1555	3.1
CN1309900000000	13	099	Early County, GA	1997	NA	4934	4521	413	8.4
CN1310100000000	13	101	Echols County, GA	1997	NA	1191	1147	44	3.7
CN1310300000000	13	103	Effingham County, GA	1997	NA	17004	16372	632	3.7
CN1310500000000	13	105	Elbert County, GA	1997	NA	9011	8240	771	8.6
CN1310700000000	13	107	Emanuel County, GA	1997	NA	8671	7756	915	10.6
CN1310900000000	13	109	Evans County, GA	1997	NA	5108	4906	202	4
CN1311100000000	13	111	Fannin County, GA	1997	NA	8674	8030	644	7.4
CN1311300000000	13	113	Fayette County, GA	1997	NA	46609	45516	1093	2.3
CN1311500000000	13	115	Floyd County, GA	1997	NA	46594	44385	2209	4.7
CN1311700000000	13	117	Forsyth County, GA	1997	NA	42840	41937	903	2.1
CN1311900000000	13	119	Franklin County, GA	1997	NA	10276	9762	514	5
CN1312100000000	13	121	Fulton County, GA	1997	NA	392406	374007	18399	4.7
CN1312300000000	13	123	Gilmer County, GA	1997	NA	8403	7848	555	6.6
CN1312500000000	13	125	Glascock County, GA	1997	NA	1144	995	149	13
CN1312700000000	13	127	Glynn County, GA	1997	NA	34765	33500	1265	3.6
CN1312900000000	13	129	Gordon County, GA	1997	NA	21755	20520	1235	5.7
CN1313100000000	13	131	Grady County, GA	1997	NA	10069	9177	892	8.9
CN1313300000000	13	133	Greene County, GA	1997	NA	5743	5371	372	6.5
CN1313500000000	13	135	Gwinnett County, GA	1997	NA	310831	302761	8070	2.6
CN1313700000000	13	137	Habersham County, GA	1997	NA	15334	14546	788	5.1
CN1313900000000	13	139	Hall County, GA	1997	NA	68597	66521	2076	3
CN1314100000000	13	141	Hancock County, GA	1997	NA	3880	3445	435	11.2
CN1314300000000	13	143	Haralson County, GA	1997	NA	9397	8740	657	7
CN1314500000000	13	145	Harris County, GA	1997	NA	11674	11321	353	3
CN1314700000000	13	147	Hart County, GA	1997	NA	8616	8127	489	5.7
CN1314900000000	13	149	Heard County, GA	1997	NA	3887	3641	246	6.3
CN1315100000000	13	151	Henry County, GA	1997	NA	54249	52860	1389	2.6
CN1315300000000	13	153	Houston County, GA	1997	NA	51343	49231	2112	4.1
CN1315500000000	13	155	Irwin County, GA	1997	NA	4675	4409	266	5.7
CN1315700000000	13	157	Jackson County, GA	1997	NA	21939	21102	837	3.8
CN1315900000000	13	159	Jasper County, GA	1997	NA	4883	4606	277	5.7
CN1316100000000	13	161	Jeff Davis County, GA	1997	NA	5673	5287	386	6.8
CN1316300000000	13	163	Jefferson County, GA	1997	NA	8134	7043	1091	13.4
CN1316500000000	13	165	Jenkins County, GA	1997	NA	4670	4404	266	5.7
CN1316700000000	13	167	Johnson County, GA	1997	NA	3687	3385	302	8.2
CN1316900000000	13	169	Jones County, GA	1997	NA	11952	11507	445	3.7
CN1317100000000	13	171	Lamar County, GA	1997	NA	7496	7153	343	4.6
CN1317300000000	13	173	Lanier County, GA	1997	NA	3439	3319	120	3.5
CN1317500000000	13	175	Laurens County, GA	1997	NA	22306	21305	1001	4.5
CN1317700000000	13	177	Lee County, GA	1997	NA	11598	11131	467	4
CN1317900000000	13	179	Liberty County, GA	1997	NA	17264	15971	1293	7.5
CN1318100000000	13	181	Lincoln County, GA	1997	NA	3708	3440	268	7.2
CN1318300000000	13	183	Long County, GA	1997	NA	3489	3357	132	3.8
CN1318500000000	13	185	Lowndes County, GA	1997	NA	41981	40262	1719	4.1
CN1318700000000	13	187	Lumpkin County, GA	1997	NA	9680	9378	302	3.1
CN1318900000000	13	189	McDuffie County, GA	1997	NA	9904	8916	988	10
CN1319100000000	13	191	McIntosh County, GA	1997	NA	4544	4300	244	5.4
CN1319300000000	13	193	Macon County, GA	1997	NA	5883	5117	766	13
CN1319500000000	13	195	Madison County, GA	1997	NA	13470	13008	462	3.4
CN1319700000000	13	197	Marion County, GA	1997	NA	3427	3243	184	5.4
CN1319900000000	13	199	Meriwether County, GA	1997	NA	9224	8706	518	5.6
CN1320100000000	13	201	Miller County, GA	1997	NA	3107	2953	154	5
CN1320500000000	13	205	Mitchell County, GA	1997	NA	11506	10388	1118	9.7
CN1320700000000	13	207	Monroe County, GA	1997	NA	7596	7118	478	6.3
CN1320900000000	13	209	Montgomery County, GA	1997	NA	3806	3476	330	8.7
CN1321100000000	13	211	Morgan County, GA	1997	NA	7223	6900	323	4.5
CN1321300000000	13	213	Murray County, GA	1997	NA	17675	16658	1017	5.8
CN1321500000000	13	215	Muscogee County, GA	1997	NA	84913	80492	4421	5.2
CN1321700000000	13	217	Newton County, GA	1997	NA	27840	26519	1321	4.7
CN1321900000000	13	219	Oconee County, GA	1997	NA	12953	12698	255	2
CN1322100000000	13	221	Oglethorpe County, GA	1997	NA	5383	5140	243	4.5
CN1322300000000	13	223	Paulding County, GA	1997	NA	37030	36042	988	2.7
CN1322500000000	13	225	Peach County, GA	1997	NA	11185	10471	714	6.4
CN1322700000000	13	227	Pickens County, GA	1997	NA	9818	9454	364	3.7
CN1322900000000	13	229	Pierce County, GA	1997	NA	7474	7076	398	5.3
CN1323100000000	13	231	Pike County, GA	1997	NA	6294	6049	245	3.9
CN1323300000000	13	233	Polk County, GA	1997	NA	15246	14130	1116	7.3
CN1323500000000	13	235	Pulaski County, GA	1997	NA	4493	4263	230	5.1
CN1323700000000	13	237	Putnam County, GA	1997	NA	9054	8641	413	4.6
CN1323900000000	13	239	Quitman County, GA	1997	NA	1317	1252	65	4.9
CN1324100000000	13	241	Rabun County, GA	1997	NA	7149	6913	236	3.3
CN1324300000000	13	243	Randolph County, GA	1997	NA	3430	3121	309	9
CN1324500000000	13	245	Richmond County, GA	1997	NA	81795	75697	6098	7.5
CN1324700000000	13	247	Rockdale County, GA	1997	NA	38200	36978	1222	3.2
CN1324900000000	13	249	Schley County, GA	1997	NA	1783	1668	115	6.4
CN1325100000000	13	251	Screven County, GA	1997	NA	6511	5749	762	11.7
CN1325300000000	13	253	Seminole County, GA	1997	NA	4586	4362	224	4.9
CN1325500000000	13	255	Spalding County, GA	1997	NA	28949	27452	1497	5.2
CN1325700000000	13	257	Stephens County, GA	1997	NA	13073	12325	748	5.7
CN1325900000000	13	259	Stewart County, GA	1997	NA	2629	2459	170	6.5
CN1326100000000	13	261	Sumter County, GA	1997	NA	15867	14343	1524	9.6
CN1326300000000	13	263	Talbot County, GA	1997	NA	2697	2519	178	6.6
CN1326500000000	13	265	Taliaferro County, GA	1997	NA	689	632	57	8.3
CN1326700000000	13	267	Tattnall County, GA	1997	NA	7330	6975	355	4.8
CN1326900000000	13	269	Taylor County, GA	1997	NA	3452	3189	263	7.6
CN1327100000000	13	271	Telfair County, GA	1997	NA	4883	4418	465	9.5
CN1327300000000	13	273	Terrell County, GA	1997	NA	4066	3568	498	12.2
CN1327500000000	13	275	Thomas County, GA	1997	NA	21288	20308	980	4.6
CN1327700000000	13	277	Tift County, GA	1997	NA	21439	20203	1236	5.8
CN1327900000000	13	279	Toombs County, GA	1997	NA	12653	11409	1244	9.8
CN1328100000000	13	281	Towns County, GA	1997	NA	3837	3451	386	10.1
CN1328300000000	13	283	Treutlen County, GA	1997	NA	2882	2611	271	9.4
CN1328500000000	13	285	Troup County, GA	1997	NA	28994	27384	1610	5.6
CN1328700000000	13	287	Turner County, GA	1997	NA	4551	4046	505	11.1
CN1328900000000	13	289	Twiggs County, GA	1997	NA	4162	3943	219	5.3
CN1329100000000	13	291	Union County, GA	1997	NA	7241	6813	428	5.9
CN1329300000000	13	293	Upson County, GA	1997	NA	13040	12467	573	4.4
CN1329500000000	13	295	Walker County, GA	1997	NA	31059	29327	1732	5.6
CN1329700000000	13	297	Walton County, GA	1997	NA	26549	25355	1194	4.5
CN1329900000000	13	299	Ware County, GA	1997	NA	15920	15087	833	5.2
CN1330100000000	13	301	Warren County, GA	1997	NA	2772	2431	341	12.3
CN1330300000000	13	303	Washington County, GA	1997	NA	9964	9080	884	8.9
CN1330500000000	13	305	Wayne County, GA	1997	NA	11157	10347	810	7.3
CN1330700000000	13	307	Webster County, GA	1997	NA	1185	1116	69	5.8
CN1330900000000	13	309	Wheeler County, GA	1997	NA	2078	1871	207	10
CN1331100000000	13	311	White County, GA	1997	NA	9550	9144	406	4.3
CN1331300000000	13	313	Whitfield County, GA	1997	NA	47066	45140	1926	4.1
CN1331500000000	13	315	Wilcox County, GA	1997	NA	3577	3194	383	10.7
CN1331700000000	13	317	Wilkes County, GA	1997	NA	5747	5396	351	6.1
CN1331900000000	13	319	Wilkinson County, GA	1997	NA	4564	4299	265	5.8
CN1332100000000	13	321	Worth County, GA	1997	NA	9307	8565	742	8
CN1500100000000	15	001	Hawaii County, HI	1997	NA	69400	62524	6876	9.9
CN1500300000000	15	003	Honolulu County/city, HI	1997	NA	432747	410500	22247	5.1
CN1500700000000	15	007	Kauai County, HI	1997	NA	28877	25709	3168	11
CN1500900000000	15	009	Maui County, HI	1997	NA	69930	64847	5083	7.3
CN1600100000000	16	001	Ada County, ID	1997	NA	156552	151759	4793	3.1
CN1600300000000	16	003	Adams County, ID	1997	NA	1679	1430	249	14.8
CN1600500000000	16	005	Bannock County, ID	1997	NA	38860	36798	2062	5.3
CN1600700000000	16	007	Bear Lake County, ID	1997	NA	2662	2540	122	4.6
CN1600900000000	16	009	Benewah County, ID	1997	NA	4390	3957	433	9.9
CN1601100000000	16	011	Bingham County, ID	1997	NA	21536	20503	1033	4.8
CN1601300000000	16	013	Blaine County, ID	1997	NA	10749	10243	506	4.7
CN1601500000000	16	015	Boise County, ID	1997	NA	2491	2331	160	6.4
CN1601700000000	16	017	Bonner County, ID	1997	NA	17075	15627	1448	8.5
CN1601900000000	16	019	Bonneville County, ID	1997	NA	45671	43956	1715	3.8
CN1602100000000	16	021	Boundary County, ID	1997	NA	4509	4121	388	8.6
CN1602300000000	16	023	Butte County, ID	1997	NA	1646	1569	77	4.7
CN1602500000000	16	025	Camas County, ID	1997	NA	441	422	19	4.3
CN1602700000000	16	027	Canyon County, ID	1997	NA	59921	56736	3185	5.3
CN1602900000000	16	029	Caribou County, ID	1997	NA	3279	3083	196	6
CN1603100000000	16	031	Cassia County, ID	1997	NA	9563	8914	649	6.8
CN1603300000000	16	033	Clark County, ID	1997	NA	601	574	27	4.5
CN1603500000000	16	035	Clearwater County, ID	1997	NA	4250	3743	507	11.9
CN1603700000000	16	037	Custer County, ID	1997	NA	2147	1988	159	7.4
CN1603900000000	16	039	Elmore County, ID	1997	NA	8993	8449	544	6
CN1604100000000	16	041	Franklin County, ID	1997	NA	4555	4372	183	4
CN1604300000000	16	043	Fremont County, ID	1997	NA	4926	4557	369	7.5
CN1604500000000	16	045	Gem County, ID	1997	NA	6331	5919	412	6.5
CN1604700000000	16	047	Gooding County, ID	1997	NA	6623	6351	272	4.1
CN1604900000000	16	049	Idaho County, ID	1997	NA	6397	5723	674	10.5
CN1605100000000	16	051	Jefferson County, ID	1997	NA	9686	9272	414	4.3
CN1605300000000	16	053	Jerome County, ID	1997	NA	8754	8352	402	4.6
CN1605500000000	16	055	Kootenai County, ID	1997	NA	54255	49850	4405	8.1
CN1605700000000	16	057	Latah County, ID	1997	NA	14836	14325	511	3.4
CN1605900000000	16	059	Lemhi County, ID	1997	NA	4130	3750	380	9.2
CN1606100000000	16	061	Lewis County, ID	1997	NA	1622	1501	121	7.5
CN1606300000000	16	063	Lincoln County, ID	1997	NA	1829	1726	103	5.6
CN1606500000000	16	065	Madison County, ID	1997	NA	9639	9331	308	3.2
CN1606700000000	16	067	Minidoka County, ID	1997	NA	9939	9143	796	8
CN1606900000000	16	069	Nez Perce County, ID	1997	NA	23258	22455	803	3.5
CN1607100000000	16	071	Oneida County, ID	1997	NA	1668	1611	57	3.4
CN1607300000000	16	073	Owyhee County, ID	1997	NA	4501	4380	121	2.7
CN1607500000000	16	075	Payette County, ID	1997	NA	10151	9382	769	7.6
CN1607700000000	16	077	Power County, ID	1997	NA	3513	3298	215	6.1
CN1607900000000	16	079	Shoshone County, ID	1997	NA	6775	6096	679	10
CN1608100000000	16	081	Teton County, ID	1997	NA	2783	2656	127	4.6
CN1608300000000	16	083	Twin Falls County, ID	1997	NA	31689	30262	1427	4.5
CN1608500000000	16	085	Valley County, ID	1997	NA	4237	3832	405	9.6
CN1608700000000	16	087	Washington County, ID	1997	NA	4610	4247	363	7.9
CN1700100000000	17	001	Adams County, IL	1997	NA	36079	34918	1161	3.2
CN1700300000000	17	003	Alexander County, IL	1997	NA	3839	3506	333	8.7
CN1700500000000	17	005	Bond County, IL	1997	NA	8185	7818	367	4.5
CN1700700000000	17	007	Boone County, IL	1997	NA	21650	20600	1050	4.8
CN1700900000000	17	009	Brown County, IL	1997	NA	2749	2672	77	2.8
CN1701100000000	17	011	Bureau County, IL	1997	NA	18574	17719	855	4.6
CN1701300000000	17	013	Calhoun County, IL	1997	NA	3223	3069	154	4.8
CN1701500000000	17	015	Carroll County, IL	1997	NA	8961	8514	447	5
CN1701700000000	17	017	Cass County, IL	1997	NA	7497	7160	337	4.5
CN1701900000000	17	019	Champaign County, IL	1997	NA	95632	93254	2378	2.5
CN1702100000000	17	021	Christian County, IL	1997	NA	19372	18473	899	4.6
CN1702300000000	17	023	Clark County, IL	1997	NA	9842	9440	402	4.1
CN1702500000000	17	025	Clay County, IL	1997	NA	7159	6799	360	5
CN1702700000000	17	027	Clinton County, IL	1997	NA	17539	16784	755	4.3
CN1702900000000	17	029	Coles County, IL	1997	NA	27587	26683	904	3.3
CN1703100000000	17	031	Cook County, IL	1997	NA	2686465	2534529	151936	5.7
CN1703300000000	17	033	Crawford County, IL	1997	NA	9603	8975	628	6.5
CN1703500000000	17	035	Cumberland County, IL	1997	NA	5710	5460	250	4.4
CN1703700000000	17	037	DeKalb County, IL	1997	NA	46484	44861	1623	3.5
CN1703900000000	17	039	De Witt County, IL	1997	NA	8414	8004	410	4.9
CN1704100000000	17	041	Douglas County, IL	1997	NA	11968	11588	380	3.2
CN1704300000000	17	043	DuPage County, IL	1997	NA	514063	496922	17141	3.3
CN1704500000000	17	045	Edgar County, IL	1997	NA	10048	9648	400	4
CN1704700000000	17	047	Edwards County, IL	1997	NA	3853	3663	190	4.9
CN1704900000000	17	049	Effingham County, IL	1997	NA	18413	17645	768	4.2
CN1705100000000	17	051	Fayette County, IL	1997	NA	10526	9957	569	5.4
CN1705300000000	17	053	Ford County, IL	1997	NA	6644	6381	263	4
CN1705500000000	17	055	Franklin County, IL	1997	NA	16886	15188	1698	10.1
CN1705700000000	17	057	Fulton County, IL	1997	NA	14243	13297	946	6.6
CN1705900000000	17	059	Gallatin County, IL	1997	NA	2719	2535	184	6.8
CN1706100000000	17	061	Greene County, IL	1997	NA	7092	6705	387	5.5
CN1706300000000	17	063	Grundy County, IL	1997	NA	18935	17498	1437	7.6
CN1706500000000	17	065	Hamilton County, IL	1997	NA	3710	3414	296	8
CN1706700000000	17	067	Hancock County, IL	1997	NA	12371	11934	437	3.5
CN1706900000000	17	069	Hardin County, IL	1997	NA	1865	1680	185	9.9
CN1707100000000	17	071	Henderson County, IL	1997	NA	4619	4431	188	4.1
CN1707300000000	17	073	Henry County, IL	1997	NA	26711	25830	881	3.3
CN1707500000000	17	075	Iroquois County, IL	1997	NA	16004	15393	611	3.8
CN1707700000000	17	077	Jackson County, IL	1997	NA	29445	28172	1273	4.3
CN1707900000000	17	079	Jasper County, IL	1997	NA	4026	3602	424	10.5
CN1708100000000	17	081	Jefferson County, IL	1997	NA	17769	16588	1181	6.6
CN1708300000000	17	083	Jersey County, IL	1997	NA	10647	10148	499	4.7
CN1708500000000	17	085	Jo Daviess County, IL	1997	NA	12726	12241	485	3.8
CN1708700000000	17	087	Johnson County, IL	1997	NA	4762	4428	334	7
CN1708900000000	17	089	Kane County, IL	1997	NA	210872	202381	8491	4
CN1709100000000	17	091	Kankakee County, IL	1997	NA	52942	50379	2563	4.8
CN1709300000000	17	093	Kendall County, IL	1997	NA	28115	27114	1001	3.6
CN1709500000000	17	095	Knox County, IL	1997	NA	29069	27942	1127	3.9
CN1709700000000	17	097	Lake County, IL	1997	NA	321733	311828	9905	3.1
CN1709900000000	17	099	LaSalle County, IL	1997	NA	54806	51415	3391	6.2
CN1710100000000	17	101	Lawrence County, IL	1997	NA	6800	6260	540	7.9
CN1710300000000	17	103	Lee County, IL	1997	NA	18006	17373	633	3.5
CN1710500000000	17	105	Livingston County, IL	1997	NA	19276	18666	610	3.2
CN1710700000000	17	107	Logan County, IL	1997	NA	12707	12116	591	4.7
CN1710900000000	17	109	McDonough County, IL	1997	NA	18869	18492	377	2
CN1711100000000	17	111	McHenry County, IL	1997	NA	132770	127387	5383	4.1
CN1711300000000	17	113	McLean County, IL	1997	NA	84048	82177	1871	2.2
CN1711500000000	17	115	Macon County, IL	1997	NA	60067	56407	3660	6.1
CN1711700000000	17	117	Macoupin County, IL	1997	NA	22908	21775	1133	4.9
CN1711900000000	17	119	Madison County, IL	1997	NA	131275	125913	5362	4.1
CN1712100000000	17	121	Marion County, IL	1997	NA	21116	19580	1536	7.3
CN1712300000000	17	123	Marshall County, IL	1997	NA	6550	6299	251	3.8
CN1712500000000	17	125	Mason County, IL	1997	NA	8172	7653	519	6.4
CN1712700000000	17	127	Massac County, IL	1997	NA	7863	7565	298	3.8
CN1712900000000	17	129	Menard County, IL	1997	NA	6221	5994	227	3.6
CN1713100000000	17	131	Mercer County, IL	1997	NA	9112	8697	415	4.6
CN1713300000000	17	133	Monroe County, IL	1997	NA	13832	13444	388	2.8
CN1713500000000	17	135	Montgomery County, IL	1997	NA	14996	14039	957	6.4
CN1713700000000	17	137	Morgan County, IL	1997	NA	18386	17647	739	4
CN1713900000000	17	139	Moultrie County, IL	1997	NA	7849	7593	256	3.3
CN1714100000000	17	141	Ogle County, IL	1997	NA	28004	27031	973	3.5
CN1714300000000	17	143	Peoria County, IL	1997	NA	96654	92640	4014	4.2
CN1714500000000	17	145	Perry County, IL	1997	NA	8331	7551	780	9.4
CN1714700000000	17	147	Piatt County, IL	1997	NA	7874	7515	359	4.6
CN1714900000000	17	149	Pike County, IL	1997	NA	8907	8490	417	4.7
CN1715100000000	17	151	Pope County, IL	1997	NA	1699	1555	144	8.5
CN1715300000000	17	153	Pulaski County, IL	1997	NA	2826	2582	244	8.6
CN1715500000000	17	155	Putnam County, IL	1997	NA	3098	2929	169	5.5
CN1715700000000	17	157	Randolph County, IL	1997	NA	13990	13093	897	6.4
CN1715900000000	17	159	Richland County, IL	1997	NA	10134	9681	453	4.5
CN1716100000000	17	161	Rock Island County, IL	1997	NA	75321	72668	2653	3.5
CN1716300000000	17	163	St. Clair County, IL	1997	NA	119495	113580	5915	4.9
CN1716500000000	17	165	Saline County, IL	1997	NA	10178	9368	810	8
CN1716700000000	17	167	Sangamon County, IL	1997	NA	102492	98722	3770	3.7
CN1716900000000	17	169	Schuyler County, IL	1997	NA	3917	3713	204	5.2
CN1717100000000	17	171	Scott County, IL	1997	NA	2796	2640	156	5.6
CN1717300000000	17	173	Shelby County, IL	1997	NA	11622	11101	521	4.5
CN1717500000000	17	175	Stark County, IL	1997	NA	2906	2746	160	5.5
CN1717700000000	17	177	Stephenson County, IL	1997	NA	25507	24347	1160	4.5
CN1717900000000	17	179	Tazewell County, IL	1997	NA	70428	67826	2602	3.7
CN1718100000000	17	181	Union County, IL	1997	NA	8189	7633	556	6.8
CN1718300000000	17	183	Vermilion County, IL	1997	NA	39978	37474	2504	6.3
CN1718500000000	17	185	Wabash County, IL	1997	NA	5214	4772	442	8.5
CN1718700000000	17	187	Warren County, IL	1997	NA	9884	9534	350	3.5
CN1718900000000	17	189	Washington County, IL	1997	NA	8873	8521	352	4
CN1719100000000	17	191	Wayne County, IL	1997	NA	8107	7713	394	4.9
CN1719300000000	17	193	White County, IL	1997	NA	7411	6965	446	6
CN1719500000000	17	195	Whiteside County, IL	1997	NA	32411	31397	1014	3.1
CN1719700000000	17	197	Will County, IL	1997	NA	234076	222377	11699	5
CN1719900000000	17	199	Williamson County, IL	1997	NA	27662	25752	1910	6.9
CN1720100000000	17	201	Winnebago County, IL	1997	NA	150917	144865	6052	4
CN1720300000000	17	203	Woodford County, IL	1997	NA	19062	18567	495	2.6
CN1800100000000	18	001	Adams County, IN	1997	NA	16706	16224	482	2.9
CN1800300000000	18	003	Allen County, IN	1997	NA	177144	172074	5070	2.9
CN1800500000000	18	005	Bartholomew County, IN	1997	NA	39798	38901	897	2.3
CN1800700000000	18	007	Benton County, IN	1997	NA	5158	4968	190	3.7
CN1800900000000	18	009	Blackford County, IN	1997	NA	6581	6277	304	4.6
CN1801100000000	18	011	Boone County, IN	1997	NA	24071	23623	448	1.9
CN1801300000000	18	013	Brown County, IN	1997	NA	8745	8564	181	2.1
CN1801500000000	18	015	Carroll County, IN	1997	NA	12213	11913	300	2.5
CN1801700000000	18	017	Cass County, IN	1997	NA	20044	19198	846	4.2
CN1801900000000	18	019	Clark County, IN	1997	NA	52008	50252	1756	3.4
CN1802100000000	18	021	Clay County, IN	1997	NA	12642	11944	698	5.5
CN1802300000000	18	023	Clinton County, IN	1997	NA	16330	15798	532	3.3
CN1802500000000	18	025	Crawford County, IN	1997	NA	4802	4423	379	7.9
CN1802700000000	18	027	Daviess County, IN	1997	NA	13761	13287	474	3.4
CN1802900000000	18	029	Dearborn County, IN	1997	NA	23358	22485	873	3.7
CN1803100000000	18	031	Decatur County, IN	1997	NA	16349	15953	396	2.4
CN1803300000000	18	033	DeKalb County, IN	1997	NA	21944	21304	640	2.9
CN1803500000000	18	035	Delaware County, IN	1997	NA	63147	60677	2470	3.9
CN1803700000000	18	037	Dubois County, IN	1997	NA	22753	22217	536	2.4
CN1803900000000	18	039	Elkhart County, IN	1997	NA	94780	91688	3092	3.3
CN1804100000000	18	041	Fayette County, IN	1997	NA	11718	11073	645	5.5
CN1804300000000	18	043	Floyd County, IN	1997	NA	38678	37529	1149	3
CN1804500000000	18	045	Fountain County, IN	1997	NA	8760	8348	412	4.7
CN1804700000000	18	047	Franklin County, IN	1997	NA	10750	10343	407	3.8
CN1804900000000	18	049	Fulton County, IN	1997	NA	10533	10076	457	4.3
CN1805100000000	18	051	Gibson County, IN	1997	NA	15758	14876	882	5.6
CN1805300000000	18	053	Grant County, IN	1997	NA	34690	33129	1561	4.5
CN1805500000000	18	055	Greene County, IN	1997	NA	14751	13717	1034	7
CN1805700000000	18	057	Hamilton County, IN	1997	NA	89660	88508	1152	1.3
CN1805900000000	18	059	Hancock County, IN	1997	NA	29651	28963	688	2.3
CN1806100000000	18	061	Harrison County, IN	1997	NA	18341	17713	628	3.4
CN1806300000000	18	063	Hendricks County, IN	1997	NA	51552	50658	894	1.7
CN1806500000000	18	065	Henry County, IN	1997	NA	25714	24563	1151	4.5
CN1806700000000	18	067	Howard County, IN	1997	NA	42552	41112	1440	3.4
CN1806900000000	18	069	Huntington County, IN	1997	NA	20869	20125	744	3.6
CN1807100000000	18	071	Jackson County, IN	1997	NA	21104	20236	868	4.1
CN1807300000000	18	073	Jasper County, IN	1997	NA	14487	13837	650	4.5
CN1807500000000	18	075	Jay County, IN	1997	NA	11907	11327	580	4.9
CN1807700000000	18	077	Jefferson County, IN	1997	NA	14753	14012	741	5
CN1807900000000	18	079	Jennings County, IN	1997	NA	14565	14146	419	2.9
CN1808100000000	18	081	Johnson County, IN	1997	NA	60401	59132	1269	2.1
CN1808300000000	18	083	Knox County, IN	1997	NA	20202	19385	817	4
CN1808500000000	18	085	Kosciusko County, IN	1997	NA	38359	37107	1252	3.3
CN1808700000000	18	087	LaGrange County, IN	1997	NA	17176	16656	520	3
CN1808900000000	18	089	Lake County, IN	1997	NA	230347	220017	10330	4.5
CN1809100000000	18	091	LaPorte County, IN	1997	NA	54679	52529	2150	3.9
CN1809300000000	18	093	Lawrence County, IN	1997	NA	24487	23200	1287	5.3
CN1809500000000	18	095	Madison County, IN	1997	NA	66534	64043	2491	3.7
CN1809700000000	18	097	Marion County, IN	1997	NA	453928	439576	14352	3.2
CN1809900000000	18	099	Marshall County, IN	1997	NA	25889	25066	823	3.2
CN1810100000000	18	101	Martin County, IN	1997	NA	5224	5030	194	3.7
CN1810300000000	18	103	Miami County, IN	1997	NA	15471	14689	782	5.1
CN1810500000000	18	105	Monroe County, IN	1997	NA	62259	60794	1465	2.4
CN1810700000000	18	107	Montgomery County, IN	1997	NA	19727	19147	580	2.9
CN1810900000000	18	109	Morgan County, IN	1997	NA	35076	34057	1019	2.9
CN1811100000000	18	111	Newton County, IN	1997	NA	6624	6341	283	4.3
CN1811300000000	18	113	Noble County, IN	1997	NA	25067	24203	864	3.4
CN1811500000000	18	115	Ohio County, IN	1997	NA	2698	2603	95	3.5
CN1811700000000	18	117	Orange County, IN	1997	NA	9068	8413	655	7.2
CN1811900000000	18	119	Owen County, IN	1997	NA	10737	10260	477	4.4
CN1812100000000	18	121	Parke County, IN	1997	NA	7396	7027	369	5
CN1812300000000	18	123	Perry County, IN	1997	NA	9289	8607	682	7.3
CN1812500000000	18	125	Pike County, IN	1997	NA	6352	6048	304	4.8
CN1812700000000	18	127	Porter County, IN	1997	NA	76300	74055	2245	2.9
CN1812900000000	18	129	Posey County, IN	1997	NA	14126	13650	476	3.4
CN1813100000000	18	131	Pulaski County, IN	1997	NA	6310	5882	428	6.8
CN1813300000000	18	133	Putnam County, IN	1997	NA	16755	16171	584	3.5
CN1813500000000	18	135	Randolph County, IN	1997	NA	11831	10780	1051	8.9
CN1813700000000	18	137	Ripley County, IN	1997	NA	13396	12945	451	3.4
CN1813900000000	18	139	Rush County, IN	1997	NA	10265	9965	300	2.9
CN1814100000000	18	141	St. Joseph County, IN	1997	NA	138162	133603	4559	3.3
CN1814300000000	18	143	Scott County, IN	1997	NA	11038	10481	557	5
CN1814500000000	18	145	Shelby County, IN	1997	NA	23572	22793	779	3.3
CN1814700000000	18	147	Spencer County, IN	1997	NA	11291	10784	507	4.5
CN1814900000000	18	149	Starke County, IN	1997	NA	11527	10928	599	5.2
CN1815100000000	18	151	Steuben County, IN	1997	NA	18018	17486	532	3
CN1815300000000	18	153	Sullivan County, IN	1997	NA	10133	9469	664	6.6
CN1815500000000	18	155	Switzerland County, IN	1997	NA	3815	3624	191	5
CN1815700000000	18	157	Tippecanoe County, IN	1997	NA	73620	71924	1696	2.3
CN1815900000000	18	159	Tipton County, IN	1997	NA	8776	8506	270	3.1
CN1816100000000	18	161	Union County, IN	1997	NA	3974	3839	135	3.4
CN1816300000000	18	163	Vanderburgh County, IN	1997	NA	92064	88211	3853	4.2
CN1816500000000	18	165	Vermillion County, IN	1997	NA	8010	7462	548	6.8
CN1816700000000	18	167	Vigo County, IN	1997	NA	51656	48638	3018	5.8
CN1816900000000	18	169	Wabash County, IN	1997	NA	17816	17066	750	4.2
CN1817100000000	18	171	Warren County, IN	1997	NA	3913	3786	127	3.2
CN1817300000000	18	173	Warrick County, IN	1997	NA	28690	27657	1033	3.6
CN1817500000000	18	175	Washington County, IN	1997	NA	12129	11475	654	5.4
CN1817700000000	18	177	Wayne County, IN	1997	NA	38700	37229	1471	3.8
CN1817900000000	18	179	Wells County, IN	1997	NA	14893	14537	356	2.4
CN1818100000000	18	181	White County, IN	1997	NA	13080	12151	929	7.1
CN1818300000000	18	183	Whitley County, IN	1997	NA	16637	16220	417	2.5
CN1900100000000	19	001	Adair County, IA	1997	NA	4341	4220	121	2.8
CN1900300000000	19	003	Adams County, IA	1997	NA	2338	2207	131	5.6
CN1900500000000	19	005	Allamakee County, IA	1997	NA	7692	7356	336	4.4
CN1900700000000	19	007	Appanoose County, IA	1997	NA	6872	6567	305	4.4
CN1900900000000	19	009	Audubon County, IA	1997	NA	3627	3507	120	3.3
CN1901100000000	19	011	Benton County, IA	1997	NA	12114	11713	401	3.3
CN1901300000000	19	013	Black Hawk County, IA	1997	NA	69839	67266	2573	3.7
CN1901500000000	19	015	Boone County, IA	1997	NA	14265	13891	374	2.6
CN1901700000000	19	017	Bremer County, IA	1997	NA	13028	12722	306	2.3
CN1901900000000	19	019	Buchanan County, IA	1997	NA	11106	10677	429	3.9
CN1902100000000	19	021	Buena Vista County, IA	1997	NA	11008	10780	228	2.1
CN1902300000000	19	023	Butler County, IA	1997	NA	7964	7645	319	4
CN1902500000000	19	025	Calhoun County, IA	1997	NA	5067	4914	153	3
CN1902700000000	19	027	Carroll County, IA	1997	NA	12605	12220	385	3.1
CN1902900000000	19	029	Cass County, IA	1997	NA	7844	7476	368	4.7
CN1903100000000	19	031	Cedar County, IA	1997	NA	9776	9494	282	2.9
CN1903300000000	19	033	Cerro Gordo County, IA	1997	NA	27089	26251	838	3.1
CN1903500000000	19	035	Cherokee County, IA	1997	NA	7099	6894	205	2.9
CN1903700000000	19	037	Chickasaw County, IA	1997	NA	7671	7321	350	4.6
CN1903900000000	19	039	Clarke County, IA	1997	NA	4261	4094	167	3.9
CN1904100000000	19	041	Clay County, IA	1997	NA	10307	10030	277	2.7
CN1904300000000	19	043	Clayton County, IA	1997	NA	10890	10397	493	4.5
CN1904500000000	19	045	Clinton County, IA	1997	NA	27691	26703	988	3.6
CN1904700000000	19	047	Crawford County, IA	1997	NA	9078	8791	287	3.2
CN1904900000000	19	049	Dallas County, IA	1997	NA	19979	19564	415	2.1
CN1905100000000	19	051	Davis County, IA	1997	NA	4223	4068	155	3.7
CN1905300000000	19	053	Decatur County, IA	1997	NA	3860	3693	167	4.3
CN1905500000000	19	055	Delaware County, IA	1997	NA	9701	9239	462	4.8
CN1905700000000	19	057	Des Moines County, IA	1997	NA	23787	22882	905	3.8
CN1905900000000	19	059	Dickinson County, IA	1997	NA	10048	9703	345	3.4
CN1906100000000	19	061	Dubuque County, IA	1997	NA	50211	48319	1892	3.8
CN1906300000000	19	063	Emmet County, IA	1997	NA	5867	5620	247	4.2
CN1906500000000	19	065	Fayette County, IA	1997	NA	11538	11175	363	3.1
CN1906700000000	19	067	Floyd County, IA	1997	NA	8128	7748	380	4.7
CN1906900000000	19	069	Franklin County, IA	1997	NA	6105	5912	193	3.2
CN1907100000000	19	071	Fremont County, IA	1997	NA	3820	3719	101	2.6
CN1907300000000	19	073	Greene County, IA	1997	NA	5020	4894	126	2.5
CN1907500000000	19	075	Grundy County, IA	1997	NA	6295	6132	163	2.6
CN1907700000000	19	077	Guthrie County, IA	1997	NA	6132	5952	180	2.9
CN1907900000000	19	079	Hamilton County, IA	1997	NA	8645	8383	262	3
CN1908100000000	19	081	Hancock County, IA	1997	NA	6869	6718	151	2.2
CN1908300000000	19	083	Hardin County, IA	1997	NA	9687	9305	382	3.9
CN1908500000000	19	085	Harrison County, IA	1997	NA	7831	7569	262	3.3
CN1908700000000	19	087	Henry County, IA	1997	NA	11306	11009	297	2.6
CN1908900000000	19	089	Howard County, IA	1997	NA	5534	5359	175	3.2
CN1909100000000	19	091	Humboldt County, IA	1997	NA	5720	5596	124	2.2
CN1909300000000	19	093	Ida County, IA	1997	NA	4273	4156	117	2.7
CN1909500000000	19	095	Iowa County, IA	1997	NA	9464	9233	231	2.4
CN1909700000000	19	097	Jackson County, IA	1997	NA	10698	10158	540	5
CN1909900000000	19	099	Jasper County, IA	1997	NA	19450	18935	515	2.6
CN1910100000000	19	101	Jefferson County, IA	1997	NA	10502	10176	326	3.1
CN1910300000000	19	103	Johnson County, IA	1997	NA	65878	64283	1595	2.4
CN1910500000000	19	105	Jones County, IA	1997	NA	9898	9547	351	3.5
CN1910700000000	19	107	Keokuk County, IA	1997	NA	5422	5185	237	4.4
CN1910900000000	19	109	Kossuth County, IA	1997	NA	9247	9018	229	2.5
CN1911100000000	19	111	Lee County, IA	1997	NA	19961	18919	1042	5.2
CN1911300000000	19	113	Linn County, IA	1997	NA	110513	107815	2698	2.4
CN1911500000000	19	115	Louisa County, IA	1997	NA	5851	5588	263	4.5
CN1911700000000	19	117	Lucas County, IA	1997	NA	4024	3857	167	4.2
CN1911900000000	19	119	Lyon County, IA	1997	NA	5923	5794	129	2.2
CN1912100000000	19	121	Madison County, IA	1997	NA	7605	7321	284	3.7
CN1912300000000	19	123	Mahaska County, IA	1997	NA	11494	11181	313	2.7
CN1912500000000	19	125	Marion County, IA	1997	NA	18333	17797	536	2.9
CN1912700000000	19	127	Marshall County, IA	1997	NA	20853	20233	620	3
CN1912900000000	19	129	Mills County, IA	1997	NA	6206	6024	182	2.9
CN1913100000000	19	131	Mitchell County, IA	1997	NA	5706	5574	132	2.3
CN1913300000000	19	133	Monona County, IA	1997	NA	5398	5232	166	3.1
CN1913500000000	19	135	Monroe County, IA	1997	NA	4230	4059	171	4
CN1913700000000	19	137	Montgomery County, IA	1997	NA	6350	6049	301	4.7
CN1913900000000	19	139	Muscatine County, IA	1997	NA	21443	20589	854	4
CN1914100000000	19	141	O'Brien County, IA	1997	NA	8097	7910	187	2.3
CN1914300000000	19	143	Osceola County, IA	1997	NA	3793	3688	105	2.8
CN1914500000000	19	145	Page County, IA	1997	NA	9398	9115	283	3
CN1914700000000	19	147	Palo Alto County, IA	1997	NA	5595	5454	141	2.5
CN1914900000000	19	149	Plymouth County, IA	1997	NA	13177	12765	412	3.1
CN1915100000000	19	151	Pocahontas County, IA	1997	NA	4378	4276	102	2.3
CN1915300000000	19	153	Polk County, IA	1997	NA	214264	208793	5471	2.6
CN1915500000000	19	155	Pottawattamie County, IA	1997	NA	48355	46746	1609	3.3
CN1915700000000	19	157	Poweshiek County, IA	1997	NA	10444	10062	382	3.7
CN1915900000000	19	159	Ringgold County, IA	1997	NA	2660	2583	77	2.9
CN1916100000000	19	161	Sac County, IA	1997	NA	6250	6052	198	3.2
CN1916300000000	19	163	Scott County, IA	1997	NA	85920	83291	2629	3.1
CN1916500000000	19	165	Shelby County, IA	1997	NA	7202	6979	223	3.1
CN1916700000000	19	167	Sioux County, IA	1997	NA	18005	17540	465	2.6
CN1916900000000	19	169	Story County, IA	1997	NA	45958	44778	1180	2.6
CN1917100000000	19	171	Tama County, IA	1997	NA	9429	9128	301	3.2
CN1917300000000	19	173	Taylor County, IA	1997	NA	3348	3164	184	5.5
CN1917500000000	19	175	Union County, IA	1997	NA	6567	6325	242	3.7
CN1917700000000	19	177	Van Buren County, IA	1997	NA	4393	4250	143	3.3
CN1917900000000	19	179	Wapello County, IA	1997	NA	18133	17027	1106	6.1
CN1918100000000	19	181	Warren County, IA	1997	NA	23307	22837	470	2
CN1918300000000	19	183	Washington County, IA	1997	NA	11586	11259	327	2.8
CN1918500000000	19	185	Wayne County, IA	1997	NA	3259	3122	137	4.2
CN1918700000000	19	187	Webster County, IA	1997	NA	20315	19634	681	3.4
CN1918900000000	19	189	Winnebago County, IA	1997	NA	6751	6601	150	2.2
CN1919100000000	19	191	Winneshiek County, IA	1997	NA	12384	11924	460	3.7
CN1919300000000	19	193	Woodbury County, IA	1997	NA	56047	54209	1838	3.3
CN1919500000000	19	195	Worth County, IA	1997	NA	4207	4083	124	2.9
CN1919700000000	19	197	Wright County, IA	1997	NA	7118	6935	183	2.6
CN2000100000000	20	001	Allen County, KS	1997	NA	6951	6573	378	5.4
CN2000300000000	20	003	Anderson County, KS	1997	NA	4058	3843	215	5.3
CN2000500000000	20	005	Atchison County, KS	1997	NA	8223	7680	543	6.6
CN2000700000000	20	007	Barber County, KS	1997	NA	2441	2352	89	3.6
CN2000900000000	20	009	Barton County, KS	1997	NA	15038	14557	481	3.2
CN2001100000000	20	011	Bourbon County, KS	1997	NA	6658	6302	356	5.3
CN2001300000000	20	013	Brown County, KS	1997	NA	4849	4565	284	5.9
CN2001500000000	20	015	Butler County, KS	1997	NA	30823	29816	1007	3.3
CN2001700000000	20	017	Chase County, KS	1997	NA	1467	1404	63	4.3
CN2001900000000	20	019	Chautauqua County, KS	1997	NA	1595	1484	111	7
CN2002100000000	20	021	Cherokee County, KS	1997	NA	10910	10254	656	6
CN2002300000000	20	023	Cheyenne County, KS	1997	NA	1481	1453	28	1.9
CN2002500000000	20	025	Clark County, KS	1997	NA	1314	1283	31	2.4
CN2002700000000	20	027	Clay County, KS	1997	NA	4630	4494	136	2.9
CN2002900000000	20	029	Cloud County, KS	1997	NA	5160	4980	180	3.5
CN2003100000000	20	031	Coffey County, KS	1997	NA	4695	4426	269	5.7
CN2003300000000	20	033	Comanche County, KS	1997	NA	1035	1014	21	2
CN2003500000000	20	035	Cowley County, KS	1997	NA	18791	17896	895	4.8
CN2003700000000	20	037	Crawford County, KS	1997	NA	17922	17019	903	5
CN2003900000000	20	039	Decatur County, KS	1997	NA	1722	1673	49	2.8
CN2004100000000	20	041	Dickinson County, KS	1997	NA	10500	10060	440	4.2
CN2004300000000	20	043	Doniphan County, KS	1997	NA	4243	3973	270	6.4
CN2004500000000	20	045	Douglas County, KS	1997	NA	52798	50598	2200	4.2
CN2004700000000	20	047	Edwards County, KS	1997	NA	1722	1664	58	3.4
CN2004900000000	20	049	Elk County, KS	1997	NA	1381	1322	59	4.3
CN2005100000000	20	051	Ellis County, KS	1997	NA	17066	16648	418	2.4
CN2005300000000	20	053	Ellsworth County, KS	1997	NA	2814	2743	71	2.5
CN2005500000000	20	055	Finney County, KS	1997	NA	19202	18651	551	2.9
CN2005700000000	20	057	Ford County, KS	1997	NA	15656	15202	454	2.9
CN2005900000000	20	059	Franklin County, KS	1997	NA	14037	13456	581	4.1
CN2006100000000	20	061	Geary County, KS	1997	NA	10094	9398	696	6.9
CN2006300000000	20	063	Gove County, KS	1997	NA	1490	1459	31	2.1
CN2006500000000	20	065	Graham County, KS	1997	NA	1532	1486	46	3
CN2006700000000	20	067	Grant County, KS	1997	NA	4091	3947	144	3.5
CN2006900000000	20	069	Gray County, KS	1997	NA	2594	2530	64	2.5
CN2007100000000	20	071	Greeley County, KS	1997	NA	872	846	26	3
CN2007300000000	20	073	Greenwood County, KS	1997	NA	3176	3023	153	4.8
CN2007500000000	20	075	Hamilton County, KS	1997	NA	1182	1160	22	1.9
CN2007700000000	20	077	Harper County, KS	1997	NA	3054	2970	84	2.8
CN2007900000000	20	079	Harvey County, KS	1997	NA	17162	16684	478	2.8
CN2008100000000	20	081	Haskell County, KS	1997	NA	2013	1962	51	2.5
CN2008300000000	20	083	Hodgeman County, KS	1997	NA	942	924	18	1.9
CN2008500000000	20	085	Jackson County, KS	1997	NA	6762	6382	380	5.6
CN2008700000000	20	087	Jefferson County, KS	1997	NA	10583	10079	504	4.8
CN2008900000000	20	089	Jewell County, KS	1997	NA	2085	2034	51	2.4
CN2009100000000	20	091	Johnson County, KS	1997	NA	251907	246154	5753	2.3
CN2009300000000	20	093	Kearny County, KS	1997	NA	2140	2089	51	2.4
CN2009500000000	20	095	Kingman County, KS	1997	NA	4270	4116	154	3.6
CN2009700000000	20	097	Kiowa County, KS	1997	NA	1633	1599	34	2.1
CN2009900000000	20	099	Labette County, KS	1997	NA	10542	9966	576	5.5
CN2010100000000	20	101	Lane County, KS	1997	NA	1074	1022	52	4.8
CN2010300000000	20	103	Leavenworth County, KS	1997	NA	28187	26927	1260	4.5
CN2010500000000	20	105	Lincoln County, KS	1997	NA	1718	1663	55	3.2
CN2010700000000	20	107	Linn County, KS	1997	NA	3402	3109	293	8.6
CN2010900000000	20	109	Logan County, KS	1997	NA	1678	1636	42	2.5
CN2011100000000	20	111	Lyon County, KS	1997	NA	19591	18811	780	4
CN2011300000000	20	113	McPherson County, KS	1997	NA	16141	15707	434	2.7
CN2011500000000	20	115	Marion County, KS	1997	NA	7123	6964	159	2.2
CN2011700000000	20	117	Marshall County, KS	1997	NA	5958	5781	177	3
CN2011900000000	20	119	Meade County, KS	1997	NA	2309	2262	47	2
CN2012100000000	20	121	Miami County, KS	1997	NA	13762	13235	527	3.8
CN2012300000000	20	123	Mitchell County, KS	1997	NA	3491	3416	75	2.1
CN2012500000000	20	125	Montgomery County, KS	1997	NA	17365	16421	944	5.4
CN2012700000000	20	127	Morris County, KS	1997	NA	3118	2991	127	4.1
CN2012900000000	20	129	Morton County, KS	1997	NA	1783	1745	38	2.1
CN2013100000000	20	131	Nemaha County, KS	1997	NA	5885	5693	192	3.3
CN2013300000000	20	133	Neosho County, KS	1997	NA	9019	8627	392	4.3
CN2013500000000	20	135	Ness County, KS	1997	NA	1810	1765	45	2.5
CN2013700000000	20	137	Norton County, KS	1997	NA	3165	3098	67	2.1
CN2013900000000	20	139	Osage County, KS	1997	NA	9264	8642	622	6.7
CN2014100000000	20	141	Osborne County, KS	1997	NA	2304	2247	57	2.5
CN2014300000000	20	143	Ottawa County, KS	1997	NA	3121	2988	133	4.3
CN2014500000000	20	145	Pawnee County, KS	1997	NA	3580	3495	85	2.4
CN2014700000000	20	147	Phillips County, KS	1997	NA	3152	3066	86	2.7
CN2014900000000	20	149	Pottawatomie County, KS	1997	NA	10652	10268	384	3.6
CN2015100000000	20	151	Pratt County, KS	1997	NA	5033	4905	128	2.5
CN2015300000000	20	153	Rawlins County, KS	1997	NA	1570	1523	47	3
CN2015500000000	20	155	Reno County, KS	1997	NA	32732	31541	1191	3.6
CN2015700000000	20	157	Republic County, KS	1997	NA	3101	3022	79	2.5
CN2015900000000	20	159	Rice County, KS	1997	NA	4631	4454	177	3.8
CN2016100000000	20	161	Riley County, KS	1997	NA	30644	29391	1253	4.1
CN2016300000000	20	163	Rooks County, KS	1997	NA	3079	3002	77	2.5
CN2016500000000	20	165	Rush County, KS	1997	NA	1822	1760	62	3.4
CN2016700000000	20	167	Russell County, KS	1997	NA	3643	3515	128	3.5
CN2016900000000	20	169	Saline County, KS	1997	NA	30252	29158	1094	3.6
CN2017100000000	20	171	Scott County, KS	1997	NA	2685	2628	57	2.1
CN2017300000000	20	173	Sedgwick County, KS	1997	NA	230236	222365	7871	3.4
CN2017500000000	20	175	Seward County, KS	1997	NA	10772	10439	333	3.1
CN2017700000000	20	177	Shawnee County, KS	1997	NA	90005	85602	4403	4.9
CN2017900000000	20	179	Sheridan County, KS	1997	NA	1495	1465	30	2
CN2018100000000	20	181	Sherman County, KS	1997	NA	4207	4121	86	2
CN2018300000000	20	183	Smith County, KS	1997	NA	2355	2291	64	2.7
CN2018500000000	20	185	Stafford County, KS	1997	NA	2365	2304	61	2.6
CN2018700000000	20	187	Stanton County, KS	1997	NA	1078	1049	29	2.7
CN2018900000000	20	189	Stevens County, KS	1997	NA	2807	2739	68	2.4
CN2019100000000	20	191	Sumner County, KS	1997	NA	12778	12379	399	3.1
CN2019300000000	20	193	Thomas County, KS	1997	NA	4795	4668	127	2.6
CN2019500000000	20	195	Trego County, KS	1997	NA	1986	1932	54	2.7
CN2019700000000	20	197	Wabaunsee County, KS	1997	NA	3412	3253	159	4.7
CN2019900000000	20	199	Wallace County, KS	1997	NA	836	814	22	2.6
CN2020100000000	20	201	Washington County, KS	1997	NA	3427	3312	115	3.4
CN2020300000000	20	203	Wichita County, KS	1997	NA	1209	1161	48	4
CN2020500000000	20	205	Wilson County, KS	1997	NA	5434	5211	223	4.1
CN2020700000000	20	207	Woodson County, KS	1997	NA	1427	1346	81	5.7
CN2020900000000	20	209	Wyandotte County, KS	1997	NA	75939	70634	5305	7
CN2100100000000	21	001	Adair County, KY	1997	NA	8421	6924	1497	17.8
CN2100300000000	21	003	Allen County, KY	1997	NA	8989	8333	656	7.3
CN2100500000000	21	005	Anderson County, KY	1997	NA	9571	9169	402	4.2
CN2100700000000	21	007	Ballard County, KY	1997	NA	4296	3871	425	9.9
CN2100900000000	21	009	Barren County, KY	1997	NA	18406	17436	970	5.3
CN2101100000000	21	011	Bath County, KY	1997	NA	5521	5149	372	6.7
CN2101300000000	21	013	Bell County, KY	1997	NA	10219	9390	829	8.1
CN2101500000000	21	015	Boone County, KY	1997	NA	42048	40599	1449	3.4
CN2101700000000	21	017	Bourbon County, KY	1997	NA	9902	9599	303	3.1
CN2101900000000	21	019	Boyd County, KY	1997	NA	22773	21133	1640	7.2
CN2102100000000	21	021	Boyle County, KY	1997	NA	13699	13147	552	4
CN2102300000000	21	023	Bracken County, KY	1997	NA	3804	3573	231	6.1
CN2102500000000	21	025	Breathitt County, KY	1997	NA	4203	3775	428	10.2
CN2102700000000	21	027	Breckinridge County, KY	1997	NA	7959	7437	522	6.6
CN2102900000000	21	029	Bullitt County, KY	1997	NA	31695	30648	1047	3.3
CN2103100000000	21	031	Butler County, KY	1997	NA	5709	5377	332	5.8
CN2103300000000	21	033	Caldwell County, KY	1997	NA	6345	5932	413	6.5
CN2103500000000	21	035	Calloway County, KY	1997	NA	17704	16790	914	5.2
CN2103700000000	21	037	Campbell County, KY	1997	NA	45686	43870	1816	4
CN2103900000000	21	039	Carlisle County, KY	1997	NA	2765	2572	193	7
CN2104100000000	21	041	Carroll County, KY	1997	NA	4769	4557	212	4.4
CN2104300000000	21	043	Carter County, KY	1997	NA	11539	10197	1342	11.6
CN2104500000000	21	045	Casey County, KY	1997	NA	7072	6559	513	7.3
CN2104700000000	21	047	Christian County, KY	1997	NA	27375	26049	1326	4.8
CN2104900000000	21	049	Clark County, KY	1997	NA	16103	15431	672	4.2
CN2105100000000	21	051	Clay County, KY	1997	NA	7252	6594	658	9.1
CN2105300000000	21	053	Clinton County, KY	1997	NA	4483	4147	336	7.5
CN2105500000000	21	055	Crittenden County, KY	1997	NA	4221	3891	330	7.8
CN2105700000000	21	057	Cumberland County, KY	1997	NA	2799	2470	329	11.8
CN2105900000000	21	059	Daviess County, KY	1997	NA	49364	46481	2883	5.8
CN2106100000000	21	061	Edmonson County, KY	1997	NA	4957	4527	430	8.7
CN2106300000000	21	063	Elliott County, KY	1997	NA	2915	2497	418	14.3
CN2106500000000	21	065	Estill County, KY	1997	NA	6164	5838	326	5.3
CN2106700000000	21	067	Fayette County, KY	1997	NA	139916	136479	3437	2.5
CN2106900000000	21	069	Fleming County, KY	1997	NA	6071	5533	538	8.9
CN2107100000000	21	071	Floyd County, KY	1997	NA	13944	12701	1243	8.9
CN2107300000000	21	073	Franklin County, KY	1997	NA	24353	23587	766	3.1
CN2107500000000	21	075	Fulton County, KY	1997	NA	3990	3623	367	9.2
CN2107700000000	21	077	Gallatin County, KY	1997	NA	3435	3245	190	5.5
CN2107900000000	21	079	Garrard County, KY	1997	NA	6822	6576	246	3.6
CN2108100000000	21	081	Grant County, KY	1997	NA	9755	9245	510	5.2
CN2108300000000	21	083	Graves County, KY	1997	NA	17397	16102	1295	7.4
CN2108500000000	21	085	Grayson County, KY	1997	NA	11455	10552	903	7.9
CN2108700000000	21	087	Green County, KY	1997	NA	4944	4517	427	8.6
CN2108900000000	21	089	Greenup County, KY	1997	NA	16658	15483	1175	7.1
CN2109100000000	21	091	Hancock County, KY	1997	NA	3938	3671	267	6.8
CN2109300000000	21	093	Hardin County, KY	1997	NA	36434	34409	2025	5.6
CN2109500000000	21	095	Harlan County, KY	1997	NA	9440	8234	1206	12.8
CN2109700000000	21	097	Harrison County, KY	1997	NA	7484	7051	433	5.8
CN2109900000000	21	099	Hart County, KY	1997	NA	7883	7375	508	6.4
CN2110100000000	21	101	Henderson County, KY	1997	NA	24045	22620	1425	5.9
CN2110300000000	21	103	Henry County, KY	1997	NA	7103	6847	256	3.6
CN2110500000000	21	105	Hickman County, KY	1997	NA	2503	2362	141	5.6
CN2110700000000	21	107	Hopkins County, KY	1997	NA	20445	19197	1248	6.1
CN2110900000000	21	109	Jackson County, KY	1997	NA	6763	6393	370	5.5
CN2111100000000	21	111	Jefferson County, KY	1997	NA	370297	353602	16695	4.5
CN2111300000000	21	113	Jessamine County, KY	1997	NA	20083	19654	429	2.1
CN2111500000000	21	115	Johnson County, KY	1997	NA	9819	9063	756	7.7
CN2111700000000	21	117	Kenton County, KY	1997	NA	78979	76008	2971	3.8
CN2111900000000	21	119	Knott County, KY	1997	NA	5821	5345	476	8.2
CN2112100000000	21	121	Knox County, KY	1997	NA	11240	10179	1061	9.4
CN2112300000000	21	123	Larue County, KY	1997	NA	6123	5858	265	4.3
CN2112500000000	21	125	Laurel County, KY	1997	NA	22205	20782	1423	6.4
CN2112700000000	21	127	Lawrence County, KY	1997	NA	5195	4602	593	11.4
CN2112900000000	21	129	Lee County, KY	1997	NA	2618	2459	159	6.1
CN2113100000000	21	131	Leslie County, KY	1997	NA	4439	4099	340	7.7
CN2113300000000	21	133	Letcher County, KY	1997	NA	7749	7058	691	8.9
CN2113500000000	21	135	Lewis County, KY	1997	NA	5330	4527	803	15.1
CN2113700000000	21	137	Lincoln County, KY	1997	NA	10243	9816	427	4.2
CN2113900000000	21	139	Livingston County, KY	1997	NA	4895	4559	336	6.9
CN2114100000000	21	141	Logan County, KY	1997	NA	13152	12529	623	4.7
CN2114300000000	21	143	Lyon County, KY	1997	NA	3397	3125	272	8
CN2114500000000	21	145	McCracken County, KY	1997	NA	33987	32210	1777	5.2
CN2114700000000	21	147	McCreary County, KY	1997	NA	6341	5729	612	9.7
CN2114900000000	21	149	McLean County, KY	1997	NA	4616	4180	436	9.4
CN2115100000000	21	151	Madison County, KY	1997	NA	34791	33720	1071	3.1
CN2115300000000	21	153	Magoffin County, KY	1997	NA	4826	4138	688	14.3
CN2115500000000	21	155	Marion County, KY	1997	NA	9371	8708	663	7.1
CN2115700000000	21	157	Marshall County, KY	1997	NA	14560	13548	1012	7
CN2115900000000	21	159	Martin County, KY	1997	NA	3102	2773	329	10.6
CN2116100000000	21	161	Mason County, KY	1997	NA	8386	7998	388	4.6
CN2116300000000	21	163	Meade County, KY	1997	NA	10546	10060	486	4.6
CN2116500000000	21	165	Menifee County, KY	1997	NA	2799	2538	261	9.3
CN2116700000000	21	167	Mercer County, KY	1997	NA	10832	10407	425	3.9
CN2116900000000	21	169	Metcalfe County, KY	1997	NA	4801	4553	248	5.2
CN2117100000000	21	171	Monroe County, KY	1997	NA	5446	5075	371	6.8
CN2117300000000	21	173	Montgomery County, KY	1997	NA	11872	11300	572	4.8
CN2117500000000	21	175	Morgan County, KY	1997	NA	4909	4457	452	9.2
CN2117700000000	21	177	Muhlenberg County, KY	1997	NA	12390	11309	1081	8.7
CN2117900000000	21	179	Nelson County, KY	1997	NA	18351	17211	1140	6.2
CN2118100000000	21	181	Nicholas County, KY	1997	NA	3315	3168	147	4.4
CN2118300000000	21	183	Ohio County, KY	1997	NA	10347	9479	868	8.4
CN2118500000000	21	185	Oldham County, KY	1997	NA	23252	22781	471	2
CN2118700000000	21	187	Owen County, KY	1997	NA	4528	4356	172	3.8
CN2118900000000	21	189	Owsley County, KY	1997	NA	1637	1552	85	5.2
CN2119100000000	21	191	Pendleton County, KY	1997	NA	6795	6323	472	6.9
CN2119300000000	21	193	Perry County, KY	1997	NA	11596	10747	849	7.3
CN2119500000000	21	195	Pike County, KY	1997	NA	27623	25458	2165	7.8
CN2119700000000	21	197	Powell County, KY	1997	NA	6750	6277	473	7
CN2119900000000	21	199	Pulaski County, KY	1997	NA	25333	23868	1465	5.8
CN2120100000000	21	201	Robertson County, KY	1997	NA	979	923	56	5.7
CN2120300000000	21	203	Rockcastle County, KY	1997	NA	6080	5716	364	6
CN2120500000000	21	205	Rowan County, KY	1997	NA	9146	8681	465	5.1
CN2120700000000	21	207	Russell County, KY	1997	NA	6280	5404	876	13.9
CN2120900000000	21	209	Scott County, KY	1997	NA	16336	15939	397	2.4
CN2121100000000	21	211	Shelby County, KY	1997	NA	16348	15921	427	2.6
CN2121300000000	21	213	Simpson County, KY	1997	NA	7645	7309	336	4.4
CN2121500000000	21	215	Spencer County, KY	1997	NA	4763	4553	210	4.4
CN2121700000000	21	217	Taylor County, KY	1997	NA	11146	10066	1080	9.7
CN2121900000000	21	219	Todd County, KY	1997	NA	5428	5172	256	4.7
CN2122100000000	21	221	Trigg County, KY	1997	NA	5883	5592	291	4.9
CN2122300000000	21	223	Trimble County, KY	1997	NA	3153	3015	138	4.4
CN2122500000000	21	225	Union County, KY	1997	NA	6003	5443	560	9.3
CN2122700000000	21	227	Warren County, KY	1997	NA	49387	46702	2685	5.4
CN2122900000000	21	229	Washington County, KY	1997	NA	5929	5661	268	4.5
CN2123100000000	21	231	Wayne County, KY	1997	NA	7856	7212	644	8.2
CN2123300000000	21	233	Webster County, KY	1997	NA	5721	5319	402	7
CN2123500000000	21	235	Whitley County, KY	1997	NA	14053	13034	1019	7.3
CN2123700000000	21	237	Wolfe County, KY	1997	NA	3366	3107	259	7.7
CN2123900000000	21	239	Woodford County, KY	1997	NA	13065	12780	285	2.2
CN2200100000000	22	001	Acadia Parish, LA	1997	NA	23231	21877	1354	5.8
CN2200300000000	22	003	Allen Parish, LA	1997	NA	8856	8220	636	7.2
CN2200500000000	22	005	Ascension Parish, LA	1997	NA	32199	30527	1672	5.2
CN2200700000000	22	007	Assumption Parish, LA	1997	NA	9881	9306	575	5.8
CN2200900000000	22	009	Avoyelles Parish, LA	1997	NA	16371	15103	1268	7.7
CN2201100000000	22	011	Beauregard Parish, LA	1997	NA	12323	11469	854	6.9
CN2201300000000	22	013	Bienville Parish, LA	1997	NA	5607	4577	1030	18.4
CN2201500000000	22	015	Bossier Parish, LA	1997	NA	45643	42935	2708	5.9
CN2201700000000	22	017	Caddo Parish, LA	1997	NA	117727	110047	7680	6.5
CN2201900000000	22	019	Calcasieu Parish, LA	1997	NA	89389	84131	5258	5.9
CN2202100000000	22	021	Caldwell Parish, LA	1997	NA	4351	3944	407	9.4
CN2202300000000	22	023	Cameron Parish, LA	1997	NA	3650	3471	179	4.9
CN2202500000000	22	025	Catahoula Parish, LA	1997	NA	4875	4407	468	9.6
CN2202700000000	22	027	Claiborne Parish, LA	1997	NA	6170	5607	563	9.1
CN2202900000000	22	029	Concordia Parish, LA	1997	NA	8269	7279	990	12
CN2203100000000	22	031	De Soto Parish, LA	1997	NA	11063	10070	993	9
CN2203300000000	22	033	East Baton Rouge Parish, LA	1997	NA	203157	193428	9729	4.8
CN2203500000000	22	035	East Carroll Parish, LA	1997	NA	3105	2657	448	14.4
CN2203700000000	22	037	East Feliciana Parish, LA	1997	NA	7500	7043	457	6.1
CN2203900000000	22	039	Evangeline Parish, LA	1997	NA	12032	11349	683	5.7
CN2204100000000	22	041	Franklin Parish, LA	1997	NA	9744	8767	977	10
CN2204300000000	22	043	Grant Parish, LA	1997	NA	6320	5758	562	8.9
CN2204500000000	22	045	Iberia Parish, LA	1997	NA	31924	30326	1598	5
CN2204700000000	22	047	Iberville Parish, LA	1997	NA	12160	11214	946	7.8
CN2204900000000	22	049	Jackson Parish, LA	1997	NA	6130	5664	466	7.6
CN2205100000000	22	051	Jefferson Parish, LA	1997	NA	242305	230027	12278	5.1
CN2205300000000	22	053	Jefferson Davis Parish, LA	1997	NA	11921	11128	793	6.7
CN2205500000000	22	055	Lafayette Parish, LA	1997	NA	95588	92003	3585	3.8
CN2205700000000	22	057	Lafourche Parish, LA	1997	NA	41334	40061	1273	3.1
CN2205900000000	22	059	LaSalle Parish, LA	1997	NA	5458	5120	338	6.2
CN2206100000000	22	061	Lincoln Parish, LA	1997	NA	18521	17888	633	3.4
CN2206300000000	22	063	Livingston Parish, LA	1997	NA	39970	37659	2311	5.8
CN2206500000000	22	065	Madison Parish, LA	1997	NA	5515	4856	659	11.9
CN2206700000000	22	067	Morehouse Parish, LA	1997	NA	12386	10808	1578	12.7
CN2206900000000	22	069	Natchitoches Parish, LA	1997	NA	17016	15790	1226	7.2
CN2207100000000	22	071	Orleans Parish, LA	1997	NA	208253	193270	14983	7.2
CN2207300000000	22	073	Ouachita Parish, LA	1997	NA	68948	64768	4180	6.1
CN2207500000000	22	075	Plaquemines Parish, LA	1997	NA	10939	10341	598	5.5
CN2207700000000	22	077	Pointe Coupee Parish, LA	1997	NA	9401	8643	758	8.1
CN2207900000000	22	079	Rapides Parish, LA	1997	NA	57838	54436	3402	5.9
CN2208100000000	22	081	Red River Parish, LA	1997	NA	3570	2771	799	22.4
CN2208300000000	22	083	Richland Parish, LA	1997	NA	8132	7309	823	10.1
CN2208500000000	22	085	Sabine Parish, LA	1997	NA	9011	8488	523	5.8
CN2208700000000	22	087	St. Bernard Parish, LA	1997	NA	32604	30509	2095	6.4
CN2208900000000	22	089	St. Charles Parish, LA	1997	NA	23271	21991	1280	5.5
CN2209100000000	22	091	St. Helena Parish, LA	1997	NA	3907	3645	262	6.7
CN2209300000000	22	093	St. James Parish, LA	1997	NA	8744	8064	680	7.8
CN2209500000000	22	095	St. John the Baptist Parish, LA	1997	NA	19920	18383	1537	7.7
CN2209700000000	22	097	St. Landry Parish, LA	1997	NA	32025	29566	2459	7.7
CN2209900000000	22	099	St. Martin Parish, LA	1997	NA	21113	19815	1298	6.1
CN2210100000000	22	101	St. Mary Parish, LA	1997	NA	25602	24117	1485	5.8
CN2210300000000	22	103	St. Tammany Parish, LA	1997	NA	90849	86710	4139	4.6
CN2210500000000	22	105	Tangipahoa Parish, LA	1997	NA	42149	38924	3225	7.7
CN2210700000000	22	107	Tensas Parish, LA	1997	NA	3076	2831	245	8
CN2210900000000	22	109	Terrebonne Parish, LA	1997	NA	47209	45544	1665	3.5
CN2211100000000	22	111	Union Parish, LA	1997	NA	11869	11221	648	5.5
CN2211300000000	22	113	Vermilion Parish, LA	1997	NA	23080	21904	1176	5.1
CN2211500000000	22	115	Vernon Parish, LA	1997	NA	16958	15875	1083	6.4
CN2211700000000	22	117	Washington Parish, LA	1997	NA	16734	15474	1260	7.5
CN2211900000000	22	119	Webster Parish, LA	1997	NA	18969	17350	1619	8.5
CN2212100000000	22	121	West Baton Rouge Parish, LA	1997	NA	9641	9117	524	5.4
CN2212300000000	22	123	West Carroll Parish, LA	1997	NA	5282	4536	746	14.1
CN2212500000000	22	125	West Feliciana Parish, LA	1997	NA	3767	3508	259	6.9
CN2212700000000	22	127	Winn Parish, LA	1997	NA	6695	6298	397	5.9
CN2300100000000	23	001	Androscoggin County, ME	1997	NA	57189	54032	3157	5.5
CN2300300000000	23	003	Aroostook County, ME	1997	NA	38300	34936	3364	8.8
CN2300500000000	23	005	Cumberland County, ME	1997	NA	139510	135713	3797	2.7
CN2300700000000	23	007	Franklin County, ME	1997	NA	15061	13942	1119	7.4
CN2300900000000	23	009	Hancock County, ME	1997	NA	27581	26057	1524	5.5
CN2301100000000	23	011	Kennebec County, ME	1997	NA	60135	56806	3329	5.5
CN2301300000000	23	013	Knox County, ME	1997	NA	20072	19277	795	4
CN2301500000000	23	015	Lincoln County, ME	1997	NA	16884	16249	635	3.8
CN2301700000000	23	017	Oxford County, ME	1997	NA	25982	24328	1654	6.4
CN2301900000000	23	019	Penobscot County, ME	1997	NA	74793	70667	4126	5.5
CN2302100000000	23	021	Piscataquis County, ME	1997	NA	8457	7801	656	7.8
CN2302300000000	23	023	Sagadahoc County, ME	1997	NA	15700	15111	589	3.8
CN2302500000000	23	025	Somerset County, ME	1997	NA	26220	23964	2256	8.6
CN2302700000000	23	027	Waldo County, ME	1997	NA	20322	19169	1153	5.7
CN2302900000000	23	029	Washington County, ME	1997	NA	16681	14953	1728	10.4
CN2303100000000	23	031	York County, ME	1997	NA	93876	90543	3333	3.6
CN2400100000000	24	001	Allegany County, MD	1997	NA	33299	30061	3238	9.7
CN2400300000000	24	003	Anne Arundel County, MD	1997	NA	254051	244353	9698	3.8
CN2400500000000	24	005	Baltimore County, MD	1997	NA	397580	377271	20309	5.1
CN2400900000000	24	009	Calvert County, MD	1997	NA	36206	34908	1298	3.6
CN2401100000000	24	011	Caroline County, MD	1997	NA	16007	15189	818	5.1
CN2401300000000	24	013	Carroll County, MD	1997	NA	80689	77632	3057	3.8
CN2401500000000	24	015	Cecil County, MD	1997	NA	40886	37719	3167	7.7
CN2401700000000	24	017	Charles County, MD	1997	NA	60145	57798	2347	3.9
CN2401900000000	24	019	Dorchester County, MD	1997	NA	15663	14038	1625	10.4
CN2402100000000	24	021	Frederick County, MD	1997	NA	98686	95033	3653	3.7
CN2402300000000	24	023	Garrett County, MD	1997	NA	14457	12512	1945	13.5
CN2402500000000	24	025	Harford County, MD	1997	NA	113478	107856	5622	5
CN2402700000000	24	027	Howard County, MD	1997	NA	137126	133228	3898	2.8
CN2402900000000	24	029	Kent County, MD	1997	NA	10216	9500	716	7
CN2403100000000	24	031	Montgomery County, MD	1997	NA	464209	452425	11784	2.5
CN2403300000000	24	033	Prince George's County, MD	1997	NA	446079	424231	21848	4.9
CN2403500000000	24	035	Queen Anne's County, MD	1997	NA	20719	19885	834	4
CN2403700000000	24	037	St. Mary's County, MD	1997	NA	48900	46810	2090	4.3
CN2403900000000	24	039	Somerset County, MD	1997	NA	11503	10410	1093	9.5
CN2404100000000	24	041	Talbot County, MD	1997	NA	18624	17848	776	4.2
CN2404300000000	24	043	Washington County, MD	1997	NA	69647	66283	3364	4.8
CN2404500000000	24	045	Wicomico County, MD	1997	NA	47063	44205	2858	6.1
CN2404700000000	24	047	Worcester County, MD	1997	NA	24861	22211	2650	10.7
CN2451000000000	24	510	Baltimore city, MD	1997	NA	306894	278169	28725	9.4
CN2500100000000	25	001	Barnstable County, MA	1997	NA	105749	99756	5993	5.7
CN2500300000000	25	003	Berkshire County, MA	1997	NA	66796	63642	3154	4.7
CN2500500000000	25	005	Bristol County, MA	1997	NA	269014	252551	16463	6.1
CN2500700000000	25	007	Dukes County, MA	1997	NA	9314	8864	450	4.8
CN2500900000000	25	009	Essex County, MA	1997	NA	366993	351809	15184	4.1
CN2501100000000	25	011	Franklin County, MA	1997	NA	38121	36699	1422	3.7
CN2501300000000	25	013	Hampden County, MA	1997	NA	215237	205243	9994	4.6
CN2501500000000	25	015	Hampshire County, MA	1997	NA	81666	79354	2312	2.8
CN2501700000000	25	017	Middlesex County, MA	1997	NA	820662	796659	24003	2.9
CN2501900000000	25	019	Nantucket County/town, MA	1997	NA	6126	5990	136	2.2
CN2502100000000	25	021	Norfolk County, MA	1997	NA	361976	350963	11013	3
CN2502300000000	25	023	Plymouth County, MA	1997	NA	246464	235897	10567	4.3
CN2502500000000	25	025	Suffolk County, MA	1997	NA	344549	330197	14352	4.2
CN2502700000000	25	027	Worcester County, MA	1997	NA	372987	358513	14474	3.9
CN2600100000000	26	001	Alcona County, MI	1997	NA	5085	4675	410	8.1
CN2600300000000	26	003	Alger County, MI	1997	NA	4279	4006	273	6.4
CN2600500000000	26	005	Allegan County, MI	1997	NA	54239	52623	1616	3
CN2600700000000	26	007	Alpena County, MI	1997	NA	15926	14709	1217	7.6
CN2600900000000	26	009	Antrim County, MI	1997	NA	10073	9522	551	5.5
CN2601100000000	26	011	Arenac County, MI	1997	NA	6891	6323	568	8.2
CN2601300000000	26	013	Baraga County, MI	1997	NA	4194	3892	302	7.2
CN2601500000000	26	015	Barry County, MI	1997	NA	30777	29748	1029	3.3
CN2601700000000	26	017	Bay County, MI	1997	NA	55146	52596	2550	4.6
CN2601900000000	26	019	Benzie County, MI	1997	NA	7546	7075	471	6.2
CN2602100000000	26	021	Berrien County, MI	1997	NA	82735	78670	4065	4.9
CN2602300000000	26	023	Branch County, MI	1997	NA	20988	20238	750	3.6
CN2602500000000	26	025	Calhoun County, MI	1997	NA	67193	64419	2774	4.1
CN2602700000000	26	027	Cass County, MI	1997	NA	25507	24340	1167	4.6
CN2602900000000	26	029	Charlevoix County, MI	1997	NA	13698	12965	733	5.4
CN2603100000000	26	031	Cheboygan County, MI	1997	NA	12171	10934	1237	10.2
CN2603300000000	26	033	Chippewa County, MI	1997	NA	17858	16454	1404	7.9
CN2603500000000	26	035	Clare County, MI	1997	NA	10302	9503	799	7.8
CN2603700000000	26	037	Clinton County, MI	1997	NA	33617	32748	869	2.6
CN2603900000000	26	039	Crawford County, MI	1997	NA	5584	5215	369	6.6
CN2604100000000	26	041	Delta County, MI	1997	NA	18797	17461	1336	7.1
CN2604300000000	26	043	Dickinson County, MI	1997	NA	14069	13271	798	5.7
CN2604500000000	26	045	Eaton County, MI	1997	NA	55036	53653	1383	2.5
CN2604700000000	26	047	Emmet County, MI	1997	NA	17035	15719	1316	7.7
CN2604900000000	26	049	Genesee County, MI	1997	NA	201444	190826	10618	5.3
CN2605100000000	26	051	Gladwin County, MI	1997	NA	9236	8545	691	7.5
CN2605300000000	26	053	Gogebic County, MI	1997	NA	8183	7441	742	9.1
CN2605500000000	26	055	Grand Traverse County, MI	1997	NA	44551	42810	1741	3.9
CN2605700000000	26	057	Gratiot County, MI	1997	NA	18983	17944	1039	5.5
CN2605900000000	26	059	Hillsdale County, MI	1997	NA	22648	21808	840	3.7
CN2606100000000	26	061	Houghton County, MI	1997	NA	17023	16083	940	5.5
CN2606300000000	26	063	Huron County, MI	1997	NA	17878	17002	876	4.9
CN2606500000000	26	065	Ingham County, MI	1997	NA	152864	148252	4612	3
CN2606700000000	26	067	Ionia County, MI	1997	NA	26890	25564	1326	4.9
CN2606900000000	26	069	Iosco County, MI	1997	NA	11621	10715	906	7.8
CN2607100000000	26	071	Iron County, MI	1997	NA	5645	5253	392	6.9
CN2607300000000	26	073	Isabella County, MI	1997	NA	29773	28793	980	3.3
CN2607500000000	26	075	Jackson County, MI	1997	NA	75871	72609	3262	4.3
CN2607700000000	26	077	Kalamazoo County, MI	1997	NA	125762	121923	3839	3.1
CN2607900000000	26	079	Kalkaska County, MI	1997	NA	7619	7138	481	6.3
CN2608100000000	26	081	Kent County, MI	1997	NA	312865	303218	9647	3.1
CN2608300000000	26	083	Keweenaw County, MI	1997	NA	817	737	80	9.8
CN2608500000000	26	085	Lake County, MI	1997	NA	3091	2826	265	8.6
CN2608700000000	26	087	Lapeer County, MI	1997	NA	42576	40504	2072	4.9
CN2608900000000	26	089	Leelanau County, MI	1997	NA	10993	10567	426	3.9
CN2609100000000	26	091	Lenawee County, MI	1997	NA	46261	44545	1716	3.7
CN2609300000000	26	093	Livingston County, MI	1997	NA	75722	73502	2220	2.9
CN2609500000000	26	095	Luce County, MI	1997	NA	2819	2574	245	8.7
CN2609700000000	26	097	Mackinac County, MI	1997	NA	7344	6627	717	9.8
CN2609900000000	26	099	Macomb County, MI	1997	NA	427639	411206	16433	3.8
CN2610100000000	26	101	Manistee County, MI	1997	NA	10271	9467	804	7.8
CN2610300000000	26	103	Marquette County, MI	1997	NA	31974	30129	1845	5.8
CN2610500000000	26	105	Mason County, MI	1997	NA	14034	13040	994	7.1
CN2610700000000	26	107	Mecosta County, MI	1997	NA	17594	16807	787	4.5
CN2610900000000	26	109	Menominee County, MI	1997	NA	13023	12313	710	5.5
CN2611100000000	26	111	Midland County, MI	1997	NA	42393	41068	1325	3.1
CN2611300000000	26	113	Missaukee County, MI	1997	NA	6251	5861	390	6.2
CN2611500000000	26	115	Monroe County, MI	1997	NA	71172	68613	2559	3.6
CN2611700000000	26	117	Montcalm County, MI	1997	NA	24633	22916	1717	7
CN2611900000000	26	119	Montmorency County, MI	1997	NA	3468	3075	393	11.3
CN2612100000000	26	121	Muskegon County, MI	1997	NA	81109	77258	3851	4.7
CN2612300000000	26	123	Newaygo County, MI	1997	NA	20250	18680	1570	7.8
CN2612500000000	26	125	Oakland County, MI	1997	NA	657264	637112	20152	3.1
CN2612700000000	26	127	Oceana County, MI	1997	NA	13875	12820	1055	7.6
CN2612900000000	26	129	Ogemaw County, MI	1997	NA	8587	7916	671	7.8
CN2613100000000	26	131	Ontonagon County, MI	1997	NA	3253	2851	402	12.4
CN2613300000000	26	133	Osceola County, MI	1997	NA	10969	10274	695	6.3
CN2613500000000	26	135	Oscoda County, MI	1997	NA	3414	3131	283	8.3
CN2613700000000	26	137	Otsego County, MI	1997	NA	12878	12315	563	4.4
CN2613900000000	26	139	Ottawa County, MI	1997	NA	130992	127504	3488	2.7
CN2614100000000	26	141	Presque Isle County, MI	1997	NA	6265	5547	718	11.5
CN2614300000000	26	143	Roscommon County, MI	1997	NA	8143	7484	659	8.1
CN2614500000000	26	145	Saginaw County, MI	1997	NA	100568	96164	4404	4.4
CN2614700000000	26	147	St. Clair County, MI	1997	NA	77921	73547	4374	5.6
CN2614900000000	26	149	St. Joseph County, MI	1997	NA	32903	31752	1151	3.5
CN2615100000000	26	151	Sanilac County, MI	1997	NA	20802	19595	1207	5.8
CN2615300000000	26	153	Schoolcraft County, MI	1997	NA	4251	3816	435	10.2
CN2615500000000	26	155	Shiawassee County, MI	1997	NA	35496	33700	1796	5.1
CN2615700000000	26	157	Tuscola County, MI	1997	NA	27600	26209	1391	5
CN2615900000000	26	159	Van Buren County, MI	1997	NA	36461	34517	1944	5.3
CN2616100000000	26	161	Washtenaw County, MI	1997	NA	167635	164254	3381	2
CN2616300000000	26	163	Wayne County, MI	1997	NA	949909	900545	49364	5.2
CN2616500000000	26	165	Wexford County, MI	1997	NA	14341	13117	1224	8.5
CN2700100000000	27	001	Aitkin County, MN	1997	NA	6185	5663	522	8.4
CN2700300000000	27	003	Anoka County, MN	1997	NA	173865	169303	4562	2.6
CN2700500000000	27	005	Becker County, MN	1997	NA	13654	12645	1009	7.4
CN2700700000000	27	007	Beltrami County, MN	1997	NA	19822	18601	1221	6.2
CN2700900000000	27	009	Benton County, MN	1997	NA	19802	18955	847	4.3
CN2701100000000	27	011	Big Stone County, MN	1997	NA	2863	2754	109	3.8
CN2701300000000	27	013	Blue Earth County, MN	1997	NA	32562	31677	885	2.7
CN2701500000000	27	015	Brown County, MN	1997	NA	15422	14713	709	4.6
CN2701700000000	27	017	Carlton County, MN	1997	NA	15436	14477	959	6.2
CN2701900000000	27	019	Carver County, MN	1997	NA	37914	37135	779	2.1
CN2702100000000	27	021	Cass County, MN	1997	NA	11880	11005	875	7.4
CN2702300000000	27	023	Chippewa County, MN	1997	NA	7182	6869	313	4.4
CN2702500000000	27	025	Chisago County, MN	1997	NA	20454	19634	820	4
CN2702700000000	27	027	Clay County, MN	1997	NA	29928	29056	872	2.9
CN2702900000000	27	029	Clearwater County, MN	1997	NA	4092	3558	534	13
CN2703100000000	27	031	Cook County, MN	1997	NA	2952	2813	139	4.7
CN2703300000000	27	033	Cottonwood County, MN	1997	NA	6114	5828	286	4.7
CN2703500000000	27	035	Crow Wing County, MN	1997	NA	26861	25289	1572	5.9
CN2703700000000	27	037	Dakota County, MN	1997	NA	206298	202191	4107	2
CN2703900000000	27	039	Dodge County, MN	1997	NA	8938	8556	382	4.3
CN2704100000000	27	041	Douglas County, MN	1997	NA	16716	16084	632	3.8
CN2704300000000	27	043	Faribault County, MN	1997	NA	8265	7906	359	4.3
CN2704500000000	27	045	Fillmore County, MN	1997	NA	10045	9665	380	3.8
CN2704700000000	27	047	Freeborn County, MN	1997	NA	16514	15933	581	3.5
CN2704900000000	27	049	Goodhue County, MN	1997	NA	23637	22885	752	3.2
CN2705100000000	27	051	Grant County, MN	1997	NA	2938	2787	151	5.1
CN2705300000000	27	053	Hennepin County, MN	1997	NA	648027	632488	15539	2.4
CN2705500000000	27	055	Houston County, MN	1997	NA	10974	10642	332	3
CN2705700000000	27	057	Hubbard County, MN	1997	NA	8340	7790	550	6.6
CN2705900000000	27	059	Isanti County, MN	1997	NA	15417	14785	632	4.1
CN2706100000000	27	061	Itasca County, MN	1997	NA	19867	18154	1713	8.6
CN2706300000000	27	063	Jackson County, MN	1997	NA	6022	5812	210	3.5
CN2706500000000	27	065	Kanabec County, MN	1997	NA	7372	6806	566	7.7
CN2706700000000	27	067	Kandiyohi County, MN	1997	NA	21470	20727	743	3.5
CN2706900000000	27	069	Kittson County, MN	1997	NA	2399	2253	146	6.1
CN2707100000000	27	071	Koochiching County, MN	1997	NA	6754	6276	478	7.1
CN2707300000000	27	073	Lac qui Parle County, MN	1997	NA	3902	3761	141	3.6
CN2707500000000	27	075	Lake County, MN	1997	NA	5829	5529	300	5.1
CN2707700000000	27	077	Lake of the Woods County, MN	1997	NA	2507	2395	112	4.5
CN2707900000000	27	079	Le Sueur County, MN	1997	NA	14060	13490	570	4.1
CN2708100000000	27	081	Lincoln County, MN	1997	NA	3099	2961	138	4.5
CN2708300000000	27	083	Lyon County, MN	1997	NA	15026	14539	487	3.2
CN2708500000000	27	085	McLeod County, MN	1997	NA	21258	20574	684	3.2
CN2708700000000	27	087	Mahnomen County, MN	1997	NA	2417	2183	234	9.7
CN2708900000000	27	089	Marshall County, MN	1997	NA	4813	4276	537	11.2
CN2709100000000	27	091	Martin County, MN	1997	NA	11428	11019	409	3.6
CN2709300000000	27	093	Meeker County, MN	1997	NA	9613	9097	516	5.4
CN2709500000000	27	095	Mille Lacs County, MN	1997	NA	9282	8586	696	7.5
CN2709700000000	27	097	Morrison County, MN	1997	NA	15026	13917	1109	7.4
CN2709900000000	27	099	Mower County, MN	1997	NA	19075	18553	522	2.7
CN2710100000000	27	101	Murray County, MN	1997	NA	4479	4257	222	5
CN2710300000000	27	103	Nicollet County, MN	1997	NA	18307	17873	434	2.4
CN2710500000000	27	105	Nobles County, MN	1997	NA	10172	9774	398	3.9
CN2710700000000	27	107	Norman County, MN	1997	NA	3602	3327	275	7.6
CN2710900000000	27	109	Olmsted County, MN	1997	NA	67923	66454	1469	2.2
CN2711100000000	27	111	Otter Tail County, MN	1997	NA	27753	26334	1419	5.1
CN2711300000000	27	113	Pennington County, MN	1997	NA	8071	7627	444	5.5
CN2711500000000	27	115	Pine County, MN	1997	NA	11403	10537	866	7.6
CN2711700000000	27	117	Pipestone County, MN	1997	NA	5168	4994	174	3.4
CN2711900000000	27	119	Polk County, MN	1997	NA	16867	15922	945	5.6
CN2712100000000	27	121	Pope County, MN	1997	NA	5562	5353	209	3.8
CN2712300000000	27	123	Ramsey County, MN	1997	NA	279897	272466	7431	2.7
CN2712500000000	27	125	Red Lake County, MN	1997	NA	1998	1789	209	10.5
CN2712700000000	27	127	Redwood County, MN	1997	NA	9079	8787	292	3.2
CN2712900000000	27	129	Renville County, MN	1997	NA	8288	7916	372	4.5
CN2713100000000	27	131	Rice County, MN	1997	NA	28936	27981	955	3.3
CN2713300000000	27	133	Rock County, MN	1997	NA	5104	4979	125	2.4
CN2713500000000	27	135	Roseau County, MN	1997	NA	9351	8848	503	5.4
CN2713700000000	27	137	St. Louis County, MN	1997	NA	102947	97857	5090	4.9
CN2713900000000	27	139	Scott County, MN	1997	NA	45018	43914	1104	2.5
CN2714100000000	27	141	Sherburne County, MN	1997	NA	31601	30544	1057	3.3
CN2714300000000	27	143	Sibley County, MN	1997	NA	6788	6472	316	4.7
CN2714500000000	27	145	Stearns County, MN	1997	NA	74531	71492	3039	4.1
CN2714700000000	27	147	Steele County, MN	1997	NA	19082	18489	593	3.1
CN2714900000000	27	149	Stevens County, MN	1997	NA	5569	5403	166	3
CN2715100000000	27	151	Swift County, MN	1997	NA	5670	5438	232	4.1
CN2715300000000	27	153	Todd County, MN	1997	NA	9838	9156	682	6.9
CN2715500000000	27	155	Traverse County, MN	1997	NA	1855	1771	84	4.5
CN2715700000000	27	157	Wabasha County, MN	1997	NA	12243	11836	407	3.3
CN2715900000000	27	159	Wadena County, MN	1997	NA	6774	6382	392	5.8
CN2716100000000	27	161	Waseca County, MN	1997	NA	9763	9460	303	3.1
CN2716300000000	27	163	Washington County, MN	1997	NA	111434	109111	2323	2.1
CN2716500000000	27	165	Watonwan County, MN	1997	NA	5883	5684	199	3.4
CN2716700000000	27	167	Wilkin County, MN	1997	NA	3997	3896	101	2.5
CN2716900000000	27	169	Winona County, MN	1997	NA	28461	27559	902	3.2
CN2717100000000	27	171	Wright County, MN	1997	NA	46151	44585	1566	3.4
CN2717300000000	27	173	Yellow Medicine County, MN	1997	NA	5359	5110	249	4.6
CN2800100000000	28	001	Adams County, MS	1997	NA	15007	13673	1334	8.9
CN2800300000000	28	003	Alcorn County, MS	1997	NA	15570	14321	1249	8
CN2800500000000	28	005	Amite County, MS	1997	NA	5461	5235	226	4.1
CN2800700000000	28	007	Attala County, MS	1997	NA	7579	6856	723	9.5
CN2800900000000	28	009	Benton County, MS	1997	NA	3206	3047	159	5
CN2801100000000	28	011	Bolivar County, MS	1997	NA	17073	15419	1654	9.7
CN2801300000000	28	013	Calhoun County, MS	1997	NA	6576	6154	422	6.4
CN2801500000000	28	015	Carroll County, MS	1997	NA	4479	4206	273	6.1
CN2801700000000	28	017	Chickasaw County, MS	1997	NA	8312	7498	814	9.8
CN2801900000000	28	019	Choctaw County, MS	1997	NA	3176	2905	271	8.5
CN2802100000000	28	021	Claiborne County, MS	1997	NA	3236	2918	318	9.8
CN2802300000000	28	023	Clarke County, MS	1997	NA	8667	8123	544	6.3
CN2802500000000	28	025	Clay County, MS	1997	NA	9096	8084	1012	11.1
CN2802700000000	28	027	Coahoma County, MS	1997	NA	12255	10975	1280	10.4
CN2802900000000	28	029	Copiah County, MS	1997	NA	11129	10259	870	7.8
CN2803100000000	28	031	Covington County, MS	1997	NA	8283	7836	447	5.4
CN2803300000000	28	033	DeSoto County, MS	1997	NA	50097	48547	1550	3.1
CN2803500000000	28	035	Forrest County, MS	1997	NA	33938	32769	1169	3.4
CN2803700000000	28	037	Franklin County, MS	1997	NA	3384	3174	210	6.2
CN2803900000000	28	039	George County, MS	1997	NA	8419	7717	702	8.3
CN2804100000000	28	041	Greene County, MS	1997	NA	5587	5145	442	7.9
CN2804300000000	28	043	Grenada County, MS	1997	NA	10252	9537	715	7
CN2804500000000	28	045	Hancock County, MS	1997	NA	16778	16026	752	4.5
CN2804700000000	28	047	Harrison County, MS	1997	NA	81837	78103	3734	4.6
CN2804900000000	28	049	Hinds County, MS	1997	NA	127993	122806	5187	4.1
CN2805100000000	28	051	Holmes County, MS	1997	NA	7469	6635	834	11.2
CN2805300000000	28	053	Humphreys County, MS	1997	NA	4972	4436	536	10.8
CN2805500000000	28	055	Issaquena County, MS	1997	NA	693	592	101	14.6
CN2805700000000	28	057	Itawamba County, MS	1997	NA	11266	10591	675	6
CN2805900000000	28	059	Jackson County, MS	1997	NA	65741	62312	3429	5.2
CN2806100000000	28	061	Jasper County, MS	1997	NA	7843	7344	499	6.4
CN2806300000000	28	063	Jefferson County, MS	1997	NA	2464	2076	388	15.7
CN2806500000000	28	065	Jefferson Davis County, MS	1997	NA	4824	4414	410	8.5
CN2806700000000	28	067	Jones County, MS	1997	NA	30440	29363	1077	3.5
CN2806900000000	28	069	Kemper County, MS	1997	NA	4315	3970	345	8
CN2807100000000	28	071	Lafayette County, MS	1997	NA	16835	16443	392	2.3
CN2807300000000	28	073	Lamar County, MS	1997	NA	17102	16666	436	2.5
CN2807500000000	28	075	Lauderdale County, MS	1997	NA	35289	33478	1811	5.1
CN2807700000000	28	077	Lawrence County, MS	1997	NA	5532	5224	308	5.6
CN2807900000000	28	079	Leake County, MS	1997	NA	9907	9389	518	5.2
CN2808100000000	28	081	Lee County, MS	1997	NA	39465	37611	1854	4.7
CN2808300000000	28	083	Leflore County, MS	1997	NA	15693	14236	1457	9.3
CN2808500000000	28	085	Lincoln County, MS	1997	NA	13409	12665	744	5.5
CN2808700000000	28	087	Lowndes County, MS	1997	NA	27965	25931	2034	7.3
CN2808900000000	28	089	Madison County, MS	1997	NA	35823	34571	1252	3.5
CN2809100000000	28	091	Marion County, MS	1997	NA	10474	9845	629	6
CN2809300000000	28	093	Marshall County, MS	1997	NA	14039	13135	904	6.4
CN2809500000000	28	095	Monroe County, MS	1997	NA	15748	14104	1644	10.4
CN2809700000000	28	097	Montgomery County, MS	1997	NA	5521	5137	384	7
CN2809900000000	28	099	Neshoba County, MS	1997	NA	16124	15515	609	3.8
CN2810100000000	28	101	Newton County, MS	1997	NA	8544	8173	371	4.3
CN2810300000000	28	103	Noxubee County, MS	1997	NA	4481	4065	416	9.3
CN2810500000000	28	105	Oktibbeha County, MS	1997	NA	20175	19616	559	2.8
CN2810700000000	28	107	Panola County, MS	1997	NA	13140	11614	1526	11.6
CN2810900000000	28	109	Pearl River County, MS	1997	NA	19635	18722	913	4.6
CN2811100000000	28	111	Perry County, MS	1997	NA	4235	3896	339	8
CN2811300000000	28	113	Pike County, MS	1997	NA	16342	15483	859	5.3
CN2811500000000	28	115	Pontotoc County, MS	1997	NA	13075	12496	579	4.4
CN2811700000000	28	117	Prentiss County, MS	1997	NA	12228	11386	842	6.9
CN2811900000000	28	119	Quitman County, MS	1997	NA	3388	2953	435	12.8
CN2812100000000	28	121	Rankin County, MS	1997	NA	58396	57003	1393	2.4
CN2812300000000	28	123	Scott County, MS	1997	NA	12448	11599	849	6.8
CN2812500000000	28	125	Sharkey County, MS	1997	NA	2636	2249	387	14.7
CN2812700000000	28	127	Simpson County, MS	1997	NA	10575	10033	542	5.1
CN2812900000000	28	129	Smith County, MS	1997	NA	5968	5729	239	4
CN2813100000000	28	131	Stone County, MS	1997	NA	5188	4907	281	5.4
CN2813300000000	28	133	Sunflower County, MS	1997	NA	11053	9536	1517	13.7
CN2813500000000	28	135	Tallahatchie County, MS	1997	NA	5562	4925	637	11.5
CN2813700000000	28	137	Tate County, MS	1997	NA	10598	10038	560	5.3
CN2813900000000	28	139	Tippah County, MS	1997	NA	10177	9602	575	5.6
CN2814100000000	28	141	Tishomingo County, MS	1997	NA	9683	8823	860	8.9
CN2814300000000	28	143	Tunica County, MS	1997	NA	5692	5282	410	7.2
CN2814500000000	28	145	Union County, MS	1997	NA	12153	11643	510	4.2
CN2814700000000	28	147	Walthall County, MS	1997	NA	6182	5784	398	6.4
CN2814900000000	28	149	Warren County, MS	1997	NA	26522	25099	1423	5.4
CN2815100000000	28	151	Washington County, MS	1997	NA	28783	26155	2628	9.1
CN2815300000000	28	153	Wayne County, MS	1997	NA	8932	8263	669	7.5
CN2815500000000	28	155	Webster County, MS	1997	NA	4490	4276	214	4.8
CN2815700000000	28	157	Wilkinson County, MS	1997	NA	3411	3050	361	10.6
CN2815900000000	28	159	Winston County, MS	1997	NA	8001	7218	783	9.8
CN2816100000000	28	161	Yalobusha County, MS	1997	NA	5230	4867	363	6.9
CN2816300000000	28	163	Yazoo County, MS	1997	NA	9541	8707	834	8.7
CN2900100000000	29	001	Adair County, MO	1997	NA	15218	14856	362	2.4
CN2900300000000	29	003	Andrew County, MO	1997	NA	8260	7942	318	3.8
CN2900500000000	29	005	Atchison County, MO	1997	NA	3600	3509	91	2.5
CN2900700000000	29	007	Audrain County, MO	1997	NA	13353	12867	486	3.6
CN2900900000000	29	009	Barry County, MO	1997	NA	15797	14938	859	5.4
CN2901100000000	29	011	Barton County, MO	1997	NA	7293	7050	243	3.3
CN2901300000000	29	013	Bates County, MO	1997	NA	7814	7345	469	6
CN2901500000000	29	015	Benton County, MO	1997	NA	6424	6024	400	6.2
CN2901700000000	29	017	Bollinger County, MO	1997	NA	5490	5079	411	7.5
CN2901900000000	29	019	Boone County, MO	1997	NA	85006	83700	1306	1.5
CN2902100000000	29	021	Buchanan County, MO	1997	NA	42584	40279	2305	5.4
CN2902300000000	29	023	Butler County, MO	1997	NA	20119	19041	1078	5.4
CN2902500000000	29	025	Caldwell County, MO	1997	NA	3683	3359	324	8.8
CN2902700000000	29	027	Callaway County, MO	1997	NA	21760	20993	767	3.5
CN2902900000000	29	029	Camden County, MO	1997	NA	17353	16269	1084	6.2
CN2903100000000	29	031	Cape Girardeau County, MO	1997	NA	37855	36325	1530	4
CN2903300000000	29	033	Carroll County, MO	1997	NA	5501	5250	251	4.6
CN2903500000000	29	035	Carter County, MO	1997	NA	2816	2631	185	6.6
CN2903700000000	29	037	Cass County, MO	1997	NA	43038	41584	1454	3.4
CN2903900000000	29	039	Cedar County, MO	1997	NA	5765	5452	313	5.4
CN2904100000000	29	041	Chariton County, MO	1997	NA	4205	3940	265	6.3
CN2904300000000	29	043	Christian County, MO	1997	NA	26560	25585	975	3.7
CN2904500000000	29	045	Clark County, MO	1997	NA	3838	3575	263	6.9
CN2904700000000	29	047	Clay County, MO	1997	NA	103946	100833	3113	3
CN2904900000000	29	049	Clinton County, MO	1997	NA	9553	9140	413	4.3
CN2905100000000	29	051	Cole County, MO	1997	NA	41006	39945	1061	2.6
CN2905300000000	29	053	Cooper County, MO	1997	NA	8741	8352	389	4.5
CN2905500000000	29	055	Crawford County, MO	1997	NA	10674	9941	733	6.9
CN2905700000000	29	057	Dade County, MO	1997	NA	3585	3417	168	4.7
CN2905900000000	29	059	Dallas County, MO	1997	NA	6669	6335	334	5
CN2906100000000	29	061	Daviess County, MO	1997	NA	3946	3732	214	5.4
CN2906300000000	29	063	DeKalb County, MO	1997	NA	4747	4515	232	4.9
CN2906500000000	29	065	Dent County, MO	1997	NA	6857	6480	377	5.5
CN2906700000000	29	067	Douglas County, MO	1997	NA	6348	5548	800	12.6
CN2906900000000	29	069	Dunklin County, MO	1997	NA	14923	13937	986	6.6
CN2907100000000	29	071	Franklin County, MO	1997	NA	47307	45058	2249	4.8
CN2907300000000	29	073	Gasconade County, MO	1997	NA	7754	7372	382	4.9
CN2907500000000	29	075	Gentry County, MO	1997	NA	3777	3675	102	2.7
CN2907700000000	29	077	Greene County, MO	1997	NA	127621	123456	4165	3.3
CN2907900000000	29	079	Grundy County, MO	1997	NA	5126	4937	189	3.7
CN2908100000000	29	081	Harrison County, MO	1997	NA	4604	4437	167	3.6
CN2908300000000	29	083	Henry County, MO	1997	NA	10525	10034	491	4.7
CN2908500000000	29	085	Hickory County, MO	1997	NA	3102	2894	208	6.7
CN2908700000000	29	087	Holt County, MO	1997	NA	2776	2667	109	3.9
CN2908900000000	29	089	Howard County, MO	1997	NA	5080	4884	196	3.9
CN2909100000000	29	091	Howell County, MO	1997	NA	18447	17323	1124	6.1
CN2909300000000	29	093	Iron County, MO	1997	NA	4631	4260	371	8
CN2909500000000	29	095	Jackson County, MO	1997	NA	364362	348592	15770	4.3
CN2909700000000	29	097	Jasper County, MO	1997	NA	56759	54661	2098	3.7
CN2909900000000	29	099	Jefferson County, MO	1997	NA	102877	98669	4208	4.1
CN2910100000000	29	101	Johnson County, MO	1997	NA	23836	23234	602	2.5
CN2910300000000	29	103	Knox County, MO	1997	NA	2094	2033	61	2.9
CN2910500000000	29	105	Laclede County, MO	1997	NA	16357	15347	1010	6.2
CN2910700000000	29	107	Lafayette County, MO	1997	NA	16487	15787	700	4.2
CN2910900000000	29	109	Lawrence County, MO	1997	NA	16447	15422	1025	6.2
CN2911100000000	29	111	Lewis County, MO	1997	NA	6148	5944	204	3.3
CN2911300000000	29	113	Lincoln County, MO	1997	NA	17744	16967	777	4.4
CN2911500000000	29	115	Linn County, MO	1997	NA	6889	6314	575	8.3
CN2911700000000	29	117	Livingston County, MO	1997	NA	7944	7690	254	3.2
CN2911900000000	29	119	McDonald County, MO	1997	NA	9314	8865	449	4.8
CN2912100000000	29	121	Macon County, MO	1997	NA	7965	7523	442	5.5
CN2912300000000	29	123	Madison County, MO	1997	NA	4756	4381	375	7.9
CN2912500000000	29	125	Maries County, MO	1997	NA	4460	4274	186	4.2
CN2912700000000	29	127	Marion County, MO	1997	NA	16239	15529	710	4.4
CN2912900000000	29	129	Mercer County, MO	1997	NA	1720	1669	51	3
CN2913100000000	29	131	Miller County, MO	1997	NA	12096	11247	849	7
CN2913300000000	29	133	Mississippi County, MO	1997	NA	6248	5739	509	8.1
CN2913500000000	29	135	Moniteau County, MO	1997	NA	7614	7338	276	3.6
CN2913700000000	29	137	Monroe County, MO	1997	NA	4479	4254	225	5
CN2913900000000	29	139	Montgomery County, MO	1997	NA	6386	5940	446	7
CN2914100000000	29	141	Morgan County, MO	1997	NA	8629	8091	538	6.2
CN2914300000000	29	143	New Madrid County, MO	1997	NA	9142	8431	711	7.8
CN2914500000000	29	145	Newton County, MO	1997	NA	28238	27019	1219	4.3
CN2914700000000	29	147	Nodaway County, MO	1997	NA	13189	12994	195	1.5
CN2914900000000	29	149	Oregon County, MO	1997	NA	4562	4292	270	5.9
CN2915100000000	29	151	Osage County, MO	1997	NA	7578	7336	242	3.2
CN2915300000000	29	153	Ozark County, MO	1997	NA	4368	4083	285	6.5
CN2915500000000	29	155	Pemiscot County, MO	1997	NA	9592	8769	823	8.6
CN2915700000000	29	157	Perry County, MO	1997	NA	10652	10272	380	3.6
CN2915900000000	29	159	Pettis County, MO	1997	NA	22376	21311	1065	4.8
CN2916100000000	29	161	Phelps County, MO	1997	NA	20026	19210	816	4.1
CN2916300000000	29	163	Pike County, MO	1997	NA	7564	7142	422	5.6
CN2916500000000	29	165	Platte County, MO	1997	NA	42690	41561	1129	2.6
CN2916700000000	29	167	Polk County, MO	1997	NA	12342	11799	543	4.4
CN2916900000000	29	169	Pulaski County, MO	1997	NA	12398	11690	708	5.7
CN2917100000000	29	171	Putnam County, MO	1997	NA	2023	1938	85	4.2
CN2917300000000	29	173	Ralls County, MO	1997	NA	5423	5184	239	4.4
CN2917500000000	29	175	Randolph County, MO	1997	NA	10783	10152	631	5.9
CN2917700000000	29	177	Ray County, MO	1997	NA	11389	10816	573	5
CN2917900000000	29	179	Reynolds County, MO	1997	NA	3429	3255	174	5.1
CN2918100000000	29	181	Ripley County, MO	1997	NA	5483	5136	347	6.3
CN2918300000000	29	183	St. Charles County, MO	1997	NA	152670	148516	4154	2.7
CN2918500000000	29	185	St. Clair County, MO	1997	NA	4002	3755	247	6.2
CN2918600000000	29	186	Ste. Genevieve County, MO	1997	NA	9180	8792	388	4.2
CN2918700000000	29	187	St. Francois County, MO	1997	NA	25226	23559	1667	6.6
CN2918900000000	29	189	St. Louis County, MO	1997	NA	562930	544905	18025	3.2
CN2919500000000	29	195	Saline County, MO	1997	NA	12742	12192	550	4.3
CN2919700000000	29	197	Schuyler County, MO	1997	NA	2619	2502	117	4.5
CN2919900000000	29	199	Scotland County, MO	1997	NA	2281	2204	77	3.4
CN2920100000000	29	201	Scott County, MO	1997	NA	20851	19640	1211	5.8
CN2920300000000	29	203	Shannon County, MO	1997	NA	4217	3878	339	8
CN2920500000000	29	205	Shelby County, MO	1997	NA	3782	3636	146	3.9
CN2920700000000	29	207	Stoddard County, MO	1997	NA	14373	13077	1296	9
CN2920900000000	29	209	Stone County, MO	1997	NA	13836	12090	1746	12.6
CN2921100000000	29	211	Sullivan County, MO	1997	NA	4193	4054	139	3.3
CN2921300000000	29	213	Taney County, MO	1997	NA	29588	26834	2754	9.3
CN2921500000000	29	215	Texas County, MO	1997	NA	9806	8955	851	8.7
CN2921700000000	29	217	Vernon County, MO	1997	NA	9448	9002	446	4.7
CN2921900000000	29	219	Warren County, MO	1997	NA	12142	11573	569	4.7
CN2922100000000	29	221	Washington County, MO	1997	NA	9835	8993	842	8.6
CN2922300000000	29	223	Wayne County, MO	1997	NA	3593	3185	408	11.4
CN2922500000000	29	225	Webster County, MO	1997	NA	14220	13473	747	5.3
CN2922700000000	29	227	Worth County, MO	1997	NA	935	888	47	5
CN2922900000000	29	229	Wright County, MO	1997	NA	7569	6829	740	9.8
CN2951000000000	29	510	St. Louis city, MO	1997	NA	161672	149355	12317	7.6
CN3000100000000	30	001	Beaverhead County, MT	1997	NA	5023	4818	205	4.1
CN3000300000000	30	003	Big Horn County, MT	1997	NA	5116	4636	480	9.4
CN3000500000000	30	005	Blaine County, MT	1997	NA	2838	2548	290	10.2
CN3000700000000	30	007	Broadwater County, MT	1997	NA	2055	1974	81	3.9
CN3000900000000	30	009	Carbon County, MT	1997	NA	4602	4335	267	5.8
CN3001100000000	30	011	Carter County, MT	1997	NA	917	897	20	2.2
CN3001300000000	30	013	Cascade County, MT	1997	NA	37629	35642	1987	5.3
CN3001500000000	30	015	Chouteau County, MT	1997	NA	2684	2621	63	2.3
CN3001700000000	30	017	Custer County, MT	1997	NA	5957	5683	274	4.6
CN3001900000000	30	019	Daniels County, MT	1997	NA	1266	1243	23	1.8
CN3002100000000	30	021	Dawson County, MT	1997	NA	4763	4610	153	3.2
CN3002300000000	30	023	Deer Lodge County, MT	1997	NA	3756	3516	240	6.4
CN3002500000000	30	025	Fallon County, MT	1997	NA	1669	1614	55	3.3
CN3002700000000	30	027	Fergus County, MT	1997	NA	6187	5821	366	5.9
CN3002900000000	30	029	Flathead County, MT	1997	NA	37375	34623	2752	7.4
CN3003100000000	30	031	Gallatin County, MT	1997	NA	39116	37962	1154	3
CN3003300000000	30	033	Garfield County, MT	1997	NA	901	868	33	3.7
CN3003500000000	30	035	Glacier County, MT	1997	NA	5639	4863	776	13.8
CN3003700000000	30	037	Golden Valley County, MT	1997	NA	484	453	31	6.4
CN3003900000000	30	039	Granite County, MT	1997	NA	1144	1061	83	7.3
CN3004100000000	30	041	Hill County, MT	1997	NA	8970	8488	482	5.4
CN3004300000000	30	043	Jefferson County, MT	1997	NA	4896	4679	217	4.4
CN3004500000000	30	045	Judith Basin County, MT	1997	NA	1081	1028	53	4.9
CN3004700000000	30	047	Lake County, MT	1997	NA	10907	10139	768	7
CN3004900000000	30	049	Lewis and Clark County, MT	1997	NA	27962	26574	1388	5
CN3005100000000	30	051	Liberty County, MT	1997	NA	1058	1031	27	2.6
CN3005300000000	30	053	Lincoln County, MT	1997	NA	7213	6345	868	12
CN3005500000000	30	055	McCone County, MT	1997	NA	1169	1129	40	3.4
CN3005700000000	30	057	Madison County, MT	1997	NA	3630	3469	161	4.4
CN3005900000000	30	059	Meagher County, MT	1997	NA	956	902	54	5.6
CN3006100000000	30	061	Mineral County, MT	1997	NA	1672	1517	155	9.3
CN3006300000000	30	063	Missoula County, MT	1997	NA	51087	48917	2170	4.2
CN3006500000000	30	065	Musselshell County, MT	1997	NA	1929	1778	151	7.8
CN3006700000000	30	067	Park County, MT	1997	NA	10399	9871	528	5.1
CN3006900000000	30	069	Petroleum County, MT	1997	NA	299	285	14	4.7
CN3007100000000	30	071	Phillips County, MT	1997	NA	2373	2211	162	6.8
CN3007300000000	30	073	Pondera County, MT	1997	NA	3158	3032	126	4
CN3007500000000	30	075	Powder River County, MT	1997	NA	1229	1206	23	1.9
CN3007700000000	30	077	Powell County, MT	1997	NA	2441	2306	135	5.5
CN3007900000000	30	079	Prairie County, MT	1997	NA	658	621	37	5.6
CN3008100000000	30	081	Ravalli County, MT	1997	NA	16430	15388	1042	6.3
CN3008300000000	30	083	Richland County, MT	1997	NA	5482	5196	286	5.2
CN3008500000000	30	085	Roosevelt County, MT	1997	NA	3990	3633	357	8.9
CN3008700000000	30	087	Rosebud County, MT	1997	NA	4620	4221	399	8.6
CN3008900000000	30	089	Sanders County, MT	1997	NA	4062	3629	433	10.7
CN3009100000000	30	091	Sheridan County, MT	1997	NA	2032	1975	57	2.8
CN3009300000000	30	093	Silver Bow County, MT	1997	NA	17334	16465	869	5
CN3009500000000	30	095	Stillwater County, MT	1997	NA	4043	3823	220	5.4
CN3009700000000	30	097	Sweet Grass County, MT	1997	NA	1711	1647	64	3.7
CN3009900000000	30	099	Teton County, MT	1997	NA	3072	2983	89	2.9
CN3010100000000	30	101	Toole County, MT	1997	NA	2781	2688	93	3.3
CN3010300000000	30	103	Treasure County, MT	1997	NA	434	417	17	3.9
CN3010500000000	30	105	Valley County, MT	1997	NA	4348	4170	178	4.1
CN3010700000000	30	107	Wheatland County, MT	1997	NA	1350	1290	60	4.4
CN3010900000000	30	109	Wibaux County, MT	1997	NA	564	544	20	3.5
CN3011100000000	30	111	Yellowstone County, MT	1997	NA	68260	65175	3085	4.5
CN3100100000000	31	001	Adams County, NE	1997	NA	15947	15651	296	1.9
CN3100300000000	31	003	Antelope County, NE	1997	NA	3010	2914	96	3.2
CN3100500000000	31	005	Arthur County, NE	1997	NA	214	208	6	2.8
CN3100700000000	31	007	Banner County, NE	1997	NA	437	430	7	1.6
CN3100900000000	31	009	Blaine County, NE	1997	NA	331	324	7	2.1
CN3101100000000	31	011	Boone County, NE	1997	NA	2828	2776	52	1.8
CN3101300000000	31	013	Box Butte County, NE	1997	NA	6409	6088	321	5
CN3101500000000	31	015	Boyd County, NE	1997	NA	1145	1115	30	2.6
CN3101700000000	31	017	Brown County, NE	1997	NA	1776	1726	50	2.8
CN3101900000000	31	019	Buffalo County, NE	1997	NA	24347	23746	601	2.5
CN3102100000000	31	021	Burt County, NE	1997	NA	3600	3478	122	3.4
CN3102300000000	31	023	Butler County, NE	1997	NA	4234	4132	102	2.4
CN3102500000000	31	025	Cass County, NE	1997	NA	12666	12334	332	2.6
CN3102700000000	31	027	Cedar County, NE	1997	NA	4820	4719	101	2.1
CN3102900000000	31	029	Chase County, NE	1997	NA	1911	1881	30	1.6
CN3103100000000	31	031	Cherry County, NE	1997	NA	3315	3230	85	2.6
CN3103300000000	31	033	Cheyenne County, NE	1997	NA	5043	4949	94	1.9
CN3103500000000	31	035	Clay County, NE	1997	NA	3508	3433	75	2.1
CN3103700000000	31	037	Colfax County, NE	1997	NA	5026	4931	95	1.9
CN3103900000000	31	039	Cuming County, NE	1997	NA	5163	5070	93	1.8
CN3104100000000	31	041	Custer County, NE	1997	NA	5578	5462	116	2.1
CN3104300000000	31	043	Dakota County, NE	1997	NA	10453	10117	336	3.2
CN3104500000000	31	045	Dawes County, NE	1997	NA	4291	4144	147	3.4
CN3104700000000	31	047	Dawson County, NE	1997	NA	13497	13139	358	2.7
CN3104900000000	31	049	Deuel County, NE	1997	NA	968	946	22	2.3
CN3105100000000	31	051	Dixon County, NE	1997	NA	2559	2491	68	2.7
CN3105300000000	31	053	Dodge County, NE	1997	NA	19587	19028	559	2.9
CN3105500000000	31	055	Douglas County, NE	1997	NA	256488	249639	6849	2.7
CN3105700000000	31	057	Dundy County, NE	1997	NA	1127	1111	16	1.4
CN3105900000000	31	059	Fillmore County, NE	1997	NA	3189	3126	63	2
CN3106100000000	31	061	Franklin County, NE	1997	NA	1621	1593	28	1.7
CN3106300000000	31	063	Frontier County, NE	1997	NA	1536	1492	44	2.9
CN3106500000000	31	065	Furnas County, NE	1997	NA	2541	2488	53	2.1
CN3106700000000	31	067	Gage County, NE	1997	NA	12591	12337	254	2
CN3106900000000	31	069	Garden County, NE	1997	NA	1094	1076	18	1.6
CN3107100000000	31	071	Garfield County, NE	1997	NA	1034	1007	27	2.6
CN3107300000000	31	073	Gosper County, NE	1997	NA	1363	1344	19	1.4
CN3107500000000	31	075	Grant County, NE	1997	NA	379	373	6	1.6
CN3107700000000	31	077	Greeley County, NE	1997	NA	1500	1456	44	2.9
CN3107900000000	31	079	Hall County, NE	1997	NA	31198	30506	692	2.2
CN3108100000000	31	081	Hamilton County, NE	1997	NA	5448	5366	82	1.5
CN3108300000000	31	083	Harlan County, NE	1997	NA	1812	1774	38	2.1
CN3108500000000	31	085	Hayes County, NE	1997	NA	520	502	18	3.5
CN3108700000000	31	087	Hitchcock County, NE	1997	NA	1605	1560	45	2.8
CN3108900000000	31	089	Holt County, NE	1997	NA	6419	6247	172	2.7
CN3109100000000	31	091	Hooker County, NE	1997	NA	396	384	12	3
CN3109300000000	31	093	Howard County, NE	1997	NA	3507	3422	85	2.4
CN3109500000000	31	095	Jefferson County, NE	1997	NA	3989	3918	71	1.8
CN3109700000000	31	097	Johnson County, NE	1997	NA	2038	1920	118	5.8
CN3109900000000	31	099	Kearney County, NE	1997	NA	3605	3547	58	1.6
CN3110100000000	31	101	Keith County, NE	1997	NA	4564	4455	109	2.4
CN3110300000000	31	103	Keya Paha County, NE	1997	NA	455	443	12	2.6
CN3110500000000	31	105	Kimball County, NE	1997	NA	2005	1965	40	2
CN3110700000000	31	107	Knox County, NE	1997	NA	4741	4583	158	3.3
CN3110900000000	31	109	Lancaster County, NE	1997	NA	143637	140562	3075	2.1
CN3111100000000	31	111	Lincoln County, NE	1997	NA	18070	17423	647	3.6
CN3111300000000	31	113	Logan County, NE	1997	NA	465	453	12	2.6
CN3111500000000	31	115	Loup County, NE	1997	NA	408	401	7	1.7
CN3111700000000	31	117	McPherson County, NE	1997	NA	322	317	5	1.6
CN3111900000000	31	119	Madison County, NE	1997	NA	20562	20042	520	2.5
CN3112100000000	31	121	Merrick County, NE	1997	NA	4690	4605	85	1.8
CN3112300000000	31	123	Morrill County, NE	1997	NA	2828	2728	100	3.5
CN3112500000000	31	125	Nance County, NE	1997	NA	1773	1733	40	2.3
CN3112700000000	31	127	Nemaha County, NE	1997	NA	3823	3643	180	4.7
CN3112900000000	31	129	Nuckolls County, NE	1997	NA	2350	2307	43	1.8
CN3113100000000	31	131	Otoe County, NE	1997	NA	7909	7664	245	3.1
CN3113300000000	31	133	Pawnee County, NE	1997	NA	1492	1442	50	3.4
CN3113500000000	31	135	Perkins County, NE	1997	NA	1524	1486	38	2.5
CN3113700000000	31	137	Phelps County, NE	1997	NA	5244	5143	101	1.9
CN3113900000000	31	139	Pierce County, NE	1997	NA	4116	4027	89	2.2
CN3114100000000	31	141	Platte County, NE	1997	NA	17934	17530	404	2.3
CN3114300000000	31	143	Polk County, NE	1997	NA	2385	2345	40	1.7
CN3114500000000	31	145	Red Willow County, NE	1997	NA	6006	5864	142	2.4
CN3114700000000	31	147	Richardson County, NE	1997	NA	4592	4394	198	4.3
CN3114900000000	31	149	Rock County, NE	1997	NA	902	878	24	2.7
CN3115100000000	31	151	Saline County, NE	1997	NA	7112	6993	119	1.7
CN3115300000000	31	153	Sarpy County, NE	1997	NA	60128	58973	1155	1.9
CN3115500000000	31	155	Saunders County, NE	1997	NA	10434	10156	278	2.7
CN3115700000000	31	157	Scotts Bluff County, NE	1997	NA	18327	17561	766	4.2
CN3115900000000	31	159	Seward County, NE	1997	NA	9338	9129	209	2.2
CN3116100000000	31	161	Sheridan County, NE	1997	NA	3030	2929	101	3.3
CN3116300000000	31	163	Sherman County, NE	1997	NA	1548	1511	37	2.4
CN3116500000000	31	165	Sioux County, NE	1997	NA	794	783	11	1.4
CN3116700000000	31	167	Stanton County, NE	1997	NA	3408	3331	77	2.3
CN3116900000000	31	169	Thayer County, NE	1997	NA	3213	3154	59	1.8
CN3117100000000	31	171	Thomas County, NE	1997	NA	460	430	30	6.5
CN3117300000000	31	173	Thurston County, NE	1997	NA	2887	2660	227	7.9
CN3117500000000	31	175	Valley County, NE	1997	NA	2582	2529	53	2.1
CN3117700000000	31	177	Washington County, NE	1997	NA	10735	10542	193	1.8
CN3117900000000	31	179	Wayne County, NE	1997	NA	5735	5569	166	2.9
CN3118100000000	31	181	Webster County, NE	1997	NA	1810	1771	39	2.2
CN3118300000000	31	183	Wheeler County, NE	1997	NA	337	332	5	1.5
CN3118500000000	31	185	York County, NE	1997	NA	8986	8881	105	1.2
CN3200100000000	32	001	Churchill County, NV	1997	NA	9685	9118	567	5.9
CN3200300000000	32	003	Clark County, NV	1997	NA	631697	604672	27025	4.3
CN3200500000000	32	005	Douglas County, NV	1997	NA	18050	16988	1062	5.9
CN3200700000000	32	007	Elko County, NV	1997	NA	22456	21410	1046	4.7
CN3200900000000	32	009	Esmeralda County, NV	1997	NA	612	578	34	5.6
CN3201100000000	32	011	Eureka County, NV	1997	NA	976	917	59	6
CN3201300000000	32	013	Humboldt County, NV	1997	NA	9329	8926	403	4.3
CN3201500000000	32	015	Lander County, NV	1997	NA	3258	3018	240	7.4
CN3201700000000	32	017	Lincoln County, NV	1997	NA	1211	1110	101	8.3
CN3201900000000	32	019	Lyon County, NV	1997	NA	12469	11566	903	7.2
CN3202100000000	32	021	Mineral County, NV	1997	NA	2634	2466	168	6.4
CN3202300000000	32	023	Nye County, NV	1997	NA	14380	13770	610	4.2
CN3202700000000	32	027	Pershing County, NV	1997	NA	2594	2483	111	4.3
CN3202900000000	32	029	Storey County, NV	1997	NA	1595	1535	60	3.8
CN3203100000000	32	031	Washoe County, NV	1997	NA	181495	174354	7141	3.9
CN3203300000000	32	033	White Pine County, NV	1997	NA	4033	3782	251	6.2
CN3251000000000	32	510	Carson City, NV	1997	NA	23308	21803	1505	6.5
CN3300100000000	33	001	Belknap County, NH	1997	NA	29286	28379	907	3.1
CN3300300000000	33	003	Carroll County, NH	1997	NA	21284	20565	719	3.4
CN3300500000000	33	005	Cheshire County, NH	1997	NA	37778	36404	1374	3.6
CN3300700000000	33	007	Coos County, NH	1997	NA	16595	15720	875	5.3
CN3300900000000	33	009	Grafton County, NH	1997	NA	42408	41269	1139	2.7
CN3301100000000	33	011	Hillsborough County, NH	1997	NA	199623	193722	5901	3
CN3301300000000	33	013	Merrimack County, NH	1997	NA	72127	70175	1952	2.7
CN3301500000000	33	015	Rockingham County, NH	1997	NA	151233	145138	6095	4
CN3301700000000	33	017	Strafford County, NH	1997	NA	57885	55930	1955	3.4
CN3301900000000	33	019	Sullivan County, NH	1997	NA	21005	20365	640	3
CN3400100000000	34	001	Atlantic County, NJ	1997	NA	131049	121137	9912	7.6
CN3400300000000	34	003	Bergen County, NJ	1997	NA	450971	430898	20073	4.5
CN3400500000000	34	005	Burlington County, NJ	1997	NA	226052	217209	8843	3.9
CN3400700000000	34	007	Camden County, NJ	1997	NA	261889	248789	13100	5
CN3400900000000	34	009	Cape May County, NJ	1997	NA	47707	42405	5302	11.1
CN3401100000000	34	011	Cumberland County, NJ	1997	NA	66552	60720	5832	8.8
CN3401300000000	34	013	Essex County, NJ	1997	NA	377526	352267	25259	6.7
CN3401500000000	34	015	Gloucester County, NJ	1997	NA	131435	124839	6596	5
CN3401700000000	34	017	Hudson County, NJ	1997	NA	290644	267395	23249	8
CN3401900000000	34	019	Hunterdon County, NJ	1997	NA	69204	67501	1703	2.5
CN3402100000000	34	021	Mercer County, NJ	1997	NA	173187	165084	8103	4.7
CN3402300000000	34	023	Middlesex County, NJ	1997	NA	410243	392703	17540	4.3
CN3402500000000	34	025	Monmouth County, NJ	1997	NA	313791	299643	14148	4.5
CN3402700000000	34	027	Morris County, NJ	1997	NA	262280	253502	8778	3.3
CN3402900000000	34	029	Ocean County, NJ	1997	NA	215642	203841	11801	5.5
CN3403100000000	34	031	Passaic County, NJ	1997	NA	237785	221276	16509	6.9
CN3403300000000	34	033	Salem County, NJ	1997	NA	32767	30868	1899	5.8
CN3403500000000	34	035	Somerset County, NJ	1997	NA	167175	162455	4720	2.8
CN3403700000000	34	037	Sussex County, NJ	1997	NA	76707	73312	3395	4.4
CN3403900000000	34	039	Union County, NJ	1997	NA	269642	254781	14861	5.5
CN3404100000000	34	041	Warren County, NJ	1997	NA	51518	49149	2369	4.6
CN3500100000000	35	001	Bernalillo County, NM	1997	NA	288358	275888	12470	4.3
CN3500300000000	35	003	Catron County, NM	1997	NA	1224	1082	142	11.6
CN3500500000000	35	005	Chaves County, NM	1997	NA	25855	24088	1767	6.8
CN3500600000000	35	006	Cibola County, NM	1997	NA	10647	9509	1138	10.7
CN3500700000000	35	007	Colfax County, NM	1997	NA	6390	5912	478	7.5
CN3500900000000	35	009	Curry County, NM	1997	NA	20377	19261	1116	5.5
CN3501100000000	35	011	De Baca County, NM	1997	NA	949	909	40	4.2
CN3501300000000	35	013	Dona Ana County, NM	1997	NA	67107	61338	5769	8.6
CN3501500000000	35	015	Eddy County, NM	1997	NA	23658	22169	1489	6.3
CN3501700000000	35	017	Grant County, NM	1997	NA	13069	12199	870	6.7
CN3501900000000	35	019	Guadalupe County, NM	1997	NA	1925	1697	228	11.8
CN3502100000000	35	021	Harding County, NM	1997	NA	464	435	29	6.3
CN3502300000000	35	023	Hidalgo County, NM	1997	NA	2601	2484	117	4.5
CN3502500000000	35	025	Lea County, NM	1997	NA	24992	23795	1197	4.8
CN3502700000000	35	027	Lincoln County, NM	1997	NA	7268	6815	453	6.2
CN3502800000000	35	028	Los Alamos County, NM	1997	NA	10254	10071	183	1.8
CN3502900000000	35	029	Luna County, NM	1997	NA	11383	8499	2884	25.3
CN3503100000000	35	031	McKinley County, NM	1997	NA	24655	22481	2174	8.8
CN3503300000000	35	033	Mora County, NM	1997	NA	1724	1382	342	19.8
CN3503500000000	35	035	Otero County, NM	1997	NA	20907	19433	1474	7.1
CN3503700000000	35	037	Quay County, NM	1997	NA	4568	4290	278	6.1
CN3503900000000	35	039	Rio Arriba County, NM	1997	NA	18910	16863	2047	10.8
CN3504100000000	35	041	Roosevelt County, NM	1997	NA	7504	7181	323	4.3
CN3504300000000	35	043	Sandoval County, NM	1997	NA	41647	39854	1793	4.3
CN3504500000000	35	045	San Juan County, NM	1997	NA	49781	44880	4901	9.8
CN3504700000000	35	047	San Miguel County, NM	1997	NA	12517	11221	1296	10.4
CN3504900000000	35	049	Santa Fe County, NM	1997	NA	63839	61167	2672	4.2
CN3505100000000	35	051	Sierra County, NM	1997	NA	4312	4154	158	3.7
CN3505300000000	35	053	Socorro County, NM	1997	NA	6464	6018	446	6.9
CN3505500000000	35	055	Taos County, NM	1997	NA	13395	11435	1960	14.6
CN3505700000000	35	057	Torrance County, NM	1997	NA	5967	5567	400	6.7
CN3505900000000	35	059	Union County, NM	1997	NA	1969	1878	91	4.6
CN3506100000000	35	061	Valencia County, NM	1997	NA	28421	27112	1309	4.6
CN3600100000000	36	001	Albany County, NY	1997	NA	159416	154115	5301	3.3
CN3600300000000	36	003	Allegany County, NY	1997	NA	23617	21688	1929	8.2
CN3600500000000	36	005	Bronx County, NY	1997	NA	478198	422168	56030	11.7
CN3600700000000	36	007	Broome County, NY	1997	NA	99774	95539	4235	4.2
CN3600900000000	36	009	Cattaraugus County, NY	1997	NA	42405	39371	3034	7.2
CN3601100000000	36	011	Cayuga County, NY	1997	NA	38579	36321	2258	5.9
CN3601300000000	36	013	Chautauqua County, NY	1997	NA	69576	65654	3922	5.6
CN3601500000000	36	015	Chemung County, NY	1997	NA	45138	43157	1981	4.4
CN3601700000000	36	017	Chenango County, NY	1997	NA	24289	22770	1519	6.3
CN3601900000000	36	019	Clinton County, NY	1997	NA	40375	37670	2705	6.7
CN3602100000000	36	021	Columbia County, NY	1997	NA	33575	32366	1209	3.6
CN3602300000000	36	023	Cortland County, NY	1997	NA	24290	22665	1625	6.7
CN3602500000000	36	025	Delaware County, NY	1997	NA	21411	20287	1124	5.2
CN3602700000000	36	027	Dutchess County, NY	1997	NA	120627	115787	4840	4
CN3602900000000	36	029	Erie County, NY	1997	NA	476382	452464	23918	5
CN3603100000000	36	031	Essex County, NY	1997	NA	18294	16735	1559	8.5
CN3603300000000	36	033	Franklin County, NY	1997	NA	21738	19844	1894	8.7
CN3603500000000	36	035	Fulton County, NY	1997	NA	27511	25457	2054	7.5
CN3603700000000	36	037	Genesee County, NY	1997	NA	32772	30943	1829	5.6
CN3603900000000	36	039	Greene County, NY	1997	NA	21694	20367	1327	6.1
CN3604100000000	36	041	Hamilton County, NY	1997	NA	2538	2253	285	11.2
CN3604300000000	36	043	Herkimer County, NY	1997	NA	31744	29650	2094	6.6
CN3604500000000	36	045	Jefferson County, NY	1997	NA	44993	41012	3981	8.8
CN3604700000000	36	047	Kings County, NY	1997	NA	989677	883137	106540	10.8
CN3604900000000	36	049	Lewis County, NY	1997	NA	12726	11730	996	7.8
CN3605100000000	36	051	Livingston County, NY	1997	NA	35264	33443	1821	5.2
CN3605300000000	36	053	Madison County, NY	1997	NA	36045	34207	1838	5.1
CN3605500000000	36	055	Monroe County, NY	1997	NA	389823	375890	13933	3.6
CN3605700000000	36	057	Montgomery County, NY	1997	NA	24226	22462	1764	7.3
CN3605900000000	36	059	Nassau County, NY	1997	NA	692897	668713	24184	3.5
CN3606100000000	36	061	New York County, NY	1997	NA	835991	770289	65702	7.9
CN3606300000000	36	063	Niagara County, NY	1997	NA	112412	105109	7303	6.5
CN3606500000000	36	065	Oneida County, NY	1997	NA	112819	107373	5446	4.8
CN3606700000000	36	067	Onondaga County, NY	1997	NA	238127	228985	9142	3.8
CN3606900000000	36	069	Ontario County, NY	1997	NA	54543	52286	2257	4.1
CN3607100000000	36	071	Orange County, NY	1997	NA	158131	151592	6539	4.1
CN3607300000000	36	073	Orleans County, NY	1997	NA	21496	20161	1335	6.2
CN3607500000000	36	075	Oswego County, NY	1997	NA	58337	54305	4032	6.9
CN3607700000000	36	077	Otsego County, NY	1997	NA	31857	30163	1694	5.3
CN3607900000000	36	079	Putnam County, NY	1997	NA	52058	50477	1581	3
CN3608100000000	36	081	Queens County, NY	1997	NA	1007533	921189	86344	8.6
CN3608300000000	36	083	Rensselaer County, NY	1997	NA	81493	77798	3695	4.5
CN3608500000000	36	085	Richmond County, NY	1997	NA	198049	181419	16630	8.4
CN3608700000000	36	087	Rockland County, NY	1997	NA	144190	138406	5784	4
CN3608900000000	36	089	St. Lawrence County, NY	1997	NA	51695	47560	4135	8
CN3609100000000	36	091	Saratoga County, NY	1997	NA	104271	100219	4052	3.9
CN3609300000000	36	093	Schenectady County, NY	1997	NA	74314	71009	3305	4.4
CN3609500000000	36	095	Schoharie County, NY	1997	NA	15551	14638	913	5.9
CN3609700000000	36	097	Schuyler County, NY	1997	NA	8996	8464	532	5.9
CN3609900000000	36	099	Seneca County, NY	1997	NA	15371	14531	840	5.5
CN3610100000000	36	101	Steuben County, NY	1997	NA	49299	46053	3246	6.6
CN3610300000000	36	103	Suffolk County, NY	1997	NA	716299	686063	30236	4.2
CN3610500000000	36	105	Sullivan County, NY	1997	NA	31804	29759	2045	6.4
CN3610700000000	36	107	Tioga County, NY	1997	NA	26596	25545	1051	4
CN3610900000000	36	109	Tompkins County, NY	1997	NA	50337	48763	1574	3.1
CN3611100000000	36	111	Ulster County, NY	1997	NA	81011	77672	3339	4.1
CN3611300000000	36	113	Warren County, NY	1997	NA	32613	30403	2210	6.8
CN3611500000000	36	115	Washington County, NY	1997	NA	29661	27930	1731	5.8
CN3611700000000	36	117	Wayne County, NY	1997	NA	50208	47808	2400	4.8
CN3611900000000	36	119	Westchester County, NY	1997	NA	453117	436277	16840	3.7
CN3612100000000	36	121	Wyoming County, NY	1997	NA	20882	19464	1418	6.8
CN3612300000000	36	123	Yates County, NY	1997	NA	13569	13007	562	4.1
CN3700100000000	37	001	Alamance County, NC	1997	NA	67972	65673	2299	3.4
CN3700300000000	37	003	Alexander County, NC	1997	NA	17552	17018	534	3
CN3700500000000	37	005	Alleghany County, NC	1997	NA	5707	5404	303	5.3
CN3700700000000	37	007	Anson County, NC	1997	NA	11575	10874	701	6.1
CN3700900000000	37	009	Ashe County, NC	1997	NA	11679	10522	1157	9.9
CN3701100000000	37	011	Avery County, NC	1997	NA	7931	7594	337	4.2
CN3701300000000	37	013	Beaufort County, NC	1997	NA	21130	19598	1532	7.3
CN3701500000000	37	015	Bertie County, NC	1997	NA	9289	8767	522	5.6
CN3701700000000	37	017	Bladen County, NC	1997	NA	20267	19213	1054	5.2
CN3701900000000	37	019	Brunswick County, NC	1997	NA	32330	30590	1740	5.4
CN3702100000000	37	021	Buncombe County, NC	1997	NA	105900	102905	2995	2.8
CN3702300000000	37	023	Burke County, NC	1997	NA	44783	43075	1708	3.8
CN3702500000000	37	025	Cabarrus County, NC	1997	NA	65380	63464	1916	2.9
CN3702700000000	37	027	Caldwell County, NC	1997	NA	42968	40924	2044	4.8
CN3702900000000	37	029	Camden County, NC	1997	NA	3206	3103	103	3.2
CN3703100000000	37	031	Carteret County, NC	1997	NA	30401	28998	1403	4.6
CN3703300000000	37	033	Caswell County, NC	1997	NA	12890	12424	466	3.6
CN3703500000000	37	035	Catawba County, NC	1997	NA	76950	74436	2514	3.3
CN3703700000000	37	037	Chatham County, NC	1997	NA	26483	25818	665	2.5
CN3703900000000	37	039	Cherokee County, NC	1997	NA	10195	9535	660	6.5
CN3704100000000	37	041	Chowan County, NC	1997	NA	6672	6432	240	3.6
CN3704300000000	37	043	Clay County, NC	1997	NA	3856	3548	308	8
CN3704500000000	37	045	Cleveland County, NC	1997	NA	47697	45014	2683	5.6
CN3704700000000	37	047	Columbus County, NC	1997	NA	24690	23133	1557	6.3
CN3704900000000	37	049	Craven County, NC	1997	NA	37755	36131	1624	4.3
CN3705100000000	37	051	Cumberland County, NC	1997	NA	119199	114116	5083	4.3
CN3705300000000	37	053	Currituck County, NC	1997	NA	8940	8682	258	2.9
CN3705500000000	37	055	Dare County, NC	1997	NA	17839	16829	1010	5.7
CN3705700000000	37	057	Davidson County, NC	1997	NA	81037	78659	2378	2.9
CN3705900000000	37	059	Davie County, NC	1997	NA	17558	17122	436	2.5
CN3706100000000	37	061	Duplin County, NC	1997	NA	22780	21739	1041	4.6
CN3706300000000	37	063	Durham County, NC	1997	NA	116793	113954	2839	2.4
CN3706500000000	37	065	Edgecombe County, NC	1997	NA	27272	24218	3054	11.2
CN3706700000000	37	067	Forsyth County, NC	1997	NA	157978	153543	4435	2.8
CN3706900000000	37	069	Franklin County, NC	1997	NA	23331	22508	823	3.5
CN3707100000000	37	071	Gaston County, NC	1997	NA	101712	97545	4167	4.1
CN3707300000000	37	073	Gates County, NC	1997	NA	4652	4520	132	2.8
CN3707500000000	37	075	Graham County, NC	1997	NA	4389	3905	484	11
CN3707700000000	37	077	Granville County, NC	1997	NA	23474	22824	650	2.8
CN3707900000000	37	079	Greene County, NC	1997	NA	9092	8812	280	3.1
CN3708100000000	37	081	Guilford County, NC	1997	NA	224191	217265	6926	3.1
CN3708300000000	37	083	Halifax County, NC	1997	NA	23978	21811	2167	9
CN3708500000000	37	085	Harnett County, NC	1997	NA	37838	36521	1317	3.5
CN3708700000000	37	087	Haywood County, NC	1997	NA	26172	24998	1174	4.5
CN3708900000000	37	089	Henderson County, NC	1997	NA	37113	36277	836	2.3
CN3709100000000	37	091	Hertford County, NC	1997	NA	10681	10133	548	5.1
CN3709300000000	37	093	Hoke County, NC	1997	NA	11432	10868	564	4.9
CN3709500000000	37	095	Hyde County, NC	1997	NA	3130	2905	225	7.2
CN3709700000000	37	097	Iredell County, NC	1997	NA	61737	59997	1740	2.8
CN3709900000000	37	099	Jackson County, NC	1997	NA	16368	15466	902	5.5
CN3710100000000	37	101	Johnston County, NC	1997	NA	57411	56066	1345	2.3
CN3710300000000	37	103	Jones County, NC	1997	NA	4614	4437	177	3.8
CN3710500000000	37	105	Lee County, NC	1997	NA	26902	25930	972	3.6
CN3710700000000	37	107	Lenoir County, NC	1997	NA	30547	29025	1522	5
CN3710900000000	37	109	Lincoln County, NC	1997	NA	32163	31019	1144	3.6
CN3711100000000	37	111	McDowell County, NC	1997	NA	20915	19846	1069	5.1
CN3711300000000	37	113	Macon County, NC	1997	NA	14106	13543	563	4
CN3711500000000	37	115	Madison County, NC	1997	NA	9377	9029	348	3.7
CN3711700000000	37	117	Martin County, NC	1997	NA	12478	11269	1209	9.7
CN3711900000000	37	119	Mecklenburg County, NC	1997	NA	362553	352685	9868	2.7
CN3712100000000	37	121	Mitchell County, NC	1997	NA	7567	7127	440	5.8
CN3712300000000	37	123	Montgomery County, NC	1997	NA	12335	11629	706	5.7
CN3712500000000	37	125	Moore County, NC	1997	NA	30093	28995	1098	3.6
CN3712700000000	37	127	Nash County, NC	1997	NA	44942	42280	2662	5.9
CN3712900000000	37	129	New Hanover County, NC	1997	NA	81239	78140	3099	3.8
CN3713100000000	37	131	Northampton County, NC	1997	NA	8650	8002	648	7.5
CN3713300000000	37	133	Onslow County, NC	1997	NA	48011	46398	1613	3.4
CN3713500000000	37	135	Orange County, NC	1997	NA	63873	62905	968	1.5
CN3713700000000	37	137	Pamlico County, NC	1997	NA	5653	5410	243	4.3
CN3713900000000	37	139	Pasquotank County, NC	1997	NA	15350	14636	714	4.7
CN3714100000000	37	141	Pender County, NC	1997	NA	16614	15836	778	4.7
CN3714300000000	37	143	Perquimans County, NC	1997	NA	4823	4605	218	4.5
CN3714500000000	37	145	Person County, NC	1997	NA	18428	17555	873	4.7
CN3714700000000	37	147	Pitt County, NC	1997	NA	66971	63633	3338	5
CN3714900000000	37	149	Polk County, NC	1997	NA	7851	7676	175	2.2
CN3715100000000	37	151	Randolph County, NC	1997	NA	71719	69811	1908	2.7
CN3715300000000	37	153	Richmond County, NC	1997	NA	20388	18554	1834	9
CN3715500000000	37	155	Robeson County, NC	1997	NA	56977	52471	4506	7.9
CN3715700000000	37	157	Rockingham County, NC	1997	NA	48471	45846	2625	5.4
CN3715900000000	37	159	Rowan County, NC	1997	NA	65816	63801	2015	3.1
CN3716100000000	37	161	Rutherford County, NC	1997	NA	31411	29545	1866	5.9
CN3716300000000	37	163	Sampson County, NC	1997	NA	24540	23244	1296	5.3
CN3716500000000	37	165	Scotland County, NC	1997	NA	18146	16833	1313	7.2
CN3716700000000	37	167	Stanly County, NC	1997	NA	27748	26404	1344	4.8
CN3716900000000	37	169	Stokes County, NC	1997	NA	23367	22861	506	2.2
CN3717100000000	37	171	Surry County, NC	1997	NA	36846	35531	1315	3.6
CN3717300000000	37	173	Swain County, NC	1997	NA	6356	5281	1075	16.9
CN3717500000000	37	175	Transylvania County, NC	1997	NA	11665	11418	247	2.1
CN3717700000000	37	177	Tyrrell County, NC	1997	NA	1836	1676	160	8.7
CN3717900000000	37	179	Union County, NC	1997	NA	58790	57353	1437	2.4
CN3718100000000	37	181	Vance County, NC	1997	NA	20044	18684	1360	6.8
CN3718300000000	37	183	Wake County, NC	1997	NA	339968	334127	5841	1.7
CN3718500000000	37	185	Warren County, NC	1997	NA	7266	6830	436	6
CN3718700000000	37	187	Washington County, NC	1997	NA	5996	5630	366	6.1
CN3718900000000	37	189	Watauga County, NC	1997	NA	23361	22850	511	2.2
CN3719100000000	37	191	Wayne County, NC	1997	NA	50353	48246	2107	4.2
CN3719300000000	37	193	Wilkes County, NC	1997	NA	33166	31994	1172	3.5
CN3719500000000	37	195	Wilson County, NC	1997	NA	36852	33895	2957	8
CN3719700000000	37	197	Yadkin County, NC	1997	NA	18674	18141	533	2.9
CN3719900000000	37	199	Yancey County, NC	1997	NA	6528	6192	336	5.1
CN3800100000000	38	001	Adams County, ND	1997	NA	1451	1420	31	2.1
CN3800300000000	38	003	Barnes County, ND	1997	NA	6049	5904	145	2.4
CN3800500000000	38	005	Benson County, ND	1997	NA	2760	2573	187	6.8
CN3800700000000	38	007	Billings County, ND	1997	NA	526	513	13	2.5
CN3800900000000	38	009	Bottineau County, ND	1997	NA	3512	3415	97	2.8
CN3801100000000	38	011	Bowman County, ND	1997	NA	1868	1845	23	1.2
CN3801300000000	38	013	Burke County, ND	1997	NA	1075	1053	22	2
CN3801500000000	38	015	Burleigh County, ND	1997	NA	40605	39623	982	2.4
CN3801700000000	38	017	Cass County, ND	1997	NA	73179	72116	1063	1.5
CN3801900000000	38	019	Cavalier County, ND	1997	NA	2578	2498	80	3.1
CN3802100000000	38	021	Dickey County, ND	1997	NA	2809	2768	41	1.5
CN3802300000000	38	023	Divide County, ND	1997	NA	1187	1167	20	1.7
CN3802500000000	38	025	Dunn County, ND	1997	NA	1980	1917	63	3.2
CN3802700000000	38	027	Eddy County, ND	1997	NA	1284	1229	55	4.3
CN3802900000000	38	029	Emmons County, ND	1997	NA	2101	2037	64	3
CN3803100000000	38	031	Foster County, ND	1997	NA	2211	2167	44	2
CN3803300000000	38	033	Golden Valley County, ND	1997	NA	874	851	23	2.6
CN3803500000000	38	035	Grand Forks County, ND	1997	NA	37791	36662	1129	3
CN3803700000000	38	037	Grant County, ND	1997	NA	1524	1490	34	2.2
CN3803900000000	38	039	Griggs County, ND	1997	NA	1664	1637	27	1.6
CN3804100000000	38	041	Hettinger County, ND	1997	NA	1385	1349	36	2.6
CN3804300000000	38	043	Kidder County, ND	1997	NA	1445	1389	56	3.9
CN3804500000000	38	045	LaMoure County, ND	1997	NA	2349	2292	57	2.4
CN3804700000000	38	047	Logan County, ND	1997	NA	1178	1153	25	2.1
CN3804900000000	38	049	McHenry County, ND	1997	NA	2954	2832	122	4.1
CN3805100000000	38	051	McIntosh County, ND	1997	NA	1734	1705	29	1.7
CN3805300000000	38	053	McKenzie County, ND	1997	NA	3264	3171	93	2.8
CN3805500000000	38	055	McLean County, ND	1997	NA	4652	4394	258	5.5
CN3805700000000	38	057	Mercer County, ND	1997	NA	5084	4760	324	6.4
CN3805900000000	38	059	Morton County, ND	1997	NA	13912	13447	465	3.3
CN3806100000000	38	061	Mountrail County, ND	1997	NA	3029	2893	136	4.5
CN3806300000000	38	063	Nelson County, ND	1997	NA	1702	1631	71	4.2
CN3806500000000	38	065	Oliver County, ND	1997	NA	1168	1114	54	4.6
CN3806700000000	38	067	Pembina County, ND	1997	NA	5109	4832	277	5.4
CN3806900000000	38	069	Pierce County, ND	1997	NA	2474	2414	60	2.4
CN3807100000000	38	071	Ramsey County, ND	1997	NA	6759	6583	176	2.6
CN3807300000000	38	073	Ransom County, ND	1997	NA	2862	2811	51	1.8
CN3807500000000	38	075	Renville County, ND	1997	NA	1424	1401	23	1.6
CN3807700000000	38	077	Richland County, ND	1997	NA	9826	9605	221	2.2
CN3807900000000	38	079	Rolette County, ND	1997	NA	5660	5056	604	10.7
CN3808100000000	38	081	Sargent County, ND	1997	NA	2394	2355	39	1.6
CN3808300000000	38	083	Sheridan County, ND	1997	NA	699	683	16	2.3
CN3808500000000	38	085	Sioux County, ND	1997	NA	1629	1525	104	6.4
CN3808700000000	38	087	Slope County, ND	1997	NA	396	390	6	1.5
CN3808900000000	38	089	Stark County, ND	1997	NA	13087	12757	330	2.5
CN3809100000000	38	091	Steele County, ND	1997	NA	1128	1109	19	1.7
CN3809300000000	38	093	Stutsman County, ND	1997	NA	12047	11795	252	2.1
CN3809500000000	38	095	Towner County, ND	1997	NA	1533	1498	35	2.3
CN3809700000000	38	097	Traill County, ND	1997	NA	4015	3888	127	3.2
CN3809900000000	38	099	Walsh County, ND	1997	NA	6410	6155	255	4
CN3810100000000	38	101	Ward County, ND	1997	NA	30110	29366	744	2.5
CN3810300000000	38	103	Wells County, ND	1997	NA	2544	2452	92	3.6
CN3810500000000	38	105	Williams County, ND	1997	NA	10403	10134	269	2.6
CN3900100000000	39	001	Adams County, OH	1997	NA	11193	9860	1333	11.9
CN3900300000000	39	003	Allen County, OH	1997	NA	50724	47686	3038	6
CN3900500000000	39	005	Ashland County, OH	1997	NA	25622	24257	1365	5.3
CN3900700000000	39	007	Ashtabula County, OH	1997	NA	46689	43623	3066	6.6
CN3900900000000	39	009	Athens County, OH	1997	NA	26466	25015	1451	5.5
CN3901100000000	39	011	Auglaize County, OH	1997	NA	23997	22896	1101	4.6
CN3901300000000	39	013	Belmont County, OH	1997	NA	31893	29383	2510	7.9
CN3901500000000	39	015	Brown County, OH	1997	NA	19209	18067	1142	5.9
CN3901700000000	39	017	Butler County, OH	1997	NA	174718	168236	6482	3.7
CN3901900000000	39	019	Carroll County, OH	1997	NA	13371	12652	719	5.4
CN3902100000000	39	021	Champaign County, OH	1997	NA	18949	17983	966	5.1
CN3902300000000	39	023	Clark County, OH	1997	NA	70115	66614	3501	5
CN3902500000000	39	025	Clermont County, OH	1997	NA	91978	87946	4032	4.4
CN3902700000000	39	027	Clinton County, OH	1997	NA	24095	23213	882	3.7
CN3902900000000	39	029	Columbiana County, OH	1997	NA	52573	49304	3269	6.2
CN3903100000000	39	031	Coshocton County, OH	1997	NA	17603	16437	1166	6.6
CN3903300000000	39	033	Crawford County, OH	1997	NA	22211	20803	1408	6.3
CN3903500000000	39	035	Cuyahoga County, OH	1997	NA	686534	661400	25134	3.7
CN3903700000000	39	037	Darke County, OH	1997	NA	29745	28016	1729	5.8
CN3903900000000	39	039	Defiance County, OH	1997	NA	21581	20560	1021	4.7
CN3904100000000	39	041	Delaware County, OH	1997	NA	48749	47313	1436	2.9
CN3904300000000	39	043	Erie County, OH	1997	NA	43091	40724	2367	5.5
CN3904500000000	39	045	Fairfield County, OH	1997	NA	63141	61000	2141	3.4
CN3904700000000	39	047	Fayette County, OH	1997	NA	14645	13871	774	5.3
CN3904900000000	39	049	Franklin County, OH	1997	NA	577505	560779	16726	2.9
CN3905100000000	39	051	Fulton County, OH	1997	NA	22750	21573	1177	5.2
CN3905300000000	39	053	Gallia County, OH	1997	NA	14030	12788	1242	8.9
CN3905500000000	39	055	Geauga County, OH	1997	NA	47056	45903	1153	2.5
CN3905700000000	39	057	Greene County, OH	1997	NA	72554	69811	2743	3.8
CN3905900000000	39	059	Guernsey County, OH	1997	NA	18924	17348	1576	8.3
CN3906100000000	39	061	Hamilton County, OH	1997	NA	435648	418694	16954	3.9
CN3906300000000	39	063	Hancock County, OH	1997	NA	40521	39017	1504	3.7
CN3906500000000	39	065	Hardin County, OH	1997	NA	15176	14348	828	5.5
CN3906700000000	39	067	Harrison County, OH	1997	NA	6788	6240	548	8.1
CN3906900000000	39	069	Henry County, OH	1997	NA	15773	14843	930	5.9
CN3907100000000	39	071	Highland County, OH	1997	NA	19282	18046	1236	6.4
CN3907300000000	39	073	Hocking County, OH	1997	NA	12453	11649	804	6.5
CN3907500000000	39	075	Holmes County, OH	1997	NA	18048	17402	646	3.6
CN3907700000000	39	077	Huron County, OH	1997	NA	30032	27298	2734	9.1
CN3907900000000	39	079	Jackson County, OH	1997	NA	14328	13067	1261	8.8
CN3908100000000	39	081	Jefferson County, OH	1997	NA	31530	27393	4137	13.1
CN3908300000000	39	083	Knox County, OH	1997	NA	26536	25262	1274	4.8
CN3908500000000	39	085	Lake County, OH	1997	NA	124755	121012	3743	3
CN3908700000000	39	087	Lawrence County, OH	1997	NA	26535	24705	1830	6.9
CN3908900000000	39	089	Licking County, OH	1997	NA	70208	67280	2928	4.2
CN3909100000000	39	091	Logan County, OH	1997	NA	26736	25556	1180	4.4
CN3909300000000	39	093	Lorain County, OH	1997	NA	142189	135936	6253	4.4
CN3909500000000	39	095	Lucas County, OH	1997	NA	227611	214971	12640	5.6
CN3909700000000	39	097	Madison County, OH	1997	NA	20280	19656	624	3.1
CN3909900000000	39	099	Mahoning County, OH	1997	NA	119564	111676	7888	6.6
CN3910100000000	39	101	Marion County, OH	1997	NA	32431	30511	1920	5.9
CN3910300000000	39	103	Medina County, OH	1997	NA	76959	74719	2240	2.9
CN3910500000000	39	105	Meigs County, OH	1997	NA	8599	7655	944	11
CN3910700000000	39	107	Mercer County, OH	1997	NA	19880	18758	1122	5.6
CN3910900000000	39	109	Miami County, OH	1997	NA	51115	48762	2353	4.6
CN3911100000000	39	111	Monroe County, OH	1997	NA	6087	5446	641	10.5
CN3911300000000	39	113	Montgomery County, OH	1997	NA	281119	269001	12118	4.3
CN3911500000000	39	115	Morgan County, OH	1997	NA	4946	4293	653	13.2
CN3911700000000	39	117	Morrow County, OH	1997	NA	13441	12559	882	6.6
CN3911900000000	39	119	Muskingum County, OH	1997	NA	41991	38697	3294	7.8
CN3912100000000	39	121	Noble County, OH	1997	NA	5355	4964	391	7.3
CN3912300000000	39	123	Ottawa County, OH	1997	NA	20911	19348	1563	7.5
CN3912500000000	39	125	Paulding County, OH	1997	NA	10072	9612	460	4.6
CN3912700000000	39	127	Perry County, OH	1997	NA	14423	13243	1180	8.2
CN3912900000000	39	129	Pickaway County, OH	1997	NA	24216	23269	947	3.9
CN3913100000000	39	131	Pike County, OH	1997	NA	11516	10392	1124	9.8
CN3913300000000	39	133	Portage County, OH	1997	NA	82147	78577	3570	4.3
CN3913500000000	39	135	Preble County, OH	1997	NA	21020	20109	911	4.3
CN3913700000000	39	137	Putnam County, OH	1997	NA	20289	19349	940	4.6
CN3913900000000	39	139	Richland County, OH	1997	NA	61617	57756	3861	6.3
CN3914100000000	39	141	Ross County, OH	1997	NA	34429	32276	2153	6.3
CN3914300000000	39	143	Sandusky County, OH	1997	NA	32015	29617	2398	7.5
CN3914500000000	39	145	Scioto County, OH	1997	NA	33620	30086	3534	10.5
CN3914700000000	39	147	Seneca County, OH	1997	NA	28881	26920	1961	6.8
CN3914900000000	39	149	Shelby County, OH	1997	NA	28359	27042	1317	4.6
CN3915100000000	39	151	Stark County, OH	1997	NA	188248	178528	9720	5.2
CN3915300000000	39	153	Summit County, OH	1997	NA	279606	266320	13286	4.8
CN3915500000000	39	155	Trumbull County, OH	1997	NA	112422	105809	6613	5.9
CN3915700000000	39	157	Tuscarawas County, OH	1997	NA	44237	41773	2464	5.6
CN3915900000000	39	159	Union County, OH	1997	NA	17507	16823	684	3.9
CN3916100000000	39	161	Van Wert County, OH	1997	NA	16293	15688	605	3.7
CN3916300000000	39	163	Vinton County, OH	1997	NA	3824	3355	469	12.3
CN3916500000000	39	165	Warren County, OH	1997	NA	73245	70835	2410	3.3
CN3916700000000	39	167	Washington County, OH	1997	NA	32663	30585	2078	6.4
CN3916900000000	39	169	Wayne County, OH	1997	NA	57271	54679	2592	4.5
CN3917100000000	39	171	Williams County, OH	1997	NA	21082	20095	987	4.7
CN3917300000000	39	173	Wood County, OH	1997	NA	65384	62961	2423	3.7
CN3917500000000	39	175	Wyandot County, OH	1997	NA	12254	11526	728	5.9
CN4000100000000	40	001	Adair County, OK	1997	NA	8994	8466	528	5.9
CN4000300000000	40	003	Alfalfa County, OK	1997	NA	2406	2374	32	1.3
CN4000500000000	40	005	Atoka County, OK	1997	NA	4787	4593	194	4.1
CN4000700000000	40	007	Beaver County, OK	1997	NA	2851	2780	71	2.5
CN4000900000000	40	009	Beckham County, OK	1997	NA	9477	9151	326	3.4
CN4001100000000	40	011	Blaine County, OK	1997	NA	4873	4725	148	3
CN4001300000000	40	013	Bryan County, OK	1997	NA	14865	14350	515	3.5
CN4001500000000	40	015	Caddo County, OK	1997	NA	12244	11614	630	5.1
CN4001700000000	40	017	Canadian County, OK	1997	NA	44450	43425	1025	2.3
CN4001900000000	40	019	Carter County, OK	1997	NA	20961	19791	1170	5.6
CN4002100000000	40	021	Cherokee County, OK	1997	NA	17444	16626	818	4.7
CN4002300000000	40	023	Choctaw County, OK	1997	NA	5645	4936	709	12.6
CN4002500000000	40	025	Cimarron County, OK	1997	NA	1636	1603	33	2
CN4002700000000	40	027	Cleveland County, OK	1997	NA	107255	104452	2803	2.6
CN4002900000000	40	029	Coal County, OK	1997	NA	2657	2425	232	8.7
CN4003100000000	40	031	Comanche County, OK	1997	NA	40940	38864	2076	5.1
CN4003300000000	40	033	Cotton County, OK	1997	NA	2352	2217	135	5.7
CN4003500000000	40	035	Craig County, OK	1997	NA	6900	6707	193	2.8
CN4003700000000	40	037	Creek County, OK	1997	NA	32301	30993	1308	4
CN4003900000000	40	039	Custer County, OK	1997	NA	12573	12087	486	3.9
CN4004100000000	40	041	Delaware County, OK	1997	NA	16404	15721	683	4.2
CN4004300000000	40	043	Dewey County, OK	1997	NA	2075	2005	70	3.4
CN4004500000000	40	045	Ellis County, OK	1997	NA	1631	1569	62	3.8
CN4004700000000	40	047	Garfield County, OK	1997	NA	28275	27366	909	3.2
CN4004900000000	40	049	Garvin County, OK	1997	NA	11414	10822	592	5.2
CN4005100000000	40	051	Grady County, OK	1997	NA	20419	19542	877	4.3
CN4005300000000	40	053	Grant County, OK	1997	NA	2436	2369	67	2.8
CN4005500000000	40	055	Greer County, OK	1997	NA	2570	2497	73	2.8
CN4005700000000	40	057	Harmon County, OK	1997	NA	1337	1269	68	5.1
CN4005900000000	40	059	Harper County, OK	1997	NA	1681	1628	53	3.2
CN4006100000000	40	061	Haskell County, OK	1997	NA	4715	4234	481	10.2
CN4006300000000	40	063	Hughes County, OK	1997	NA	5111	4746	365	7.1
CN4006500000000	40	065	Jackson County, OK	1997	NA	12375	11831	544	4.4
CN4006700000000	40	067	Jefferson County, OK	1997	NA	3454	3327	127	3.7
CN4006900000000	40	069	Johnston County, OK	1997	NA	4515	4189	326	7.2
CN4007100000000	40	071	Kay County, OK	1997	NA	22376	20827	1549	6.9
CN4007300000000	40	073	Kingfisher County, OK	1997	NA	6985	6786	199	2.8
CN4007500000000	40	075	Kiowa County, OK	1997	NA	4577	4357	220	4.8
CN4007700000000	40	077	Latimer County, OK	1997	NA	4848	4380	468	9.7
CN4007900000000	40	079	Le Flore County, OK	1997	NA	19319	18007	1312	6.8
CN4008100000000	40	081	Lincoln County, OK	1997	NA	14533	13813	720	5
CN4008300000000	40	083	Logan County, OK	1997	NA	14333	13885	448	3.1
CN4008500000000	40	085	Love County, OK	1997	NA	3922	3761	161	4.1
CN4008700000000	40	087	McClain County, OK	1997	NA	12624	12257	367	2.9
CN4008900000000	40	089	McCurtain County, OK	1997	NA	14746	13397	1349	9.1
CN4009100000000	40	091	McIntosh County, OK	1997	NA	7420	6897	523	7
CN4009300000000	40	093	Major County, OK	1997	NA	4034	3906	128	3.2
CN4009500000000	40	095	Marshall County, OK	1997	NA	5046	4801	245	4.9
CN4009700000000	40	097	Mayes County, OK	1997	NA	14520	13839	681	4.7
CN4009900000000	40	099	Murray County, OK	1997	NA	5748	5346	402	7
CN4010100000000	40	101	Muskogee County, OK	1997	NA	30299	28477	1822	6
CN4010300000000	40	103	Noble County, OK	1997	NA	5835	5635	200	3.4
CN4010500000000	40	105	Nowata County, OK	1997	NA	4066	3861	205	5
CN4010700000000	40	107	Okfuskee County, OK	1997	NA	4548	4309	239	5.3
CN4010900000000	40	109	Oklahoma County, OK	1997	NA	323339	312008	11331	3.5
CN4011100000000	40	111	Okmulgee County, OK	1997	NA	15026	13768	1258	8.4
CN4011300000000	40	113	Osage County, OK	1997	NA	19840	19024	816	4.1
CN4011500000000	40	115	Ottawa County, OK	1997	NA	13438	12479	959	7.1
CN4011700000000	40	117	Pawnee County, OK	1997	NA	6334	5929	405	6.4
CN4011900000000	40	119	Payne County, OK	1997	NA	35030	34375	655	1.9
CN4012100000000	40	121	Pittsburg County, OK	1997	NA	17893	16556	1337	7.5
CN4012300000000	40	123	Pontotoc County, OK	1997	NA	16657	15862	795	4.8
CN4012500000000	40	125	Pottawatomie County, OK	1997	NA	28052	26730	1322	4.7
CN4012700000000	40	127	Pushmataha County, OK	1997	NA	4992	4690	302	6
CN4012900000000	40	129	Roger Mills County, OK	1997	NA	1991	1932	59	3
CN4013100000000	40	131	Rogers County, OK	1997	NA	33764	32653	1111	3.3
CN4013300000000	40	133	Seminole County, OK	1997	NA	10310	9490	820	8
CN4013500000000	40	135	Sequoyah County, OK	1997	NA	17201	15822	1379	8
CN4013700000000	40	137	Stephens County, OK	1997	NA	17896	17163	733	4.1
CN4013900000000	40	139	Texas County, OK	1997	NA	13479	13170	309	2.3
CN4014100000000	40	141	Tillman County, OK	1997	NA	3833	3630	203	5.3
CN4014300000000	40	143	Tulsa County, OK	1997	NA	289746	280008	9738	3.4
CN4014500000000	40	145	Wagoner County, OK	1997	NA	27602	26775	827	3
CN4014700000000	40	147	Washington County, OK	1997	NA	21092	20291	801	3.8
CN4014900000000	40	149	Washita County, OK	1997	NA	5057	4896	161	3.2
CN4015100000000	40	151	Woods County, OK	1997	NA	4388	4275	113	2.6
CN4015300000000	40	153	Woodward County, OK	1997	NA	9200	8819	381	4.1
CN4100100000000	41	001	Baker County, OR	1997	NA	7619	6866	753	9.9
CN4100300000000	41	003	Benton County, OR	1997	NA	42865	41835	1030	2.4
CN4100500000000	41	005	Clackamas County, OR	1997	NA	193309	185881	7428	3.8
CN4100700000000	41	007	Clatsop County, OR	1997	NA	17854	16693	1161	6.5
CN4100900000000	41	009	Columbia County, OR	1997	NA	22442	21104	1338	6
CN4101100000000	41	011	Coos County, OR	1997	NA	27927	25298	2629	9.4
CN4101300000000	41	013	Crook County, OR	1997	NA	7699	6941	758	9.8
CN4101500000000	41	015	Curry County, OR	1997	NA	8491	7718	773	9.1
CN4101700000000	41	017	Deschutes County, OR	1997	NA	55406	51121	4285	7.7
CN4101900000000	41	019	Douglas County, OR	1997	NA	45691	41798	3893	8.5
CN4102100000000	41	021	Gilliam County, OR	1997	NA	1265	1197	68	5.4
CN4102300000000	41	023	Grant County, OR	1997	NA	4270	3709	561	13.1
CN4102500000000	41	025	Harney County, OR	1997	NA	3806	3441	365	9.6
CN4102700000000	41	027	Hood River County, OR	1997	NA	11147	9984	1163	10.4
CN4102900000000	41	029	Jackson County, OR	1997	NA	87772	81300	6472	7.4
CN4103100000000	41	031	Jefferson County, OR	1997	NA	8285	7745	540	6.5
CN4103300000000	41	033	Josephine County, OR	1997	NA	29060	26397	2663	9.2
CN4103500000000	41	035	Klamath County, OR	1997	NA	29518	26702	2816	9.5
CN4103700000000	41	037	Lake County, OR	1997	NA	3803	3367	436	11.5
CN4103900000000	41	039	Lane County, OR	1997	NA	159556	150713	8843	5.5
CN4104100000000	41	041	Lincoln County, OR	1997	NA	21783	19962	1821	8.4
CN4104300000000	41	043	Linn County, OR	1997	NA	52714	48952	3762	7.1
CN4104500000000	41	045	Malheur County, OR	1997	NA	14611	13376	1235	8.5
CN4104700000000	41	047	Marion County, OR	1997	NA	136649	128693	7956	5.8
CN4104900000000	41	049	Morrow County, OR	1997	NA	4278	3906	372	8.7
CN4105100000000	41	051	Multnomah County, OR	1997	NA	367941	350218	17723	4.8
CN4105300000000	41	053	Polk County, OR	1997	NA	29652	28212	1440	4.9
CN4105500000000	41	055	Sherman County, OR	1997	NA	1067	1007	60	5.6
CN4105700000000	41	057	Tillamook County, OR	1997	NA	11264	10548	716	6.4
CN4105900000000	41	059	Umatilla County, OR	1997	NA	33906	31260	2646	7.8
CN4106100000000	41	061	Union County, OR	1997	NA	12602	11635	967	7.7
CN4106300000000	41	063	Wallowa County, OR	1997	NA	3631	3253	378	10.4
CN4106500000000	41	065	Wasco County, OR	1997	NA	11595	10595	1000	8.6
CN4106700000000	41	067	Washington County, OR	1997	NA	238867	229953	8914	3.7
CN4106900000000	41	069	Wheeler County, OR	1997	NA	647	573	74	11.4
CN4107100000000	41	071	Yamhill County, OR	1997	NA	41292	39289	2003	4.9
CN4200100000000	42	001	Adams County, PA	1997	NA	43361	41311	2050	4.7
CN4200300000000	42	003	Allegheny County, PA	1997	NA	660612	632046	28566	4.3
CN4200500000000	42	005	Armstrong County, PA	1997	NA	32100	29668	2432	7.6
CN4200700000000	42	007	Beaver County, PA	1997	NA	86864	82520	4344	5
CN4200900000000	42	009	Bedford County, PA	1997	NA	25136	23305	1831	7.3
CN4201100000000	42	011	Berks County, PA	1997	NA	187024	179127	7897	4.2
CN4201300000000	42	013	Blair County, PA	1997	NA	63894	60362	3532	5.5
CN4201500000000	42	015	Bradford County, PA	1997	NA	28933	27337	1596	5.5
CN4201700000000	42	017	Bucks County, PA	1997	NA	324035	310729	13306	4.1
CN4201900000000	42	019	Butler County, PA	1997	NA	87482	83306	4176	4.8
CN4202100000000	42	021	Cambria County, PA	1997	NA	69145	63686	5459	7.9
CN4202300000000	42	023	Cameron County, PA	1997	NA	2679	2503	176	6.6
CN4202500000000	42	025	Carbon County, PA	1997	NA	27353	25383	1970	7.2
CN4202700000000	42	027	Centre County, PA	1997	NA	66821	64827	1994	3
CN4202900000000	42	029	Chester County, PA	1997	NA	230069	222910	7159	3.1
CN4203100000000	42	031	Clarion County, PA	1997	NA	19128	17890	1238	6.5
CN4203300000000	42	033	Clearfield County, PA	1997	NA	38935	35795	3140	8.1
CN4203500000000	42	035	Clinton County, PA	1997	NA	17496	16177	1319	7.5
CN4203700000000	42	037	Columbia County, PA	1997	NA	33955	31531	2424	7.1
CN4203900000000	42	039	Crawford County, PA	1997	NA	42224	39869	2355	5.6
CN4204100000000	42	041	Cumberland County, PA	1997	NA	122439	118987	3452	2.8
CN4204300000000	42	043	Dauphin County, PA	1997	NA	141473	136599	4874	3.4
CN4204500000000	42	045	Delaware County, PA	1997	NA	281243	268591	12652	4.5
CN4204700000000	42	047	Elk County, PA	1997	NA	18494	17391	1103	6
CN4204900000000	42	049	Erie County, PA	1997	NA	142422	134188	8234	5.8
CN4205100000000	42	051	Fayette County, PA	1997	NA	58377	53576	4801	8.2
CN4205300000000	42	053	Forest County, PA	1997	NA	1810	1631	179	9.9
CN4205500000000	42	055	Franklin County, PA	1997	NA	66796	63601	3195	4.8
CN4205700000000	42	057	Fulton County, PA	1997	NA	6980	6436	544	7.8
CN4205900000000	42	059	Greene County, PA	1997	NA	16750	15266	1484	8.9
CN4206100000000	42	061	Huntingdon County, PA	1997	NA	19540	17538	2002	10.2
CN4206300000000	42	063	Indiana County, PA	1997	NA	38193	35153	3040	8
CN4206500000000	42	065	Jefferson County, PA	1997	NA	22349	20755	1594	7.1
CN4206700000000	42	067	Juniata County, PA	1997	NA	10341	9537	804	7.8
CN4206900000000	42	069	Lackawanna County, PA	1997	NA	108357	100768	7589	7
CN4207100000000	42	071	Lancaster County, PA	1997	NA	245386	238151	7235	2.9
CN4207300000000	42	073	Lawrence County, PA	1997	NA	40916	38348	2568	6.3
CN4207500000000	42	075	Lebanon County, PA	1997	NA	66413	64236	2177	3.3
CN4207700000000	42	077	Lehigh County, PA	1997	NA	156615	149449	7166	4.6
CN4207900000000	42	079	Luzerne County, PA	1997	NA	160290	148823	11467	7.2
CN4208100000000	42	081	Lycoming County, PA	1997	NA	58770	55002	3768	6.4
CN4208300000000	42	083	McKean County, PA	1997	NA	21997	20571	1426	6.5
CN4208500000000	42	085	Mercer County, PA	1997	NA	57498	54496	3002	5.2
CN4208700000000	42	087	Mifflin County, PA	1997	NA	22464	20882	1582	7
CN4208900000000	42	089	Monroe County, PA	1997	NA	51998	47953	4045	7.8
CN4209100000000	42	091	Montgomery County, PA	1997	NA	397864	383469	14395	3.6
CN4209300000000	42	093	Montour County, PA	1997	NA	8670	8293	377	4.3
CN4209500000000	42	095	Northampton County, PA	1997	NA	130779	124300	6479	5
CN4209700000000	42	097	Northumberland County, PA	1997	NA	43846	40780	3066	7
CN4209900000000	42	099	Perry County, PA	1997	NA	24606	23669	937	3.8
CN4210100000000	42	101	Philadelphia County/city, PA	1997	NA	650851	606355	44496	6.8
CN4210300000000	42	103	Pike County, PA	1997	NA	18055	17131	924	5.1
CN4210500000000	42	105	Potter County, PA	1997	NA	8873	8226	647	7.3
CN4210700000000	42	107	Schuylkill County, PA	1997	NA	68887	63672	5215	7.6
CN4210900000000	42	109	Snyder County, PA	1997	NA	18687	17780	907	4.9
CN4211100000000	42	111	Somerset County, PA	1997	NA	38348	35539	2809	7.3
CN4211300000000	42	113	Sullivan County, PA	1997	NA	2711	2525	186	6.9
CN4211500000000	42	115	Susquehanna County, PA	1997	NA	19114	17753	1361	7.1
CN4211700000000	42	117	Tioga County, PA	1997	NA	20216	18886	1330	6.6
CN4211900000000	42	119	Union County, PA	1997	NA	18806	17979	827	4.4
CN4212100000000	42	121	Venango County, PA	1997	NA	26667	24901	1766	6.6
CN4212300000000	42	123	Warren County, PA	1997	NA	21450	20333	1117	5.2
CN4212500000000	42	125	Washington County, PA	1997	NA	96836	91688	5148	5.3
CN4212700000000	42	127	Wayne County, PA	1997	NA	18953	17410	1543	8.1
CN4212900000000	42	129	Westmoreland County, PA	1997	NA	184650	174452	10198	5.5
CN4213100000000	42	131	Wyoming County, PA	1997	NA	15588	14306	1282	8.2
CN4213300000000	42	133	York County, PA	1997	NA	196386	188414	7972	4.1
CN4400100000000	44	001	Bristol County, RI	1997	NA	26624	25509	1115	4.2
CN4400300000000	44	003	Kent County, RI	1997	NA	90851	86265	4586	5
CN4400500000000	44	005	Newport County, RI	1997	NA	42310	40196	2114	5
CN4400700000000	44	007	Providence County, RI	1997	NA	301806	284915	16891	5.6
CN4400900000000	44	009	Washington County, RI	1997	NA	66285	63819	2466	3.7
CN4500100000000	45	001	Abbeville County, SC	1997	NA	12888	12040	848	6.6
CN4500300000000	45	003	Aiken County, SC	1997	NA	63262	59440	3822	6
CN4500500000000	45	005	Allendale County, SC	1997	NA	4917	4584	333	6.8
CN4500700000000	45	007	Anderson County, SC	1997	NA	83459	80310	3149	3.8
CN4500900000000	45	009	Bamberg County, SC	1997	NA	7590	6959	631	8.3
CN4501100000000	45	011	Barnwell County, SC	1997	NA	11157	10270	887	8
CN4501300000000	45	013	Beaufort County, SC	1997	NA	47863	46686	1177	2.5
CN4501500000000	45	015	Berkeley County, SC	1997	NA	59526	57043	2483	4.2
CN4501700000000	45	017	Calhoun County, SC	1997	NA	6774	6363	411	6.1
CN4501900000000	45	019	Charleston County, SC	1997	NA	153837	147515	6322	4.1
CN4502100000000	45	021	Cherokee County, SC	1997	NA	25068	24077	991	4
CN4502300000000	45	023	Chester County, SC	1997	NA	15533	14097	1436	9.2
CN4502500000000	45	025	Chesterfield County, SC	1997	NA	20454	18941	1513	7.4
CN4502700000000	45	027	Clarendon County, SC	1997	NA	12405	11349	1056	8.5
CN4502900000000	45	029	Colleton County, SC	1997	NA	15665	14883	782	5
CN4503100000000	45	031	Darlington County, SC	1997	NA	31323	29036	2287	7.3
CN4503300000000	45	033	Dillon County, SC	1997	NA	14413	13220	1193	8.3
CN4503500000000	45	035	Dorchester County, SC	1997	NA	41140	39505	1635	4
CN4503700000000	45	037	Edgefield County, SC	1997	NA	9157	8734	423	4.6
CN4503900000000	45	039	Fairfield County, SC	1997	NA	10846	10007	839	7.7
CN4504100000000	45	041	Florence County, SC	1997	NA	63642	60046	3596	5.7
CN4504300000000	45	043	Georgetown County, SC	1997	NA	25571	23084	2487	9.7
CN4504500000000	45	045	Greenville County, SC	1997	NA	189087	184565	4522	2.4
CN4504700000000	45	047	Greenwood County, SC	1997	NA	34081	32368	1713	5
CN4504900000000	45	049	Hampton County, SC	1997	NA	8467	7975	492	5.8
CN4505100000000	45	051	Horry County, SC	1997	NA	98126	93553	4573	4.7
CN4505300000000	45	053	Jasper County, SC	1997	NA	7840	7541	299	3.8
CN4505500000000	45	055	Kershaw County, SC	1997	NA	23697	22420	1277	5.4
CN4505700000000	45	057	Lancaster County, SC	1997	NA	29035	27487	1548	5.3
CN4505900000000	45	059	Laurens County, SC	1997	NA	29903	28728	1175	3.9
CN4506100000000	45	061	Lee County, SC	1997	NA	8099	7309	790	9.8
CN4506300000000	45	063	Lexington County, SC	1997	NA	114151	111559	2592	2.3
CN4506500000000	45	065	McCormick County, SC	1997	NA	4167	3814	353	8.5
CN4506700000000	45	067	Marion County, SC	1997	NA	16148	14592	1556	9.6
CN4506900000000	45	069	Marlboro County, SC	1997	NA	11932	10445	1487	12.5
CN4507100000000	45	071	Newberry County, SC	1997	NA	18671	17816	855	4.6
CN4507300000000	45	073	Oconee County, SC	1997	NA	28726	27464	1262	4.4
CN4507500000000	45	075	Orangeburg County, SC	1997	NA	41622	38265	3357	8.1
CN4507700000000	45	077	Pickens County, SC	1997	NA	54949	53206	1743	3.2
CN4507900000000	45	079	Richland County, SC	1997	NA	156132	151380	4752	3
CN4508100000000	45	081	Saluda County, SC	1997	NA	9012	8646	366	4.1
CN4508300000000	45	083	Spartanburg County, SC	1997	NA	130704	125680	5024	3.8
CN4508500000000	45	085	Sumter County, SC	1997	NA	46110	43561	2549	5.5
CN4508700000000	45	087	Union County, SC	1997	NA	15181	14190	991	6.5
CN4508900000000	45	089	Williamsburg County, SC	1997	NA	14974	12582	2392	16
CN4509100000000	45	091	York County, SC	1997	NA	84332	80813	3519	4.2
CN4600300000000	46	003	Aurora County, SD	1997	NA	1300	1269	31	2.4
CN4600500000000	46	005	Beadle County, SD	1997	NA	9542	9097	445	4.7
CN4600700000000	46	007	Bennett County, SD	1997	NA	1056	1009	47	4.5
CN4600900000000	46	009	Bon Homme County, SD	1997	NA	3127	3060	67	2.1
CN4601100000000	46	011	Brookings County, SD	1997	NA	15847	15596	251	1.6
CN4601300000000	46	013	Brown County, SD	1997	NA	20953	20503	450	2.1
CN4601500000000	46	015	Brule County, SD	1997	NA	2854	2734	120	4.2
CN4601700000000	46	017	Buffalo County, SD	1997	NA	685	600	85	12.4
CN4601900000000	46	019	Butte County, SD	1997	NA	3782	3591	191	5.1
CN4602100000000	46	021	Campbell County, SD	1997	NA	898	867	31	3.5
CN4602300000000	46	023	Charles Mix County, SD	1997	NA	4534	4383	151	3.3
CN4602500000000	46	025	Clark County, SD	1997	NA	1941	1866	75	3.9
CN4602700000000	46	027	Clay County, SD	1997	NA	6890	6812	78	1.1
CN4602900000000	46	029	Codington County, SD	1997	NA	14736	14266	470	3.2
CN4603100000000	46	031	Corson County, SD	1997	NA	1417	1312	105	7.4
CN4603300000000	46	033	Custer County, SD	1997	NA	3317	3156	161	4.9
CN4603500000000	46	035	Davison County, SD	1997	NA	10282	10020	262	2.5
CN4603700000000	46	037	Day County, SD	1997	NA	3081	2936	145	4.7
CN4603900000000	46	039	Deuel County, SD	1997	NA	2356	2282	74	3.1
CN4604100000000	46	041	Dewey County, SD	1997	NA	2263	2004	259	11.4
CN4604300000000	46	043	Douglas County, SD	1997	NA	1603	1566	37	2.3
CN4604500000000	46	045	Edmunds County, SD	1997	NA	2214	2175	39	1.8
CN4604700000000	46	047	Fall River County, SD	1997	NA	3512	3383	129	3.7
CN4604900000000	46	049	Faulk County, SD	1997	NA	1161	1137	24	2.1
CN4605100000000	46	051	Grant County, SD	1997	NA	4377	4215	162	3.7
CN4605300000000	46	053	Gregory County, SD	1997	NA	2547	2475	72	2.8
CN4605500000000	46	055	Haakon County, SD	1997	NA	1153	1111	42	3.6
CN4605700000000	46	057	Hamlin County, SD	1997	NA	2577	2487	90	3.5
CN4605900000000	46	059	Hand County, SD	1997	NA	2047	1989	58	2.8
CN4606100000000	46	061	Hanson County, SD	1997	NA	1629	1588	41	2.5
CN4606300000000	46	063	Harding County, SD	1997	NA	787	765	22	2.8
CN4606500000000	46	065	Hughes County, SD	1997	NA	9614	9374	240	2.5
CN4606700000000	46	067	Hutchinson County, SD	1997	NA	3813	3718	95	2.5
CN4606900000000	46	069	Hyde County, SD	1997	NA	872	843	29	3.3
CN4607100000000	46	071	Jackson County, SD	1997	NA	1107	1048	59	5.3
CN4607300000000	46	073	Jerauld County, SD	1997	NA	1144	1102	42	3.7
CN4607500000000	46	075	Jones County, SD	1997	NA	791	762	29	3.7
CN4607700000000	46	077	Kingsbury County, SD	1997	NA	2635	2541	94	3.6
CN4607900000000	46	079	Lake County, SD	1997	NA	6068	5931	137	2.3
CN4608100000000	46	081	Lawrence County, SD	1997	NA	11852	11447	405	3.4
CN4608300000000	46	083	Lincoln County, SD	1997	NA	11272	11105	167	1.5
CN4608500000000	46	085	Lyman County, SD	1997	NA	2415	2293	122	5.1
CN4608700000000	46	087	McCook County, SD	1997	NA	2475	2403	72	2.9
CN4608900000000	46	089	McPherson County, SD	1997	NA	1278	1247	31	2.4
CN4609100000000	46	091	Marshall County, SD	1997	NA	2249	2181	68	3
CN4609300000000	46	093	Meade County, SD	1997	NA	12235	11861	374	3.1
CN4609500000000	46	095	Mellette County, SD	1997	NA	727	671	56	7.7
CN4609700000000	46	097	Miner County, SD	1997	NA	1265	1222	43	3.4
CN4609900000000	46	099	Minnehaha County, SD	1997	NA	86381	84720	1661	1.9
CN4610100000000	46	101	Moody County, SD	1997	NA	3518	3346	172	4.9
CN4610200000000	46	102	Oglala Lakota County, SD	1997	NA	3259	2880	379	11.6
CN4610300000000	46	103	Pennington County, SD	1997	NA	46060	44701	1359	3
CN4610500000000	46	105	Perkins County, SD	1997	NA	1935	1882	53	2.7
CN4610700000000	46	107	Potter County, SD	1997	NA	1462	1411	51	3.5
CN4610900000000	46	109	Roberts County, SD	1997	NA	4768	4518	250	5.2
CN4611100000000	46	111	Sanborn County, SD	1997	NA	1458	1405	53	3.6
CN4611500000000	46	115	Spink County, SD	1997	NA	3511	3413	98	2.8
CN4611700000000	46	117	Stanley County, SD	1997	NA	1842	1788	54	2.9
CN4611900000000	46	119	Sully County, SD	1997	NA	892	866	26	2.9
CN4612100000000	46	121	Todd County, SD	1997	NA	2761	2529	232	8.4
CN4612300000000	46	123	Tripp County, SD	1997	NA	3512	3408	104	3
CN4612500000000	46	125	Turner County, SD	1997	NA	4117	4013	104	2.5
CN4612700000000	46	127	Union County, SD	1997	NA	7159	6921	238	3.3
CN4612900000000	46	129	Walworth County, SD	1997	NA	3053	2947	106	3.5
CN4613500000000	46	135	Yankton County, SD	1997	NA	10990	10736	254	2.3
CN4613700000000	46	137	Ziebach County, SD	1997	NA	700	632	68	9.7
CN4700100000000	47	001	Anderson County, TN	1997	NA	36410	34429	1981	5.4
CN4700300000000	47	003	Bedford County, TN	1997	NA	17769	16702	1067	6
CN4700500000000	47	005	Benton County, TN	1997	NA	8017	7355	662	8.3
CN4700700000000	47	007	Bledsoe County, TN	1997	NA	4052	3831	221	5.5
CN4700900000000	47	009	Blount County, TN	1997	NA	50542	48379	2163	4.3
CN4701100000000	47	011	Bradley County, TN	1997	NA	43341	41024	2317	5.3
CN4701300000000	47	013	Campbell County, TN	1997	NA	17239	15950	1289	7.5
CN4701500000000	47	015	Cannon County, TN	1997	NA	4905	4554	351	7.2
CN4701700000000	47	017	Carroll County, TN	1997	NA	13746	12576	1170	8.5
CN4701900000000	47	019	Carter County, TN	1997	NA	26755	24839	1916	7.2
CN4702100000000	47	021	Cheatham County, TN	1997	NA	18629	18128	501	2.7
CN4702300000000	47	023	Chester County, TN	1997	NA	8059	7629	430	5.3
CN4702500000000	47	025	Claiborne County, TN	1997	NA	12703	12013	690	5.4
CN4702700000000	47	027	Clay County, TN	1997	NA	3317	2414	903	27.2
CN4702900000000	47	029	Cocke County, TN	1997	NA	16757	15084	1673	10
CN4703100000000	47	031	Coffee County, TN	1997	NA	23117	21736	1381	6
CN4703300000000	47	033	Crockett County, TN	1997	NA	7269	6720	549	7.6
CN4703500000000	47	035	Cumberland County, TN	1997	NA	20087	18723	1364	6.8
CN4703700000000	47	037	Davidson County, TN	1997	NA	304932	294799	10133	3.3
CN4703900000000	47	039	Decatur County, TN	1997	NA	6065	5548	517	8.5
CN4704100000000	47	041	DeKalb County, TN	1997	NA	8923	8340	583	6.5
CN4704300000000	47	043	Dickson County, TN	1997	NA	20904	19926	978	4.7
CN4704500000000	47	045	Dyer County, TN	1997	NA	19046	17937	1109	5.8
CN4704700000000	47	047	Fayette County, TN	1997	NA	13760	12979	781	5.7
CN4704900000000	47	049	Fentress County, TN	1997	NA	7214	6512	702	9.7
CN4705100000000	47	051	Franklin County, TN	1997	NA	18561	17582	979	5.3
CN4705300000000	47	053	Gibson County, TN	1997	NA	22406	20727	1679	7.5
CN4705500000000	47	055	Giles County, TN	1997	NA	15674	14761	913	5.8
CN4705700000000	47	057	Grainger County, TN	1997	NA	10030	9385	645	6.4
CN4705900000000	47	059	Greene County, TN	1997	NA	35352	32113	3239	9.2
CN4706100000000	47	061	Grundy County, TN	1997	NA	5921	5406	515	8.7
CN4706300000000	47	063	Hamblen County, TN	1997	NA	30218	28496	1722	5.7
CN4706500000000	47	065	Hamilton County, TN	1997	NA	149704	142458	7246	4.8
CN4706700000000	47	067	Hancock County, TN	1997	NA	2673	2504	169	6.3
CN4706900000000	47	069	Hardeman County, TN	1997	NA	9404	8342	1062	11.3
CN4707100000000	47	071	Hardin County, TN	1997	NA	12797	11641	1156	9
CN4707300000000	47	073	Hawkins County, TN	1997	NA	23978	22648	1330	5.5
CN4707500000000	47	075	Haywood County, TN	1997	NA	8675	7605	1070	12.3
CN4707700000000	47	077	Henderson County, TN	1997	NA	14209	12979	1230	8.7
CN4707900000000	47	079	Henry County, TN	1997	NA	14880	13804	1076	7.2
CN4708100000000	47	081	Hickman County, TN	1997	NA	8520	8032	488	5.7
CN4708300000000	47	083	Houston County, TN	1997	NA	3056	2553	503	16.5
CN4708500000000	47	085	Humphreys County, TN	1997	NA	8072	7211	861	10.7
CN4708700000000	47	087	Jackson County, TN	1997	NA	4588	4221	367	8
CN4708900000000	47	089	Jefferson County, TN	1997	NA	23115	21603	1512	6.5
CN4709100000000	47	091	Johnson County, TN	1997	NA	7411	6711	700	9.4
CN4709300000000	47	093	Knox County, TN	1997	NA	197457	190486	6971	3.5
CN4709500000000	47	095	Lake County, TN	1997	NA	2707	2472	235	8.7
CN4709700000000	47	097	Lauderdale County, TN	1997	NA	10058	9187	871	8.7
CN4709900000000	47	099	Lawrence County, TN	1997	NA	21917	19461	2456	11.2
CN4710100000000	47	101	Lewis County, TN	1997	NA	4692	3894	798	17
CN4710300000000	47	103	Lincoln County, TN	1997	NA	14738	13455	1283	8.7
CN4710500000000	47	105	Loudon County, TN	1997	NA	20167	19284	883	4.4
CN4710700000000	47	107	McMinn County, TN	1997	NA	22604	20840	1764	7.8
CN4710900000000	47	109	McNairy County, TN	1997	NA	11953	11008	945	7.9
CN4711100000000	47	111	Macon County, TN	1997	NA	8585	7706	879	10.2
CN4711300000000	47	113	Madison County, TN	1997	NA	48757	46599	2158	4.4
CN4711500000000	47	115	Marion County, TN	1997	NA	12533	11674	859	6.9
CN4711700000000	47	117	Marshall County, TN	1997	NA	12726	12124	602	4.7
CN4711900000000	47	119	Maury County, TN	1997	NA	37078	35147	1931	5.2
CN4712100000000	47	121	Meigs County, TN	1997	NA	4693	4233	460	9.8
CN4712300000000	47	123	Monroe County, TN	1997	NA	17811	16212	1599	9
CN4712500000000	47	125	Montgomery County, TN	1997	NA	54265	51842	2423	4.5
CN4712700000000	47	127	Moore County, TN	1997	NA	3022	2913	109	3.6
CN4712900000000	47	129	Morgan County, TN	1997	NA	6740	6198	542	8
CN4713100000000	47	131	Obion County, TN	1997	NA	15087	13931	1156	7.7
CN4713300000000	47	133	Overton County, TN	1997	NA	9994	9031	963	9.6
CN4713500000000	47	135	Perry County, TN	1997	NA	3925	3662	263	6.7
CN4713700000000	47	137	Pickett County, TN	1997	NA	2218	2039	179	8.1
CN4713900000000	47	139	Polk County, TN	1997	NA	7008	6482	526	7.5
CN4714100000000	47	141	Putnam County, TN	1997	NA	31186	29399	1787	5.7
CN4714300000000	47	143	Rhea County, TN	1997	NA	11905	10737	1168	9.8
CN4714500000000	47	145	Roane County, TN	1997	NA	27251	25306	1945	7.1
CN4714700000000	47	147	Robertson County, TN	1997	NA	27590	26315	1275	4.6
CN4714900000000	47	149	Rutherford County, TN	1997	NA	90861	87501	3360	3.7
CN4715100000000	47	151	Scott County, TN	1997	NA	8621	7879	742	8.6
CN4715300000000	47	153	Sequatchie County, TN	1997	NA	4810	4481	329	6.8
CN4715500000000	47	155	Sevier County, TN	1997	NA	34812	31943	2869	8.2
CN4715700000000	47	157	Shelby County, TN	1997	NA	441284	421196	20088	4.6
CN4715900000000	47	159	Smith County, TN	1997	NA	9430	8933	497	5.3
CN4716100000000	47	161	Stewart County, TN	1997	NA	3509	3018	491	14
CN4716300000000	47	163	Sullivan County, TN	1997	NA	76290	73331	2959	3.9
CN4716500000000	47	165	Sumner County, TN	1997	NA	67084	64600	2484	3.7
CN4716700000000	47	167	Tipton County, TN	1997	NA	21743	20609	1134	5.2
CN4716900000000	47	169	Trousdale County, TN	1997	NA	2041	1849	192	9.4
CN4717100000000	47	171	Unicoi County, TN	1997	NA	8183	7629	554	6.8
CN4717300000000	47	173	Union County, TN	1997	NA	7562	7305	257	3.4
CN4717500000000	47	175	Van Buren County, TN	1997	NA	2461	2225	236	9.6
CN4717700000000	47	177	Warren County, TN	1997	NA	19431	17905	1526	7.9
CN4717900000000	47	179	Washington County, TN	1997	NA	52779	50633	2146	4.1
CN4718100000000	47	181	Wayne County, TN	1997	NA	7884	6872	1012	12.8
CN4718300000000	47	183	Weakley County, TN	1997	NA	17745	16698	1047	5.9
CN4718500000000	47	185	White County, TN	1997	NA	11254	10251	1003	8.9
CN4718700000000	47	187	Williamson County, TN	1997	NA	61599	60275	1324	2.1
CN4718900000000	47	189	Wilson County, TN	1997	NA	45251	43527	1724	3.8
CN4800100000000	48	001	Anderson County, TX	1997	NA	20159	19002	1157	5.7
CN4800300000000	48	003	Andrews County, TX	1997	NA	5462	5183	279	5.1
CN4800500000000	48	005	Angelina County, TX	1997	NA	35910	33998	1912	5.3
CN4800700000000	48	007	Aransas County, TX	1997	NA	9421	8812	609	6.5
CN4800900000000	48	009	Archer County, TX	1997	NA	4143	4035	108	2.6
CN4801100000000	48	011	Armstrong County, TX	1997	NA	935	899	36	3.9
CN4801300000000	48	013	Atascosa County, TX	1997	NA	16177	15412	765	4.7
CN4801500000000	48	015	Austin County, TX	1997	NA	11776	11316	460	3.9
CN4801700000000	48	017	Bailey County, TX	1997	NA	3545	3308	237	6.7
CN4801900000000	48	019	Bandera County, TX	1997	NA	6276	6034	242	3.9
CN4802100000000	48	021	Bastrop County, TX	1997	NA	26108	25036	1072	4.1
CN4802300000000	48	023	Baylor County, TX	1997	NA	1789	1687	102	5.7
CN4802500000000	48	025	Bee County, TX	1997	NA	10917	10281	636	5.8
CN4802700000000	48	027	Bell County, TX	1997	NA	92349	87620	4729	5.1
CN4802900000000	48	029	Bexar County, TX	1997	NA	656644	629289	27355	4.2
CN4803100000000	48	031	Blanco County, TX	1997	NA	3614	3523	91	2.5
CN4803300000000	48	033	Borden County, TX	1997	NA	393	386	7	1.8
CN4803500000000	48	035	Bosque County, TX	1997	NA	6469	6167	302	4.7
CN4803700000000	48	037	Bowie County, TX	1997	NA	40169	36830	3339	8.3
CN4803900000000	48	039	Brazoria County, TX	1997	NA	106136	98479	7657	7.2
CN4804100000000	48	041	Brazos County, TX	1997	NA	71058	69561	1497	2.1
CN4804300000000	48	043	Brewster County, TX	1997	NA	4996	4859	137	2.7
CN4804500000000	48	045	Briscoe County, TX	1997	NA	921	894	27	2.9
CN4804700000000	48	047	Brooks County, TX	1997	NA	2884	2522	362	12.6
CN4804900000000	48	049	Brown County, TX	1997	NA	16685	15712	973	5.8
CN4805100000000	48	051	Burleson County, TX	1997	NA	7278	6974	304	4.2
CN4805300000000	48	053	Burnet County, TX	1997	NA	13277	12744	533	4
CN4805500000000	48	055	Caldwell County, TX	1997	NA	15454	14811	643	4.2
CN4805700000000	48	057	Calhoun County, TX	1997	NA	9038	8241	797	8.8
CN4805900000000	48	059	Callahan County, TX	1997	NA	5911	5678	233	3.9
CN4806100000000	48	061	Cameron County, TX	1997	NA	126848	111137	15711	12.4
CN4806300000000	48	063	Camp County, TX	1997	NA	5463	5091	372	6.8
CN4806500000000	48	065	Carson County, TX	1997	NA	3340	3189	151	4.5
CN4806700000000	48	067	Cass County, TX	1997	NA	15385	14216	1169	7.6
CN4806900000000	48	069	Castro County, TX	1997	NA	4187	3984	203	4.8
CN4807100000000	48	071	Chambers County, TX	1997	NA	11472	10870	602	5.2
CN4807300000000	48	073	Cherokee County, TX	1997	NA	20510	19578	932	4.5
CN4807500000000	48	075	Childress County, TX	1997	NA	3120	2980	140	4.5
CN4807700000000	48	077	Clay County, TX	1997	NA	5230	5048	182	3.5
CN4807900000000	48	079	Cochran County, TX	1997	NA	1497	1420	77	5.1
CN4808100000000	48	081	Coke County, TX	1997	NA	1543	1495	48	3.1
CN4808300000000	48	083	Coleman County, TX	1997	NA	4035	3697	338	8.4
CN4808500000000	48	085	Collin County, TX	1997	NA	245428	239803	5625	2.3
CN4808700000000	48	087	Collingsworth County, TX	1997	NA	1686	1620	66	3.9
CN4808900000000	48	089	Colorado County, TX	1997	NA	8184	7861	323	3.9
CN4809100000000	48	091	Comal County, TX	1997	NA	36722	35628	1094	3
CN4809300000000	48	093	Comanche County, TX	1997	NA	6632	6356	276	4.2
CN4809500000000	48	095	Concho County, TX	1997	NA	1534	1493	41	2.7
CN4809700000000	48	097	Cooke County, TX	1997	NA	16492	15884	608	3.7
CN4809900000000	48	099	Coryell County, TX	1997	NA	22120	21056	1064	4.8
CN4810100000000	48	101	Cottle County, TX	1997	NA	843	777	66	7.8
CN4810300000000	48	103	Crane County, TX	1997	NA	2230	2149	81	3.6
CN4810500000000	48	105	Crockett County, TX	1997	NA	2020	1957	63	3.1
CN4810700000000	48	107	Crosby County, TX	1997	NA	3082	2853	229	7.4
CN4810900000000	48	109	Culberson County, TX	1997	NA	1368	1242	126	9.2
CN4811100000000	48	111	Dallam County, TX	1997	NA	3400	3276	124	3.6
CN4811300000000	48	113	Dallas County, TX	1997	NA	1184205	1135155	49050	4.1
CN4811500000000	48	115	Dawson County, TX	1997	NA	6048	5692	356	5.9
CN4811700000000	48	117	Deaf Smith County, TX	1997	NA	8286	7644	642	7.7
CN4811900000000	48	119	Delta County, TX	1997	NA	2695	2574	121	4.5
CN4812100000000	48	121	Denton County, TX	1997	NA	226298	221209	5089	2.2
CN4812300000000	48	123	DeWitt County, TX	1997	NA	8119	7733	386	4.8
CN4812500000000	48	125	Dickens County, TX	1997	NA	1045	995	50	4.8
CN4812700000000	48	127	Dimmit County, TX	1997	NA	3668	3057	611	16.7
CN4812900000000	48	129	Donley County, TX	1997	NA	1513	1463	50	3.3
CN4813100000000	48	131	Duval County, TX	1997	NA	4777	4350	427	8.9
CN4813300000000	48	133	Eastland County, TX	1997	NA	8649	8232	417	4.8
CN4813500000000	48	135	Ector County, TX	1997	NA	61731	57917	3814	6.2
CN4813700000000	48	137	Edwards County, TX	1997	NA	861	811	50	5.8
CN4813900000000	48	139	Ellis County, TX	1997	NA	52334	50156	2178	4.2
CN4814100000000	48	141	El Paso County, TX	1997	NA	292486	260293	32193	11
CN4814300000000	48	143	Erath County, TX	1997	NA	16306	15887	419	2.6
CN4814500000000	48	145	Falls County, TX	1997	NA	7535	7184	351	4.7
CN4814700000000	48	147	Fannin County, TX	1997	NA	12682	12061	621	4.9
CN4814900000000	48	149	Fayette County, TX	1997	NA	10416	10138	278	2.7
CN4815100000000	48	151	Fisher County, TX	1997	NA	1838	1767	71	3.9
CN4815300000000	48	153	Floyd County, TX	1997	NA	3414	3163	251	7.4
CN4815500000000	48	155	Foard County, TX	1997	NA	891	837	54	6.1
CN4815700000000	48	157	Fort Bend County, TX	1997	NA	169790	164590	5200	3.1
CN4815900000000	48	159	Franklin County, TX	1997	NA	4442	4233	209	4.7
CN4816100000000	48	161	Freestone County, TX	1997	NA	7484	7087	397	5.3
CN4816300000000	48	163	Frio County, TX	1997	NA	6317	5776	541	8.6
CN4816500000000	48	165	Gaines County, TX	1997	NA	6776	6499	277	4.1
CN4816700000000	48	167	Galveston County, TX	1997	NA	125632	115539	10093	8
CN4816900000000	48	169	Garza County, TX	1997	NA	2143	1988	155	7.2
CN4817100000000	48	171	Gillespie County, TX	1997	NA	10119	9960	159	1.6
CN4817300000000	48	173	Glasscock County, TX	1997	NA	642	628	14	2.2
CN4817500000000	48	175	Goliad County, TX	1997	NA	2485	2371	114	4.6
CN4817700000000	48	177	Gonzales County, TX	1997	NA	7324	6977	347	4.7
CN4817900000000	48	179	Gray County, TX	1997	NA	10703	10252	451	4.2
CN4818100000000	48	181	Grayson County, TX	1997	NA	50344	48082	2262	4.5
CN4818300000000	48	183	Gregg County, TX	1997	NA	59320	55068	4252	7.2
CN4818500000000	48	185	Grimes County, TX	1997	NA	8865	8416	449	5.1
CN4818700000000	48	187	Guadalupe County, TX	1997	NA	40806	39614	1192	2.9
CN4818900000000	48	189	Hale County, TX	1997	NA	17328	16201	1127	6.5
CN4819100000000	48	191	Hall County, TX	1997	NA	1702	1584	118	6.9
CN4819300000000	48	193	Hamilton County, TX	1997	NA	3808	3691	117	3.1
CN4819500000000	48	195	Hansford County, TX	1997	NA	2510	2444	66	2.6
CN4819700000000	48	197	Hardeman County, TX	1997	NA	1979	1875	104	5.3
CN4819900000000	48	199	Hardin County, TX	1997	NA	23086	21457	1629	7.1
CN4820100000000	48	201	Harris County, TX	1997	NA	1715363	1626564	88799	5.2
CN4820300000000	48	203	Harrison County, TX	1997	NA	28153	25844	2309	8.2
CN4820500000000	48	205	Hartley County, TX	1997	NA	2793	2749	44	1.6
CN4820700000000	48	207	Haskell County, TX	1997	NA	2756	2643	113	4.1
CN4820900000000	48	209	Hays County, TX	1997	NA	48060	46530	1530	3.2
CN4821100000000	48	211	Hemphill County, TX	1997	NA	1901	1834	67	3.5
CN4821300000000	48	213	Henderson County, TX	1997	NA	29177	27806	1371	4.7
CN4821500000000	48	215	Hidalgo County, TX	1997	NA	192481	157788	34693	18
CN4821700000000	48	217	Hill County, TX	1997	NA	15170	14506	664	4.4
CN4821900000000	48	219	Hockley County, TX	1997	NA	11612	11066	546	4.7
CN4822100000000	48	221	Hood County, TX	1997	NA	16125	15351	774	4.8
CN4822300000000	48	223	Hopkins County, TX	1997	NA	15761	14993	768	4.9
CN4822500000000	48	225	Houston County, TX	1997	NA	8560	8225	335	3.9
CN4822700000000	48	227	Howard County, TX	1997	NA	13898	13345	553	4
CN4822900000000	48	229	Hudspeth County, TX	1997	NA	1357	1321	36	2.7
CN4823100000000	48	231	Hunt County, TX	1997	NA	35343	33609	1734	4.9
CN4823300000000	48	233	Hutchinson County, TX	1997	NA	9652	9047	605	6.3
CN4823500000000	48	235	Irion County, TX	1997	NA	751	736	15	2
CN4823700000000	48	237	Jack County, TX	1997	NA	3456	3341	115	3.3
CN4823900000000	48	239	Jackson County, TX	1997	NA	8805	8472	333	3.8
CN4824100000000	48	241	Jasper County, TX	1997	NA	15199	13329	1870	12.3
CN4824300000000	48	243	Jeff Davis County, TX	1997	NA	1395	1366	29	2.1
CN4824500000000	48	245	Jefferson County, TX	1997	NA	117214	108539	8675	7.4
CN4824700000000	48	247	Jim Hogg County, TX	1997	NA	2124	1926	198	9.3
CN4824900000000	48	249	Jim Wells County, TX	1997	NA	16685	15384	1301	7.8
CN4825100000000	48	251	Johnson County, TX	1997	NA	57407	55242	2165	3.8
CN4825300000000	48	253	Jones County, TX	1997	NA	10270	9957	313	3
CN4825500000000	48	255	Karnes County, TX	1997	NA	6207	5937	270	4.3
CN4825700000000	48	257	Kaufman County, TX	1997	NA	31504	29979	1525	4.8
CN4825900000000	48	259	Kendall County, TX	1997	NA	12234	11912	322	2.6
CN4826100000000	48	261	Kenedy County, TX	1997	NA	226	216	10	4.4
CN4826300000000	48	263	Kent County, TX	1997	NA	420	404	16	3.8
CN4826500000000	48	265	Kerr County, TX	1997	NA	17398	16968	430	2.5
CN4826700000000	48	267	Kimble County, TX	1997	NA	2397	2318	79	3.3
CN4826900000000	48	269	King County, TX	1997	NA	110	104	6	5.5
CN4827100000000	48	271	Kinney County, TX	1997	NA	1090	996	94	8.6
CN4827300000000	48	273	Kleberg County, TX	1997	NA	13081	12238	843	6.4
CN4827500000000	48	275	Knox County, TX	1997	NA	2205	2092	113	5.1
CN4827700000000	48	277	Lamar County, TX	1997	NA	21882	20611	1271	5.8
CN4827900000000	48	279	Lamb County, TX	1997	NA	6604	6166	438	6.6
CN4828100000000	48	281	Lampasas County, TX	1997	NA	7394	7025	369	5
CN4828300000000	48	283	La Salle County, TX	1997	NA	2867	2640	227	7.9
CN4828500000000	48	285	Lavaca County, TX	1997	NA	9235	9030	205	2.2
CN4828700000000	48	287	Lee County, TX	1997	NA	7172	6909	263	3.7
CN4828900000000	48	289	Leon County, TX	1997	NA	5546	5162	384	6.9
CN4829100000000	48	291	Liberty County, TX	1997	NA	28354	25923	2431	8.6
CN4829300000000	48	293	Limestone County, TX	1997	NA	9281	8785	496	5.3
CN4829500000000	48	295	Lipscomb County, TX	1997	NA	1617	1581	36	2.2
CN4829700000000	48	297	Live Oak County, TX	1997	NA	4489	4305	184	4.1
CN4829900000000	48	299	Llano County, TX	1997	NA	4937	4763	174	3.5
CN4830100000000	48	301	Loving County, TX	1997	NA	75	67	8	10.7
CN4830300000000	48	303	Lubbock County, TX	1997	NA	123231	118455	4776	3.9
CN4830500000000	48	305	Lynn County, TX	1997	NA	3076	2950	126	4.1
CN4830700000000	48	307	McCulloch County, TX	1997	NA	3812	3604	208	5.5
CN4830900000000	48	309	McLennan County, TX	1997	NA	100705	96117	4588	4.6
CN4831100000000	48	311	McMullen County, TX	1997	NA	253	243	10	4
CN4831300000000	48	313	Madison County, TX	1997	NA	4453	4280	173	3.9
CN4831500000000	48	315	Marion County, TX	1997	NA	3961	3508	453	11.4
CN4831700000000	48	317	Martin County, TX	1997	NA	1740	1655	85	4.9
CN4831900000000	48	319	Mason County, TX	1997	NA	1562	1506	56	3.6
CN4832100000000	48	321	Matagorda County, TX	1997	NA	16721	14488	2233	13.4
CN4832300000000	48	323	Maverick County, TX	1997	NA	17579	12757	4822	27.4
CN4832500000000	48	325	Medina County, TX	1997	NA	15324	14676	648	4.2
CN4832700000000	48	327	Menard County, TX	1997	NA	1054	1014	40	3.8
CN4832900000000	48	329	Midland County, TX	1997	NA	62527	60110	2417	3.9
CN4833100000000	48	331	Milam County, TX	1997	NA	9535	8984	551	5.8
CN4833300000000	48	333	Mills County, TX	1997	NA	2288	2227	61	2.7
CN4833500000000	48	335	Mitchell County, TX	1997	NA	3238	3062	176	5.4
CN4833700000000	48	337	Montague County, TX	1997	NA	7646	7330	316	4.1
CN4833900000000	48	339	Montgomery County, TX	1997	NA	129349	124370	4979	3.8
CN4834100000000	48	341	Moore County, TX	1997	NA	9177	8867	310	3.4
CN4834300000000	48	343	Morris County, TX	1997	NA	6260	5757	503	8
CN4834500000000	48	345	Motley County, TX	1997	NA	607	585	22	3.6
CN4834700000000	48	347	Nacogdoches County, TX	1997	NA	27034	25706	1328	4.9
CN4834900000000	48	349	Navarro County, TX	1997	NA	21259	20139	1120	5.3
CN4835100000000	48	351	Newton County, TX	1997	NA	6026	5243	783	13
CN4835300000000	48	353	Nolan County, TX	1997	NA	7324	6847	477	6.5
CN4835500000000	48	355	Nueces County, TX	1997	NA	148710	137286	11424	7.7
CN4835700000000	48	357	Ochiltree County, TX	1997	NA	4673	4544	129	2.8
CN4835900000000	48	359	Oldham County, TX	1997	NA	1129	1082	47	4.2
CN4836100000000	48	361	Orange County, TX	1997	NA	41680	37598	4082	9.8
CN4836300000000	48	363	Palo Pinto County, TX	1997	NA	12322	11497	825	6.7
CN4836500000000	48	365	Panola County, TX	1997	NA	7980	7236	744	9.3
CN4836700000000	48	367	Parker County, TX	1997	NA	39049	37811	1238	3.2
CN4836900000000	48	369	Parmer County, TX	1997	NA	4478	4318	160	3.6
CN4837100000000	48	371	Pecos County, TX	1997	NA	6737	6325	412	6.1
CN4837300000000	48	373	Polk County, TX	1997	NA	15011	14074	937	6.2
CN4837500000000	48	375	Potter County, TX	1997	NA	54543	51292	3251	6
CN4837700000000	48	377	Presidio County, TX	1997	NA	3348	2243	1105	33
CN4837900000000	48	379	Rains County, TX	1997	NA	3580	3388	192	5.4
CN4838100000000	48	381	Randall County, TX	1997	NA	56570	55526	1044	1.8
CN4838300000000	48	383	Reagan County, TX	1997	NA	1936	1855	81	4.2
CN4838500000000	48	385	Real County, TX	1997	NA	1246	1173	73	5.9
CN4838700000000	48	387	Red River County, TX	1997	NA	6007	5568	439	7.3
CN4838900000000	48	389	Reeves County, TX	1997	NA	6531	5938	593	9.1
CN4839100000000	48	391	Refugio County, TX	1997	NA	2967	2788	179	6
CN4839300000000	48	393	Roberts County, TX	1997	NA	523	508	15	2.9
CN4839500000000	48	395	Robertson County, TX	1997	NA	6331	5944	387	6.1
CN4839700000000	48	397	Rockwall County, TX	1997	NA	20482	19947	535	2.6
CN4839900000000	48	399	Runnels County, TX	1997	NA	5212	5035	177	3.4
CN4840100000000	48	401	Rusk County, TX	1997	NA	20579	19279	1300	6.3
CN4840300000000	48	403	Sabine County, TX	1997	NA	4004	3660	344	8.6
CN4840500000000	48	405	San Augustine County, TX	1997	NA	3377	3137	240	7.1
CN4840700000000	48	407	San Jacinto County, TX	1997	NA	7763	7389	374	4.8
CN4840900000000	48	409	San Patricio County, TX	1997	NA	29807	27457	2350	7.9
CN4841100000000	48	411	San Saba County, TX	1997	NA	2501	2359	142	5.7
CN4841300000000	48	413	Schleicher County, TX	1997	NA	1482	1428	54	3.6
CN4841500000000	48	415	Scurry County, TX	1997	NA	8134	7769	365	4.5
CN4841700000000	48	417	Shackelford County, TX	1997	NA	1413	1355	58	4.1
CN4841900000000	48	419	Shelby County, TX	1997	NA	9488	8808	680	7.2
CN4842100000000	48	421	Sherman County, TX	1997	NA	1407	1374	33	2.3
CN4842300000000	48	423	Smith County, TX	1997	NA	89190	83734	5456	6.1
CN4842500000000	48	425	Somervell County, TX	1997	NA	2055	1866	189	9.2
CN4842700000000	48	427	Starr County, TX	1997	NA	20729	14919	5810	28
CN4842900000000	48	429	Stephens County, TX	1997	NA	4328	4164	164	3.8
CN4843100000000	48	431	Sterling County, TX	1997	NA	670	652	18	2.7
CN4843300000000	48	433	Stonewall County, TX	1997	NA	785	750	35	4.5
CN4843500000000	48	435	Sutton County, TX	1997	NA	2152	2086	66	3.1
CN4843700000000	48	437	Swisher County, TX	1997	NA	3693	3526	167	4.5
CN4843900000000	48	439	Tarrant County, TX	1997	NA	739565	713030	26535	3.6
CN4844100000000	48	441	Taylor County, TX	1997	NA	60439	58026	2413	4
CN4844300000000	48	443	Terrell County, TX	1997	NA	466	434	32	6.9
CN4844500000000	48	445	Terry County, TX	1997	NA	6307	5954	353	5.6
CN4844700000000	48	447	Throckmorton County, TX	1997	NA	766	743	23	3
CN4844900000000	48	449	Titus County, TX	1997	NA	12772	11954	818	6.4
CN4845100000000	48	451	Tom Green County, TX	1997	NA	51996	50168	1828	3.5
CN4845300000000	48	453	Travis County, TX	1997	NA	436973	423041	13932	3.2
CN4845500000000	48	455	Trinity County, TX	1997	NA	4702	4456	246	5.2
CN4845700000000	48	457	Tyler County, TX	1997	NA	6564	5875	689	10.5
CN4845900000000	48	459	Upshur County, TX	1997	NA	16736	15661	1075	6.4
CN4846100000000	48	461	Upton County, TX	1997	NA	1658	1603	55	3.3
CN4846300000000	48	463	Uvalde County, TX	1997	NA	10750	9456	1294	12
CN4846500000000	48	465	Val Verde County, TX	1997	NA	17465	15487	1978	11.3
CN4846700000000	48	467	Van Zandt County, TX	1997	NA	19599	18757	842	4.3
CN4846900000000	48	469	Victoria County, TX	1997	NA	43317	41167	2150	5
CN4847100000000	48	471	Walker County, TX	1997	NA	23339	22745	594	2.5
CN4847300000000	48	473	Waller County, TX	1997	NA	12243	11616	627	5.1
CN4847500000000	48	475	Ward County, TX	1997	NA	4499	4204	295	6.6
CN4847700000000	48	477	Washington County, TX	1997	NA	14915	14509	406	2.7
CN4847900000000	48	479	Webb County, TX	1997	NA	70556	63257	7299	10.3
CN4848100000000	48	481	Wharton County, TX	1997	NA	19052	17889	1163	6.1
CN4848300000000	48	483	Wheeler County, TX	1997	NA	2833	2754	79	2.8
CN4848500000000	48	485	Wichita County, TX	1997	NA	61745	58976	2769	4.5
CN4848700000000	48	487	Wilbarger County, TX	1997	NA	7118	6864	254	3.6
CN4848900000000	48	489	Willacy County, TX	1997	NA	7421	5791	1630	22
CN4849100000000	48	491	Williamson County, TX	1997	NA	127761	125130	2631	2.1
CN4849300000000	48	493	Wilson County, TX	1997	NA	14674	14245	429	2.9
CN4849500000000	48	495	Winkler County, TX	1997	NA	3067	2849	218	7.1
CN4849700000000	48	497	Wise County, TX	1997	NA	21425	20738	687	3.2
CN4849900000000	48	499	Wood County, TX	1997	NA	13555	12754	801	5.9
CN4850100000000	48	501	Yoakum County, TX	1997	NA	3414	3221	193	5.7
CN4850300000000	48	503	Young County, TX	1997	NA	8369	7824	545	6.5
CN4850500000000	48	505	Zapata County, TX	1997	NA	4117	3720	397	9.6
CN4850700000000	48	507	Zavala County, TX	1997	NA	4282	3231	1051	24.5
CN4900100000000	49	001	Beaver County, UT	1997	NA	2554	2431	123	4.8
CN4900300000000	49	003	Box Elder County, UT	1997	NA	18714	17998	716	3.8
CN4900500000000	49	005	Cache County, UT	1997	NA	43172	42052	1120	2.6
CN4900700000000	49	007	Carbon County, UT	1997	NA	9691	9200	491	5.1
CN4900900000000	49	009	Daggett County, UT	1997	NA	409	392	17	4.2
CN4901100000000	49	011	Davis County, UT	1997	NA	115830	112343	3487	3
CN4901300000000	49	013	Duchesne County, UT	1997	NA	5925	5532	393	6.6
CN4901500000000	49	015	Emery County, UT	1997	NA	4180	3904	276	6.6
CN4901700000000	49	017	Garfield County, UT	1997	NA	2754	2521	233	8.5
CN4901900000000	49	019	Grand County, UT	1997	NA	5213	4881	332	6.4
CN4902100000000	49	021	Iron County, UT	1997	NA	14236	13757	479	3.4
CN4902300000000	49	023	Juab County, UT	1997	NA	3441	3308	133	3.9
CN4902500000000	49	025	Kane County, UT	1997	NA	2619	2488	131	5
CN4902700000000	49	027	Millard County, UT	1997	NA	4756	4572	184	3.9
CN4902900000000	49	029	Morgan County, UT	1997	NA	3615	3475	140	3.9
CN4903100000000	49	031	Piute County, UT	1997	NA	521	495	26	5
CN4903300000000	49	033	Rich County, UT	1997	NA	938	907	31	3.3
CN4903500000000	49	035	Salt Lake County, UT	1997	NA	474401	461067	13334	2.8
CN4903700000000	49	037	San Juan County, UT	1997	NA	4893	4468	425	8.7
CN4903900000000	49	039	Sanpete County, UT	1997	NA	8589	8126	463	5.4
CN4904100000000	49	041	Sevier County, UT	1997	NA	8098	7776	322	4
CN4904300000000	49	043	Summit County, UT	1997	NA	13396	12928	468	3.5
CN4904500000000	49	045	Tooele County, UT	1997	NA	11771	11240	531	4.5
CN4904700000000	49	047	Uintah County, UT	1997	NA	10645	10041	604	5.7
CN4904900000000	49	049	Utah County, UT	1997	NA	158141	153939	4202	2.7
CN4905100000000	49	051	Wasatch County, UT	1997	NA	5902	5667	235	4
CN4905300000000	49	053	Washington County, UT	1997	NA	35432	34246	1186	3.3
CN4905500000000	49	055	Wayne County, UT	1997	NA	1406	1335	71	5
CN4905700000000	49	057	Weber County, UT	1997	NA	98988	95072	3916	4
CN5000100000000	50	001	Addison County, VT	1997	NA	19116	18366	750	3.9
CN5000300000000	50	003	Bennington County, VT	1997	NA	19717	18873	844	4.3
CN5000500000000	50	005	Caledonia County, VT	1997	NA	15238	14429	809	5.3
CN5000700000000	50	007	Chittenden County, VT	1997	NA	86658	84456	2202	2.5
CN5000900000000	50	009	Essex County, VT	1997	NA	2839	2648	191	6.7
CN5001100000000	50	011	Franklin County, VT	1997	NA	22984	22046	938	4.1
CN5001300000000	50	013	Grand Isle County, VT	1997	NA	3314	3124	190	5.7
CN5001500000000	50	015	Lamoille County, VT	1997	NA	11869	11233	636	5.4
CN5001700000000	50	017	Orange County, VT	1997	NA	15666	15181	485	3.1
CN5001900000000	50	019	Orleans County, VT	1997	NA	12357	11392	965	7.8
CN5002100000000	50	021	Rutland County, VT	1997	NA	32833	31312	1521	4.6
CN5002300000000	50	023	Washington County, VT	1997	NA	31118	29649	1469	4.7
CN5002500000000	50	025	Windham County, VT	1997	NA	22970	22109	861	3.7
CN5002700000000	50	027	Windsor County, VT	1997	NA	31171	30225	946	3
CN5100100000000	51	001	Accomack County, VA	1997	NA	14724	13373	1351	9.2
CN5100300000000	51	003	Albemarle County, VA	1997	NA	38314	37679	635	1.7
CN5100500000000	51	005	Alleghany County, VA	1997	NA	8566	8069	497	5.8
CN5100700000000	51	007	Amelia County, VA	1997	NA	4625	4410	215	4.6
CN5100900000000	51	009	Amherst County, VA	1997	NA	14254	13797	457	3.2
CN5101100000000	51	011	Appomattox County, VA	1997	NA	5787	5459	328	5.7
CN5101300000000	51	013	Arlington County, VA	1997	NA	105923	103362	2561	2.4
CN5101500000000	51	015	Augusta County, VA	1997	NA	31560	30624	936	3
CN5101700000000	51	017	Bath County, VA	1997	NA	2348	2191	157	6.7
CN5101900000000	51	019	Bedford County, VA	1997	NA	31680	30649	1031	3.3
CN5102100000000	51	021	Bland County, VA	1997	NA	3535	3308	227	6.4
CN5102300000000	51	023	Botetourt County, VA	1997	NA	16140	15650	490	3
CN5102500000000	51	025	Brunswick County, VA	1997	NA	6843	6411	432	6.3
CN5102700000000	51	027	Buchanan County, VA	1997	NA	9621	8261	1360	14.1
CN5102900000000	51	029	Buckingham County, VA	1997	NA	6285	5915	370	5.9
CN5103100000000	51	031	Campbell County, VA	1997	NA	25980	24994	986	3.8
CN5103300000000	51	033	Caroline County, VA	1997	NA	10205	9441	764	7.5
CN5103500000000	51	035	Carroll County, VA	1997	NA	13694	13130	564	4.1
CN5103600000000	51	036	Charles City County, VA	1997	NA	3633	3461	172	4.7
CN5103700000000	51	037	Charlotte County, VA	1997	NA	6096	5712	384	6.3
CN5104100000000	51	041	Chesterfield County, VA	1997	NA	134931	131275	3656	2.7
CN5104300000000	51	043	Clarke County, VA	1997	NA	6370	6210	160	2.5
CN5104500000000	51	045	Craig County, VA	1997	NA	2472	2365	107	4.3
CN5104700000000	51	047	Culpeper County, VA	1997	NA	15536	15037	499	3.2
CN5104900000000	51	049	Cumberland County, VA	1997	NA	3895	3708	187	4.8
CN5105100000000	51	051	Dickenson County, VA	1997	NA	5837	4894	943	16.2
CN5105300000000	51	053	Dinwiddie County, VA	1997	NA	11636	11201	435	3.7
CN5105700000000	51	057	Essex County, VA	1997	NA	4399	4089	310	7
CN5105900000000	51	059	Fairfax County, VA	1997	NA	511399	500193	11206	2.2
CN5106100000000	51	061	Fauquier County, VA	1997	NA	27030	26393	637	2.4
CN5106300000000	51	063	Floyd County, VA	1997	NA	6507	6261	246	3.8
CN5106500000000	51	065	Fluvanna County, VA	1997	NA	8733	8530	203	2.3
CN5106700000000	51	067	Franklin County, VA	1997	NA	23095	22242	853	3.7
CN5106900000000	51	069	Frederick County, VA	1997	NA	31465	30374	1091	3.5
CN5107100000000	51	071	Giles County, VA	1997	NA	8267	7723	544	6.6
CN5107300000000	51	073	Gloucester County, VA	1997	NA	17398	16878	520	3
CN5107500000000	51	075	Goochland County, VA	1997	NA	9053	8834	219	2.4
CN5107700000000	51	077	Grayson County, VA	1997	NA	8119	7685	434	5.3
CN5107900000000	51	079	Greene County, VA	1997	NA	7080	6842	238	3.4
CN5108100000000	51	081	Greensville County, VA	1997	NA	5609	5373	236	4.2
CN5108300000000	51	083	Halifax County, VA	1997	NA	18252	16191	2061	11.3
CN5108500000000	51	085	Hanover County, VA	1997	NA	43903	42863	1040	2.4
CN5108700000000	51	087	Henrico County, VA	1997	NA	137672	134129	3543	2.6
CN5108900000000	51	089	Henry County, VA	1997	NA	28013	26899	1114	4
CN5109100000000	51	091	Highland County, VA	1997	NA	1305	1218	87	6.7
CN5109300000000	51	093	Isle of Wight County, VA	1997	NA	14668	14028	640	4.4
CN5109500000000	51	095	James City County, VA	1997	NA	23477	22809	668	2.8
CN5109700000000	51	097	King and Queen County, VA	1997	NA	3100	2957	143	4.6
CN5109900000000	51	099	King George County, VA	1997	NA	8200	7926	274	3.3
CN5110100000000	51	101	King William County, VA	1997	NA	6440	6161	279	4.3
CN5110300000000	51	103	Lancaster County, VA	1997	NA	5190	4529	661	12.7
CN5110500000000	51	105	Lee County, VA	1997	NA	10277	9345	932	9.1
CN5110700000000	51	107	Loudoun County, VA	1997	NA	75891	74419	1472	1.9
CN5110900000000	51	109	Louisa County, VA	1997	NA	9381	8703	678	7.2
CN5111100000000	51	111	Lunenburg County, VA	1997	NA	4872	4414	458	9.4
CN5111300000000	51	113	Madison County, VA	1997	NA	7638	7408	230	3
CN5111500000000	51	115	Mathews County, VA	1997	NA	4557	4402	155	3.4
CN5111700000000	51	117	Mecklenburg County, VA	1997	NA	14998	14121	877	5.8
CN5111900000000	51	119	Middlesex County, VA	1997	NA	4755	4611	144	3
CN5112100000000	51	121	Montgomery County, VA	1997	NA	36845	35937	908	2.5
CN5112500000000	51	125	Nelson County, VA	1997	NA	7029	6759	270	3.8
CN5112700000000	51	127	New Kent County, VA	1997	NA	6679	6496	183	2.7
CN5113100000000	51	131	Northampton County, VA	1997	NA	5211	4873	338	6.5
CN5113300000000	51	133	Northumberland County, VA	1997	NA	5279	4682	597	11.3
CN5113500000000	51	135	Nottoway County, VA	1997	NA	6269	5834	435	6.9
CN5113700000000	51	137	Orange County, VA	1997	NA	10806	10351	455	4.2
CN5113900000000	51	139	Page County, VA	1997	NA	11632	10966	666	5.7
CN5114100000000	51	141	Patrick County, VA	1997	NA	9002	8674	328	3.6
CN5114300000000	51	143	Pittsylvania County, VA	1997	NA	31531	29793	1738	5.5
CN5114500000000	51	145	Powhatan County, VA	1997	NA	10472	10198	274	2.6
CN5114700000000	51	147	Prince Edward County, VA	1997	NA	8476	7791	685	8.1
CN5114900000000	51	149	Prince George County, VA	1997	NA	12598	12203	395	3.1
CN5115300000000	51	153	Prince William County, VA	1997	NA	131575	128147	3428	2.6
CN5115500000000	51	155	Pulaski County, VA	1997	NA	16814	15931	883	5.3
CN5115700000000	51	157	Rappahannock County, VA	1997	NA	4336	4076	260	6
CN5115900000000	51	159	Richmond County, VA	1997	NA	3912	3672	240	6.1
CN5116100000000	51	161	Roanoke County, VA	1997	NA	47909	46804	1105	2.3
CN5116300000000	51	163	Rockbridge County, VA	1997	NA	9880	9564	316	3.2
CN5116500000000	51	165	Rockingham County, VA	1997	NA	36682	36045	637	1.7
CN5116700000000	51	167	Russell County, VA	1997	NA	14138	12712	1426	10.1
CN5116900000000	51	169	Scott County, VA	1997	NA	9602	8943	659	6.9
CN5117100000000	51	171	Shenandoah County, VA	1997	NA	17193	16628	565	3.3
CN5117300000000	51	173	Smyth County, VA	1997	NA	16529	15183	1346	8.1
CN5117500000000	51	175	Southampton County, VA	1997	NA	7655	7342	313	4.1
CN5117700000000	51	177	Spotsylvania County, VA	1997	NA	40843	39709	1134	2.8
CN5117900000000	51	179	Stafford County, VA	1997	NA	43187	42291	896	2.1
CN5118100000000	51	181	Surry County, VA	1997	NA	2648	2421	227	8.6
CN5118300000000	51	183	Sussex County, VA	1997	NA	5564	5262	302	5.4
CN5118500000000	51	185	Tazewell County, VA	1997	NA	20061	18311	1750	8.7
CN5118700000000	51	187	Warren County, VA	1997	NA	14644	14018	626	4.3
CN5119100000000	51	191	Washington County, VA	1997	NA	25390	23890	1500	5.9
CN5119300000000	51	193	Westmoreland County, VA	1997	NA	7485	6916	569	7.6
CN5119500000000	51	195	Wise County, VA	1997	NA	14944	13169	1775	11.9
CN5119700000000	51	197	Wythe County, VA	1997	NA	14874	13878	996	6.7
CN5119900000000	51	199	York County, VA	1997	NA	28146	27404	742	2.6
CN5151000000000	51	510	Alexandria city, VA	1997	NA	72914	70641	2273	3.1
CN5152000000000	51	520	Bristol city, VA	1997	NA	8279	7869	410	5
CN5153000000000	51	530	Buena Vista city, VA	1997	NA	3132	2993	139	4.4
CN5154000000000	51	540	Charlottesville city, VA	1997	NA	18626	18149	477	2.6
CN5155000000000	51	550	Chesapeake city, VA	1997	NA	102437	98577	3860	3.8
CN5157000000000	51	570	Colonial Heights city, VA	1997	NA	8755	8419	336	3.8
CN5158000000000	51	580	Covington city, VA	1997	NA	3481	3182	299	8.6
CN5159000000000	51	590	Danville city, VA	1997	NA	25292	23487	1805	7.1
CN5159500000000	51	595	Emporia city, VA	1997	NA	2500	2351	149	6
CN5160000000000	51	600	Fairfax city, VA	1997	NA	11922	11751	171	1.4
CN5161000000000	51	610	Falls Church city, VA	1997	NA	5792	5592	200	3.5
CN5162000000000	51	620	Franklin city, VA	1997	NA	3836	3655	181	4.7
CN5163000000000	51	630	Fredericksburg city, VA	1997	NA	10556	10164	392	3.7
CN5164000000000	51	640	Galax city, VA	1997	NA	3405	3301	104	3.1
CN5165000000000	51	650	Hampton city, VA	1997	NA	66850	63525	3325	5
CN5166000000000	51	660	Harrisonburg city, VA	1997	NA	17747	17430	317	1.8
CN5167000000000	51	670	Hopewell city, VA	1997	NA	10564	9993	571	5.4
CN5167800000000	51	678	Lexington city, VA	1997	NA	2840	2785	55	1.9
CN5168000000000	51	680	Lynchburg city, VA	1997	NA	29960	28716	1244	4.2
CN5168300000000	51	683	Manassas city, VA	1997	NA	19122	18581	541	2.8
CN5168500000000	51	685	Manassas Park city, VA	1997	NA	4514	4426	88	1.9
CN5169000000000	51	690	Martinsville city, VA	1997	NA	7068	6701	367	5.2
CN5170000000000	51	700	Newport News city, VA	1997	NA	82110	77964	4146	5
CN5171000000000	51	710	Norfolk city, VA	1997	NA	85712	79975	5737	6.7
CN5172000000000	51	720	Norton city, VA	1997	NA	1548	1416	132	8.5
CN5173000000000	51	730	Petersburg city, VA	1997	NA	15968	14674	1294	8.1
CN5173500000000	51	735	Poquoson city, VA	1997	NA	5970	5792	178	3
CN5174000000000	51	740	Portsmouth city, VA	1997	NA	45342	41960	3382	7.5
CN5175000000000	51	750	Radford city, VA	1997	NA	6403	6194	209	3.3
CN5176000000000	51	760	Richmond city, VA	1997	NA	95291	90677	4614	4.8
CN5177000000000	51	770	Roanoke city, VA	1997	NA	49474	47435	2039	4.1
CN5177500000000	51	775	Salem city, VA	1997	NA	13902	13493	409	2.9
CN5179000000000	51	790	Staunton city, VA	1997	NA	10722	10358	364	3.4
CN5180000000000	51	800	Suffolk city, VA	1997	NA	29165	27579	1586	5.4
CN5181000000000	51	810	Virginia Beach city, VA	1997	NA	210428	202298	8130	3.9
CN5182000000000	51	820	Waynesboro city, VA	1997	NA	8793	8416	377	4.3
CN5183000000000	51	830	Williamsburg city, VA	1997	NA	5827	5409	418	7.2
CN5184000000000	51	840	Winchester city, VA	1997	NA	13016	12408	608	4.7
CN5300100000000	53	001	Adams County, WA	1997	NA	8969	8076	893	10
CN5300300000000	53	003	Asotin County, WA	1997	NA	12422	11977	445	3.6
CN5300500000000	53	005	Benton County, WA	1997	NA	72687	67943	4744	6.5
CN5300700000000	53	007	Chelan County, WA	1997	NA	35525	32732	2793	7.9
CN5300900000000	53	009	Clallam County, WA	1997	NA	25166	23202	1964	7.8
CN5301100000000	53	011	Clark County, WA	1997	NA	176972	170822	6150	3.5
CN5301300000000	53	013	Columbia County, WA	1997	NA	1488	1321	167	11.2
CN5301500000000	53	015	Cowlitz County, WA	1997	NA	42332	39365	2967	7
CN5301700000000	53	017	Douglas County, WA	1997	NA	19572	18332	1240	6.3
CN5301900000000	53	019	Ferry County, WA	1997	NA	2876	2578	298	10.4
CN5302100000000	53	021	Franklin County, WA	1997	NA	22822	20678	2144	9.4
CN5302300000000	53	023	Garfield County, WA	1997	NA	1101	1061	40	3.6
CN5302500000000	53	025	Grant County, WA	1997	NA	37169	34020	3149	8.5
CN5302700000000	53	027	Grays Harbor County, WA	1997	NA	28498	25857	2641	9.3
CN5302900000000	53	029	Island County, WA	1997	NA	28423	27450	973	3.4
CN5303100000000	53	031	Jefferson County, WA	1997	NA	10126	9444	682	6.7
CN5303300000000	53	033	King County, WA	1997	NA	958429	923616	34813	3.6
CN5303500000000	53	035	Kitsap County, WA	1997	NA	95176	90028	5148	5.4
CN5303700000000	53	037	Kittitas County, WA	1997	NA	15537	14611	926	6
CN5303900000000	53	039	Klickitat County, WA	1997	NA	9375	8411	964	10.3
CN5304100000000	53	041	Lewis County, WA	1997	NA	32439	29954	2485	7.7
CN5304300000000	53	043	Lincoln County, WA	1997	NA	5042	4809	233	4.6
CN5304500000000	53	045	Mason County, WA	1997	NA	20484	19107	1377	6.7
CN5304700000000	53	047	Okanogan County, WA	1997	NA	24016	21792	2224	9.3
CN5304900000000	53	049	Pacific County, WA	1997	NA	8893	8099	794	8.9
CN5305100000000	53	051	Pend Oreille County, WA	1997	NA	4300	3750	550	12.8
CN5305300000000	53	053	Pierce County, WA	1997	NA	336130	321142	14988	4.5
CN5305500000000	53	055	San Juan County, WA	1997	NA	5883	5562	321	5.5
CN5305700000000	53	057	Skagit County, WA	1997	NA	49042	45595	3447	7
CN5305900000000	53	059	Skamania County, WA	1997	NA	4189	3777	412	9.8
CN5306100000000	53	061	Snohomish County, WA	1997	NA	310353	298863	11490	3.7
CN5306300000000	53	063	Spokane County, WA	1997	NA	210104	200530	9574	4.6
CN5306500000000	53	065	Stevens County, WA	1997	NA	17711	16110	1601	9
CN5306700000000	53	067	Thurston County, WA	1997	NA	101455	96324	5131	5.1
CN5306900000000	53	069	Wahkiakum County, WA	1997	NA	1885	1775	110	5.8
CN5307100000000	53	071	Walla Walla County, WA	1997	NA	27275	25559	1716	6.3
CN5307300000000	53	073	Whatcom County, WA	1997	NA	80714	76001	4713	5.8
CN5307500000000	53	075	Whitman County, WA	1997	NA	19599	19253	346	1.8
CN5307700000000	53	077	Yakima County, WA	1997	NA	117572	105991	11581	9.9
CN5400100000000	54	001	Barbour County, WV	1997	NA	6179	5492	687	11.1
CN5400300000000	54	003	Berkeley County, WV	1997	NA	33222	31712	1510	4.5
CN5400500000000	54	005	Boone County, WV	1997	NA	8282	7547	735	8.9
CN5400700000000	54	007	Braxton County, WV	1997	NA	5163	4588	575	11.1
CN5400900000000	54	009	Brooke County, WV	1997	NA	11206	10309	897	8
CN5401100000000	54	011	Cabell County, WV	1997	NA	42933	40521	2412	5.6
CN5401300000000	54	013	Calhoun County, WV	1997	NA	2507	2068	439	17.5
CN5401500000000	54	015	Clay County, WV	1997	NA	4008	3525	483	12.1
CN5401700000000	54	017	Doddridge County, WV	1997	NA	3257	3054	203	6.2
CN5401900000000	54	019	Fayette County, WV	1997	NA	18038	16376	1662	9.2
CN5402100000000	54	021	Gilmer County, WV	1997	NA	2690	2494	196	7.3
CN5402300000000	54	023	Grant County, WV	1997	NA	4778	4267	511	10.7
CN5402500000000	54	025	Greenbrier County, WV	1997	NA	15277	14029	1248	8.2
CN5402700000000	54	027	Hampshire County, WV	1997	NA	8413	7930	483	5.7
CN5402900000000	54	029	Hancock County, WV	1997	NA	14783	13745	1038	7
CN5403100000000	54	031	Hardy County, WV	1997	NA	6893	6620	273	4
CN5403300000000	54	033	Harrison County, WV	1997	NA	34421	31946	2475	7.2
CN5403500000000	54	035	Jackson County, WV	1997	NA	12710	11843	867	6.8
CN5403700000000	54	037	Jefferson County, WV	1997	NA	20280	19562	718	3.5
CN5403900000000	54	039	Kanawha County, WV	1997	NA	104121	99047	5074	4.9
CN5404100000000	54	041	Lewis County, WV	1997	NA	7058	6432	626	8.9
CN5404300000000	54	043	Lincoln County, WV	1997	NA	6934	6161	773	11.1
CN5404500000000	54	045	Logan County, WV	1997	NA	14003	12681	1322	9.4
CN5404700000000	54	047	McDowell County, WV	1997	NA	7627	6810	817	10.7
CN5404900000000	54	049	Marion County, WV	1997	NA	24246	21924	2322	9.6
CN5405100000000	54	051	Marshall County, WV	1997	NA	16341	15145	1196	7.3
CN5405300000000	54	053	Mason County, WV	1997	NA	9104	8082	1022	11.2
CN5405500000000	54	055	Mercer County, WV	1997	NA	28082	26555	1527	5.4
CN5405700000000	54	057	Mineral County, WV	1997	NA	11769	11182	587	5
CN5405900000000	54	059	Mingo County, WV	1997	NA	9136	7981	1155	12.6
CN5406100000000	54	061	Monongalia County, WV	1997	NA	38286	36525	1761	4.6
CN5406300000000	54	063	Monroe County, WV	1997	NA	5238	4940	298	5.7
CN5406500000000	54	065	Morgan County, WV	1997	NA	5929	5622	307	5.2
CN5406700000000	54	067	Nicholas County, WV	1997	NA	10680	9583	1097	10.3
CN5406900000000	54	069	Ohio County, WV	1997	NA	24979	23576	1403	5.6
CN5407100000000	54	071	Pendleton County, WV	1997	NA	3803	3665	138	3.6
CN5407300000000	54	073	Pleasants County, WV	1997	NA	3298	3034	264	8
CN5407500000000	54	075	Pocahontas County, WV	1997	NA	4235	3868	367	8.7
CN5407700000000	54	077	Preston County, WV	1997	NA	12732	11629	1103	8.7
CN5407900000000	54	079	Putnam County, WV	1997	NA	25544	24352	1192	4.7
CN5408100000000	54	081	Raleigh County, WV	1997	NA	34095	31508	2587	7.6
CN5408300000000	54	083	Randolph County, WV	1997	NA	13087	11915	1172	9
CN5408500000000	54	085	Ritchie County, WV	1997	NA	4229	3755	474	11.2
CN5408700000000	54	087	Roane County, WV	1997	NA	6344	5630	714	11.3
CN5408900000000	54	089	Summers County, WV	1997	NA	4294	3918	376	8.8
CN5409100000000	54	091	Taylor County, WV	1997	NA	6987	6428	559	8
CN5409300000000	54	093	Tucker County, WV	1997	NA	3739	3293	446	11.9
CN5409500000000	54	095	Tyler County, WV	1997	NA	4165	3883	282	6.8
CN5409700000000	54	097	Upshur County, WV	1997	NA	10115	9330	785	7.8
CN5409900000000	54	099	Wayne County, WV	1997	NA	16794	15696	1098	6.5
CN5410100000000	54	101	Webster County, WV	1997	NA	3091	2758	333	10.8
CN5410300000000	54	103	Wetzel County, WV	1997	NA	7433	6767	666	9
CN5410500000000	54	105	Wirt County, WV	1997	NA	1939	1660	279	14.4
CN5410700000000	54	107	Wood County, WV	1997	NA	43718	41363	2355	5.4
CN5410900000000	54	109	Wyoming County, WV	1997	NA	8300	7542	758	9.1
CN5500100000000	55	001	Adams County, WI	1997	NA	7814	7422	392	5
CN5500300000000	55	003	Ashland County, WI	1997	NA	8332	7778	554	6.6
CN5500500000000	55	005	Barron County, WI	1997	NA	24669	23525	1144	4.6
CN5500700000000	55	007	Bayfield County, WI	1997	NA	7785	7279	506	6.5
CN5500900000000	55	009	Brown County, WI	1997	NA	133184	129083	4101	3.1
CN5501100000000	55	011	Buffalo County, WI	1997	NA	8130	7840	290	3.6
CN5501300000000	55	013	Burnett County, WI	1997	NA	7220	6873	347	4.8
CN5501500000000	55	015	Calumet County, WI	1997	NA	25266	24460	806	3.2
CN5501700000000	55	017	Chippewa County, WI	1997	NA	30760	29498	1262	4.1
CN5501900000000	55	019	Clark County, WI	1997	NA	16816	15761	1055	6.3
CN5502100000000	55	021	Columbia County, WI	1997	NA	27687	26355	1332	4.8
CN5502300000000	55	023	Crawford County, WI	1997	NA	9767	9396	371	3.8
CN5502500000000	55	025	Dane County, WI	1997	NA	261878	257528	4350	1.7
CN5502700000000	55	027	Dodge County, WI	1997	NA	48098	46608	1490	3.1
CN5502900000000	55	029	Door County, WI	1997	NA	15819	14891	928	5.9
CN5503100000000	55	031	Douglas County, WI	1997	NA	23084	21901	1183	5.1
CN5503300000000	55	033	Dunn County, WI	1997	NA	22708	21942	766	3.4
CN5503500000000	55	035	Eau Claire County, WI	1997	NA	52378	50674	1704	3.3
CN5503700000000	55	037	Florence County, WI	1997	NA	1734	1604	130	7.5
CN5503900000000	55	039	Fond du Lac County, WI	1997	NA	55735	53843	1892	3.4
CN5504100000000	55	041	Forest County, WI	1997	NA	4662	4377	285	6.1
CN5504300000000	55	043	Grant County, WI	1997	NA	25544	24178	1366	5.3
CN5504500000000	55	045	Green County, WI	1997	NA	18921	18273	648	3.4
CN5504700000000	55	047	Green Lake County, WI	1997	NA	10783	10237	546	5.1
CN5504900000000	55	049	Iowa County, WI	1997	NA	13590	13099	491	3.6
CN5505100000000	55	051	Iron County, WI	1997	NA	3315	3061	254	7.7
CN5505300000000	55	053	Jackson County, WI	1997	NA	11310	10769	541	4.8
CN5505500000000	55	055	Jefferson County, WI	1997	NA	42510	41256	1254	2.9
CN5505700000000	55	057	Juneau County, WI	1997	NA	11346	10500	846	7.5
CN5505900000000	55	059	Kenosha County, WI	1997	NA	79612	76818	2794	3.5
CN5506100000000	55	061	Kewaunee County, WI	1997	NA	10684	10291	393	3.7
CN5506300000000	55	063	La Crosse County, WI	1997	NA	61096	59343	1753	2.9
CN5506500000000	55	065	Lafayette County, WI	1997	NA	8180	7878	302	3.7
CN5506700000000	55	067	Langlade County, WI	1997	NA	9681	9122	559	5.8
CN5506900000000	55	069	Lincoln County, WI	1997	NA	16128	15265	863	5.4
CN5507100000000	55	071	Manitowoc County, WI	1997	NA	45021	43367	1654	3.7
CN5507300000000	55	073	Marathon County, WI	1997	NA	73710	71052	2658	3.6
CN5507500000000	55	075	Marinette County, WI	1997	NA	20973	19834	1139	5.4
CN5507700000000	55	077	Marquette County, WI	1997	NA	7191	6753	438	6.1
CN5507800000000	55	078	Menominee County, WI	1997	NA	2393	2163	230	9.6
CN5507900000000	55	079	Milwaukee County, WI	1997	NA	489205	468903	20302	4.1
CN5508100000000	55	081	Monroe County, WI	1997	NA	20135	19104	1031	5.1
CN5508300000000	55	083	Oconto County, WI	1997	NA	15457	14582	875	5.7
CN5508500000000	55	085	Oneida County, WI	1997	NA	20604	19634	970	4.7
CN5508700000000	55	087	Outagamie County, WI	1997	NA	101604	98605	2999	3
CN5508900000000	55	089	Ozaukee County, WI	1997	NA	48461	47482	979	2
CN5509100000000	55	091	Pepin County, WI	1997	NA	3493	3329	164	4.7
CN5509300000000	55	093	Pierce County, WI	1997	NA	20683	20059	624	3
CN5509500000000	55	095	Polk County, WI	1997	NA	22517	21604	913	4.1
CN5509700000000	55	097	Portage County, WI	1997	NA	38379	36778	1601	4.2
CN5509900000000	55	099	Price County, WI	1997	NA	7714	7328	386	5
CN5510100000000	55	101	Racine County, WI	1997	NA	94486	90490	3996	4.2
CN5510300000000	55	103	Richland County, WI	1997	NA	8959	8627	332	3.7
CN5510500000000	55	105	Rock County, WI	1997	NA	81340	77987	3353	4.1
CN5510700000000	55	107	Rusk County, WI	1997	NA	7201	6647	554	7.7
CN5510900000000	55	109	St. Croix County, WI	1997	NA	32878	31917	961	2.9
CN5511100000000	55	111	Sauk County, WI	1997	NA	33735	32509	1226	3.6
CN5511300000000	55	113	Sawyer County, WI	1997	NA	9363	8742	621	6.6
CN5511500000000	55	115	Shawano County, WI	1997	NA	21319	20362	957	4.5
CN5511700000000	55	117	Sheboygan County, WI	1997	NA	61202	59651	1551	2.5
CN5511900000000	55	119	Taylor County, WI	1997	NA	10805	10243	562	5.2
CN5512100000000	55	121	Trempealeau County, WI	1997	NA	14730	13984	746	5.1
CN5512300000000	55	123	Vernon County, WI	1997	NA	13933	13307	626	4.5
CN5512500000000	55	125	Vilas County, WI	1997	NA	11162	10615	547	4.9
CN5512700000000	55	127	Walworth County, WI	1997	NA	52406	50843	1563	3
CN5512900000000	55	129	Washburn County, WI	1997	NA	7884	7390	494	6.3
CN5513100000000	55	131	Washington County, WI	1997	NA	67201	65399	1802	2.7
CN5513300000000	55	133	Waukesha County, WI	1997	NA	211533	206299	5234	2.5
CN5513500000000	55	135	Waupaca County, WI	1997	NA	27147	26188	959	3.5
CN5513700000000	55	137	Waushara County, WI	1997	NA	10723	10105	618	5.8
CN5513900000000	55	139	Winnebago County, WI	1997	NA	97627	94835	2792	2.9
CN5514100000000	55	141	Wood County, WI	1997	NA	40686	38927	1759	4.3
CN5600100000000	56	001	Albany County, WY	1997	NA	16790	16460	330	2
CN5600300000000	56	003	Big Horn County, WY	1997	NA	5547	5243	304	5.5
CN5600500000000	56	005	Campbell County, WY	1997	NA	18719	17788	931	5
CN5600700000000	56	007	Carbon County, WY	1997	NA	8290	7889	401	4.8
CN5600900000000	56	009	Converse County, WY	1997	NA	6566	6183	383	5.8
CN5601100000000	56	011	Crook County, WY	1997	NA	2978	2843	135	4.5
CN5601300000000	56	013	Fremont County, WY	1997	NA	17413	16039	1374	7.9
CN5601500000000	56	015	Goshen County, WY	1997	NA	6384	6083	301	4.7
CN5601700000000	56	017	Hot Springs County, WY	1997	NA	2409	2308	101	4.2
CN5601900000000	56	019	Johnson County, WY	1997	NA	3719	3558	161	4.3
CN5602100000000	56	021	Laramie County, WY	1997	NA	38910	37494	1416	3.6
CN5602300000000	56	023	Lincoln County, WY	1997	NA	6293	5908	385	6.1
CN5602500000000	56	025	Natrona County, WY	1997	NA	32698	30865	1833	5.6
CN5602700000000	56	027	Niobrara County, WY	1997	NA	1214	1190	24	2
CN5602900000000	56	029	Park County, WY	1997	NA	14945	14277	668	4.5
CN5603100000000	56	031	Platte County, WY	1997	NA	4329	4155	174	4
CN5603300000000	56	033	Sheridan County, WY	1997	NA	13490	12816	674	5
CN5603500000000	56	035	Sublette County, WY	1997	NA	2979	2896	83	2.8
CN5603700000000	56	037	Sweetwater County, WY	1997	NA	20767	19606	1161	5.6
CN5603900000000	56	039	Teton County, WY	1997	NA	10687	10427	260	2.4
CN5604100000000	56	041	Uinta County, WY	1997	NA	10651	10029	622	5.8
CN5604300000000	56	043	Washakie County, WY	1997	NA	4805	4552	253	5.3
CN5604500000000	56	045	Weston County, WY	1997	NA	3246	3075	171	5.3
CN7200100000000	72	001	Adjuntas Municipio, PR	1997	NA	5979	4893	1086	18.2
CN7200300000000	72	003	Aguada Municipio, PR	1997	NA	15823	12288	3535	22.3
CN7200500000000	72	005	Aguadilla Municipio, PR	1997	NA	22395	18430	3965	17.7
CN7200700000000	72	007	Aguas Buenas Municipio, PR	1997	NA	8920	7833	1087	12.2
CN7200900000000	72	009	Aibonito Municipio, PR	1997	NA	10672	9261	1411	13.2
CN7201100000000	72	011	Anasco Municipio, PR	1997	NA	10989	8746	2243	20.4
CN7201300000000	72	013	Arecibo Municipio, PR	1997	NA	31918	26655	5263	16.5
CN7201500000000	72	015	Arroyo Municipio, PR	1997	NA	5591	4516	1075	19.2
CN7201700000000	72	017	Barceloneta Municipio, PR	1997	NA	8160	6773	1387	17
CN7201900000000	72	019	Barranquitas Municipio, PR	1997	NA	7478	6586	892	11.9
CN7202100000000	72	021	Bayamon Municipio, PR	1997	NA	87369	80137	7232	8.3
CN7202300000000	72	023	Cabo Rojo Municipio, PR	1997	NA	16487	14197	2290	13.9
CN7202500000000	72	025	Caguas Municipio, PR	1997	NA	58382	52142	6240	10.7
CN7202700000000	72	027	Camuy Municipio, PR	1997	NA	9830	8334	1496	15.2
CN7202900000000	72	029	Canovanas Municipio, PR	1997	NA	16879	14809	2070	12.3
CN7203100000000	72	031	Carolina Municipio, PR	1997	NA	79851	72570	7281	9.1
CN7203300000000	72	033	Catano Municipio, PR	1997	NA	9907	8991	916	9.2
CN7203500000000	72	035	Cayey Municipio, PR	1997	NA	16939	14682	2257	13.3
CN7203700000000	72	037	Ceiba Municipio, PR	1997	NA	5755	4953	802	13.9
CN7203900000000	72	039	Ciales Municipio, PR	1997	NA	4399	3261	1138	25.9
CN7204100000000	72	041	Cidra Municipio, PR	1997	NA	16442	14699	1743	10.6
CN7204300000000	72	043	Coamo Municipio, PR	1997	NA	9761	8070	1691	17.3
CN7204500000000	72	045	Comerio Municipio, PR	1997	NA	5604	4887	717	12.8
CN7204700000000	72	047	Corozal Municipio, PR	1997	NA	10025	9006	1019	10.2
CN7204900000000	72	049	Culebra Municipio, PR	1997	NA	758	712	46	6.1
CN7205100000000	72	051	Dorado Municipio, PR	1997	NA	10702	9579	1123	10.5
CN7205300000000	72	053	Fajardo Municipio, PR	1997	NA	13512	11287	2225	16.5
CN7205400000000	72	054	Florida Municipio, PR	1997	NA	2899	2273	626	21.6
CN7205500000000	72	055	Guanica Municipio, PR	1997	NA	6104	4590	1514	24.8
CN7205700000000	72	057	Guayama Municipio, PR	1997	NA	11936	9570	2366	19.8
CN7205900000000	72	059	Guayanilla Municipio, PR	1997	NA	7992	6613	1379	17.3
CN7206100000000	72	061	Guaynabo Municipio, PR	1997	NA	41686	39395	2291	5.5
CN7206300000000	72	063	Gurabo Municipio, PR	1997	NA	11795	10336	1459	12.4
CN7206500000000	72	065	Hatillo Municipio, PR	1997	NA	11530	9860	1670	14.5
CN7206700000000	72	067	Hormigueros Municipio, PR	1997	NA	6834	5799	1035	15.1
CN7206900000000	72	069	Humacao Municipio, PR	1997	NA	20584	17121	3463	16.8
CN7207100000000	72	071	Isabela Municipio, PR	1997	NA	14088	11442	2646	18.8
CN7207300000000	72	073	Jayuya Municipio, PR	1997	NA	4174	3495	679	16.3
CN7207500000000	72	075	Juana Diaz Municipio, PR	1997	NA	14156	11593	2563	18.1
CN7207700000000	72	077	Juncos Municipio, PR	1997	NA	12844	11138	1706	13.3
CN7207900000000	72	079	Lajas Municipio, PR	1997	NA	9895	8452	1443	14.6
CN7208100000000	72	081	Lares Municipio, PR	1997	NA	9470	7843	1627	17.2
CN7208300000000	72	083	Las Marias Municipio, PR	1997	NA	3197	2545	652	20.4
CN7208500000000	72	085	Las Piedras Municipio, PR	1997	NA	10359	8756	1603	15.5
CN7208700000000	72	087	Loiza Municipio, PR	1997	NA	8518	7349	1169	13.7
CN7208900000000	72	089	Luquillo Municipio, PR	1997	NA	6664	5410	1254	18.8
CN7209100000000	72	091	Manati Municipio, PR	1997	NA	13566	11027	2539	18.7
CN7209300000000	72	093	Maricao Municipio, PR	1997	NA	2404	1897	507	21.1
CN7209500000000	72	095	Maunabo Municipio, PR	1997	NA	3143	2303	840	26.7
CN7209700000000	72	097	Mayaguez Municipio, PR	1997	NA	36729	30418	6311	17.2
CN7209900000000	72	099	Moca Municipio, PR	1997	NA	13306	10672	2634	19.8
CN7210100000000	72	101	Morovis Municipio, PR	1997	NA	9833	8455	1378	14
CN7210300000000	72	103	Naguabo Municipio, PR	1997	NA	7477	6211	1266	16.9
CN7210500000000	72	105	Naranjito Municipio, PR	1997	NA	7317	6281	1036	14.2
CN7210700000000	72	107	Orocovis Municipio, PR	1997	NA	5769	4831	938	16.3
CN7210900000000	72	109	Patillas Municipio, PR	1997	NA	6340	4957	1383	21.8
CN7211100000000	72	111	Penuelas Municipio, PR	1997	NA	7979	6321	1658	20.8
CN7211300000000	72	113	Ponce Municipio, PR	1997	NA	60950	50868	10082	16.5
CN7211500000000	72	115	Quebradillas Municipio, PR	1997	NA	7799	6652	1147	14.7
CN7211700000000	72	117	Rincon Municipio, PR	1997	NA	6126	5028	1098	17.9
CN7211900000000	72	119	Rio Grande Municipio, PR	1997	NA	17734	15157	2577	14.5
CN7212100000000	72	121	Sabana Grande Municipio, PR	1997	NA	8827	7382	1445	16.4
CN7212300000000	72	123	Salinas Municipio, PR	1997	NA	8621	6748	1873	21.7
CN7212500000000	72	125	San German Municipio, PR	1997	NA	13542	11131	2411	17.8
CN7212700000000	72	127	San Juan Municipio, PR	1997	NA	163482	148997	14485	8.9
CN7212900000000	72	129	San Lorenzo Municipio, PR	1997	NA	12630	10346	2284	18.1
CN7213100000000	72	131	San Sebastian Municipio, PR	1997	NA	13509	10126	3383	25
CN7213300000000	72	133	Santa Isabel Municipio, PR	1997	NA	5399	3996	1403	26
CN7213500000000	72	135	Toa Alta Municipio, PR	1997	NA	20737	19117	1620	7.8
CN7213700000000	72	137	Toa Baja Municipio, PR	1997	NA	35070	31920	3150	9
CN7213900000000	72	139	Trujillo Alto Municipio, PR	1997	NA	29705	27496	2209	7.4
CN7214100000000	72	141	Utuado Municipio, PR	1997	NA	8706	7277	1429	16.4
CN7214300000000	72	143	Vega Alta Municipio, PR	1997	NA	11421	10039	1382	12.1
CN7214500000000	72	145	Vega Baja Municipio, PR	1997	NA	20133	16768	3365	16.7
CN7214700000000	72	147	Vieques Municipio, PR	1997	NA	2675	2288	387	14.5
CN7214900000000	72	149	Villalba Municipio, PR	1997	NA	6207	4758	1449	23.3
CN7215100000000	72	151	Yabucoa Municipio, PR	1997	NA	12897	10085	2812	21.8
CN7215300000000	72	153	Yauco Municipio, PR	1997	NA	13919	11232	2687	19.3
NA	NA	NA	NA	NA	NA	NA	NA	NA	NA
SOURCE:  BLS, LAUS	NA	NA	NA	NA	NA	NA	NA	NA	NA
March 18, 2016	NA	NA	NA	NA	NA	NA	NA	NA	NA
