LAUS_CODE	STATE_FIPS	COUNTY_FIPS	COUNTY	YEAR	ESTIMATED	LABOR_FORCE	EMPLOYED	UNEMPLOYED_LEVEL	UNEMPLOYED_RATE
CN0100100000000	01	001	Autauga County, AL	2004	NA	23218	22103	1115	4.8
CN0100300000000	01	003	Baldwin County, AL	2004	NA	74772	70919	3853	5.2
CN0100500000000	01	005	Barbour County, AL	2004	NA	10633	9865	768	7.2
CN0100700000000	01	007	Bibb County, AL	2004	NA	8843	8359	484	5.5
CN0100900000000	01	009	Blount County, AL	2004	NA	26208	25101	1107	4.2
CN0101100000000	01	011	Bullock County, AL	2004	NA	3880	3430	450	11.6
CN0101300000000	01	013	Butler County, AL	2004	NA	9088	8224	864	9.5
CN0101500000000	01	015	Calhoun County, AL	2004	NA	54026	51065	2961	5.5
CN0101700000000	01	017	Chambers County, AL	2004	NA	16607	15438	1169	7
CN0101900000000	01	019	Cherokee County, AL	2004	NA	12058	11478	580	4.8
CN0102100000000	01	021	Chilton County, AL	2004	NA	19630	18702	928	4.7
CN0102300000000	01	023	Choctaw County, AL	2004	NA	5462	4992	470	8.6
CN0102500000000	01	025	Clarke County, AL	2004	NA	10391	9464	927	8.9
CN0102700000000	01	027	Clay County, AL	2004	NA	5891	5515	376	6.4
CN0102900000000	01	029	Cleburne County, AL	2004	NA	6682	6327	355	5.3
CN0103100000000	01	031	Coffee County, AL	2004	NA	20221	19136	1085	5.4
CN0103300000000	01	033	Colbert County, AL	2004	NA	24751	22986	1765	7.1
CN0103500000000	01	035	Conecuh County, AL	2004	NA	5061	4630	431	8.5
CN0103700000000	01	037	Coosa County, AL	2004	NA	4911	4560	351	7.1
CN0103900000000	01	039	Covington County, AL	2004	NA	17171	16019	1152	6.7
CN0104100000000	01	041	Crenshaw County, AL	2004	NA	5818	5418	400	6.9
CN0104300000000	01	043	Cullman County, AL	2004	NA	38483	36472	2011	5.2
CN0104500000000	01	045	Dale County, AL	2004	NA	20505	19401	1104	5.4
CN0104700000000	01	047	Dallas County, AL	2004	NA	16375	14726	1649	10.1
CN0104900000000	01	049	DeKalb County, AL	2004	NA	32051	30191	1860	5.8
CN0105100000000	01	051	Elmore County, AL	2004	NA	33284	31657	1627	4.9
CN0105300000000	01	053	Escambia County, AL	2004	NA	14306	13217	1089	7.6
CN0105500000000	01	055	Etowah County, AL	2004	NA	47170	44143	3027	6.4
CN0105700000000	01	057	Fayette County, AL	2004	NA	7876	7329	547	6.9
CN0105900000000	01	059	Franklin County, AL	2004	NA	13443	12503	940	7
CN0106100000000	01	061	Geneva County, AL	2004	NA	11688	11110	578	4.9
CN0106300000000	01	063	Greene County, AL	2004	NA	3484	3178	306	8.8
CN0106500000000	01	065	Hale County, AL	2004	NA	7049	6516	533	7.6
CN0106700000000	01	067	Henry County, AL	2004	NA	7548	7122	426	5.6
CN0106900000000	01	069	Houston County, AL	2004	NA	45913	43753	2160	4.7
CN0107100000000	01	071	Jackson County, AL	2004	NA	27035	25181	1854	6.9
CN0107300000000	01	073	Jefferson County, AL	2004	NA	320336	303284	17052	5.3
CN0107500000000	01	075	Lamar County, AL	2004	NA	6382	5856	526	8.2
CN0107700000000	01	077	Lauderdale County, AL	2004	NA	41360	38702	2658	6.4
CN0107900000000	01	079	Lawrence County, AL	2004	NA	15990	14963	1027	6.4
CN0108100000000	01	081	Lee County, AL	2004	NA	62500	59700	2800	4.5
CN0108300000000	01	083	Limestone County, AL	2004	NA	34650	32858	1792	5.2
CN0108500000000	01	085	Lowndes County, AL	2004	NA	4965	4503	462	9.3
CN0108700000000	01	087	Macon County, AL	2004	NA	8618	8016	602	7
CN0108900000000	01	089	Madison County, AL	2004	NA	157604	150260	7344	4.7
CN0109100000000	01	091	Marengo County, AL	2004	NA	8848	8303	545	6.2
CN0109300000000	01	093	Marion County, AL	2004	NA	13321	12468	853	6.4
CN0109500000000	01	095	Marshall County, AL	2004	NA	41572	39543	2029	4.9
CN0109700000000	01	097	Mobile County, AL	2004	NA	178915	167153	11762	6.6
CN0109900000000	01	099	Monroe County, AL	2004	NA	9706	8976	730	7.5
CN0110100000000	01	101	Montgomery County, AL	2004	NA	104751	98692	6059	5.8
CN0110300000000	01	103	Morgan County, AL	2004	NA	55996	52576	3420	6.1
CN0110500000000	01	105	Perry County, AL	2004	NA	3697	3320	377	10.2
CN0110700000000	01	107	Pickens County, AL	2004	NA	8027	7416	611	7.6
CN0110900000000	01	109	Pike County, AL	2004	NA	15084	14268	816	5.4
CN0111100000000	01	111	Randolph County, AL	2004	NA	10046	9367	679	6.8
CN0111300000000	01	113	Russell County, AL	2004	NA	21356	19950	1406	6.6
CN0111500000000	01	115	St. Clair County, AL	2004	NA	33092	31429	1663	5
CN0111700000000	01	117	Shelby County, AL	2004	NA	91524	88411	3113	3.4
CN0111900000000	01	119	Sumter County, AL	2004	NA	4974	4498	476	9.6
CN0112100000000	01	121	Talladega County, AL	2004	NA	38820	36178	2642	6.8
CN0112300000000	01	123	Tallapoosa County, AL	2004	NA	18367	17222	1145	6.2
CN0112500000000	01	125	Tuscaloosa County, AL	2004	NA	83274	79315	3959	4.8
CN0112700000000	01	127	Walker County, AL	2004	NA	30156	28306	1850	6.1
CN0112900000000	01	129	Washington County, AL	2004	NA	6937	6273	664	9.6
CN0113100000000	01	131	Wilcox County, AL	2004	NA	3726	3276	450	12.1
CN0113300000000	01	133	Winston County, AL	2004	NA	10337	9580	757	7.3
CN0201300000000	02	013	Aleutians East Borough, AK	2004	NA	1112	1016	96	8.6
CN0201600000000	02	016	Aleutians West Census Area, AK	2004	NA	3069	2870	199	6.5
CN0202000000000	02	020	Anchorage Borough/municipality, AK	2004	NA	146277	137591	8686	5.9
CN0205000000000	02	050	Bethel Census Area, AK	2004	NA	7004	6116	888	12.7
CN0206000000000	02	060	Bristol Bay Borough, AK	2004	NA	1040	974	66	6.3
CN0206800000000	02	068	Denali Borough, AK	2004	NA	1516	1396	120	7.9
CN0207000000000	02	070	Dillingham Census Area, AK	2004	NA	2049	1826	223	10.9
CN0209000000000	02	090	Fairbanks North Star Borough, AK	2004	NA	44051	41206	2845	6.5
CN0210000000000	02	100	Haines Borough, AK	2004	NA	1410	1270	140	9.9
CN0211000000000	02	110	Juneau Borough/city, AK	2004	NA	17932	16882	1050	5.9
CN0212200000000	02	122	Kenai Peninsula Borough, AK	2004	NA	25312	22883	2429	9.6
CN0213000000000	02	130	Ketchikan Gateway Borough, AK	2004	NA	7876	7286	590	7.5
CN0215000000000	02	150	Kodiak Island Borough, AK	2004	NA	6171	5627	544	8.8
CN0215800000000	02	158	Kusilvak Census Area, AK	2004	NA	2501	1995	506	20.2
CN0216400000000	02	164	Lake and Peninsula Borough, AK	2004	NA	915	825	90	9.8
CN0217000000000	02	170	Matanuska-Susitna Borough, AK	2004	NA	34464	31583	2881	8.4
CN0218000000000	02	180	Nome Census Area, AK	2004	NA	3948	3488	460	11.7
CN0218500000000	02	185	North Slope Borough, AK	2004	NA	3666	3291	375	10.2
CN0218800000000	02	188	Northwest Arctic Borough, AK	2004	NA	2869	2486	383	13.3
CN0220100000000	02	201	Prince of Wales-Outer Ketchikan Census Area, AK	2004	NA	2553	2207	346	13.6
CN0222000000000	02	220	Sitka Borough/city, AK	2004	NA	4578	4289	289	6.3
CN0223200000000	02	232	Skagway-Hoonah-Angoon Census Area, AK	2004	NA	1764	1530	234	13.3
CN0224000000000	02	240	Southeast Fairbanks Census Area, AK	2004	NA	2764	2431	333	12
CN0226100000000	02	261	Valdez-Cordova Census Area, AK	2004	NA	5380	4844	536	10
CN0228000000000	02	280	Wrangell-Petersburg Census Area, AK	2004	NA	2917	2556	361	12.4
CN0228200000000	02	282	Yakutat Borough/city, AK	2004	NA	306	273	33	10.8
CN0229000000000	02	290	Yukon-Koyukuk Census Area, AK	2004	NA	3298	2903	395	12
CN0400100000000	04	001	Apache County, AZ	2004	NA	20403	18055	2348	11.5
CN0400300000000	04	003	Cochise County, AZ	2004	NA	54664	51941	2723	5
CN0400500000000	04	005	Coconino County, AZ	2004	NA	66968	63381	3587	5.4
CN0400700000000	04	007	Gila County, AZ	2004	NA	20754	19418	1336	6.4
CN0400900000000	04	009	Graham County, AZ	2004	NA	12081	11273	808	6.7
CN0401100000000	04	011	Greenlee County, AZ	2004	NA	3445	3267	178	5.2
CN0401200000000	04	012	La Paz County, AZ	2004	NA	7620	7106	514	6.7
CN0401300000000	04	013	Maricopa County, AZ	2004	NA	1789725	1710158	79567	4.4
CN0401500000000	04	015	Mohave County, AZ	2004	NA	84631	80882	3749	4.4
CN0401700000000	04	017	Navajo County, AZ	2004	NA	37898	34656	3242	8.6
CN0401900000000	04	019	Pima County, AZ	2004	NA	438856	418266	20590	4.7
CN0402100000000	04	021	Pinal County, AZ	2004	NA	81981	77037	4944	6
CN0402300000000	04	023	Santa Cruz County, AZ	2004	NA	15616	14124	1492	9.6
CN0402500000000	04	025	Yavapai County, AZ	2004	NA	87831	83750	4081	4.6
CN0402700000000	04	027	Yuma County, AZ	2004	NA	73799	62116	11683	15.8
CN0500100000000	05	001	Arkansas County, AR	2004	NA	10844	10195	649	6
CN0500300000000	05	003	Ashley County, AR	2004	NA	9682	8766	916	9.5
CN0500500000000	05	005	Baxter County, AR	2004	NA	16428	15409	1019	6.2
CN0500700000000	05	007	Benton County, AR	2004	NA	93006	89633	3373	3.6
CN0500900000000	05	009	Boone County, AR	2004	NA	16216	15254	962	5.9
CN0501100000000	05	011	Bradley County, AR	2004	NA	5545	5117	428	7.7
CN0501300000000	05	013	Calhoun County, AR	2004	NA	2586	2410	176	6.8
CN0501500000000	05	015	Carroll County, AR	2004	NA	13353	12701	652	4.9
CN0501700000000	05	017	Chicot County, AR	2004	NA	4913	4373	540	11
CN0501900000000	05	019	Clark County, AR	2004	NA	11081	10395	686	6.2
CN0502100000000	05	021	Clay County, AR	2004	NA	7309	6719	590	8.1
CN0502300000000	05	023	Cleburne County, AR	2004	NA	11093	10493	600	5.4
CN0502500000000	05	025	Cleveland County, AR	2004	NA	4151	3873	278	6.7
CN0502700000000	05	027	Columbia County, AR	2004	NA	10781	10075	706	6.5
CN0502900000000	05	029	Conway County, AR	2004	NA	9428	8883	545	5.8
CN0503100000000	05	031	Craighead County, AR	2004	NA	44183	41771	2412	5.5
CN0503300000000	05	033	Crawford County, AR	2004	NA	26217	24865	1352	5.2
CN0503500000000	05	035	Crittenden County, AR	2004	NA	21819	20309	1510	6.9
CN0503700000000	05	037	Cross County, AR	2004	NA	8556	7859	697	8.1
CN0503900000000	05	039	Dallas County, AR	2004	NA	3784	3501	283	7.5
CN0504100000000	05	041	Desha County, AR	2004	NA	6028	5481	547	9.1
CN0504300000000	05	043	Drew County, AR	2004	NA	8632	7946	686	7.9
CN0504500000000	05	045	Faulkner County, AR	2004	NA	49854	47372	2482	5
CN0504700000000	05	047	Franklin County, AR	2004	NA	8172	7779	393	4.8
CN0504900000000	05	049	Fulton County, AR	2004	NA	4977	4674	303	6.1
CN0505100000000	05	051	Garland County, AR	2004	NA	40617	38104	2513	6.2
CN0505300000000	05	053	Grant County, AR	2004	NA	8416	7953	463	5.5
CN0505500000000	05	055	Greene County, AR	2004	NA	17815	16719	1096	6.2
CN0505700000000	05	057	Hempstead County, AR	2004	NA	10838	10194	644	5.9
CN0505900000000	05	059	Hot Spring County, AR	2004	NA	14615	13724	891	6.1
CN0506100000000	05	061	Howard County, AR	2004	NA	6366	5981	385	6
CN0506300000000	05	063	Independence County, AR	2004	NA	17386	16284	1102	6.3
CN0506500000000	05	065	Izard County, AR	2004	NA	5206	4844	362	7
CN0506700000000	05	067	Jackson County, AR	2004	NA	7800	7122	678	8.7
CN0506900000000	05	069	Jefferson County, AR	2004	NA	36496	33626	2870	7.9
CN0507100000000	05	071	Johnson County, AR	2004	NA	10826	10239	587	5.4
CN0507300000000	05	073	Lafayette County, AR	2004	NA	3293	3056	237	7.2
CN0507500000000	05	075	Lawrence County, AR	2004	NA	7549	6941	608	8.1
CN0507700000000	05	077	Lee County, AR	2004	NA	3448	3060	388	11.3
CN0507900000000	05	079	Lincoln County, AR	2004	NA	5150	4752	398	7.7
CN0508100000000	05	081	Little River County, AR	2004	NA	6439	6121	318	4.9
CN0508300000000	05	083	Logan County, AR	2004	NA	9928	9391	537	5.4
CN0508500000000	05	085	Lonoke County, AR	2004	NA	29046	27684	1362	4.7
CN0508700000000	05	087	Madison County, AR	2004	NA	7422	7117	305	4.1
CN0508900000000	05	089	Marion County, AR	2004	NA	6551	6158	393	6
CN0509100000000	05	091	Miller County, AR	2004	NA	18839	17916	923	4.9
CN0509300000000	05	093	Mississippi County, AR	2004	NA	19723	17741	1982	10
CN0509500000000	05	095	Monroe County, AR	2004	NA	3826	3555	271	7.1
CN0509700000000	05	097	Montgomery County, AR	2004	NA	4224	3995	229	5.4
CN0509900000000	05	099	Nevada County, AR	2004	NA	4369	4105	264	6
CN0510100000000	05	101	Newton County, AR	2004	NA	3573	3353	220	6.2
CN0510300000000	05	103	Ouachita County, AR	2004	NA	12299	11456	843	6.9
CN0510500000000	05	105	Perry County, AR	2004	NA	4851	4574	277	5.7
CN0510700000000	05	107	Phillips County, AR	2004	NA	9015	8193	822	9.1
CN0510900000000	05	109	Pike County, AR	2004	NA	5110	4831	279	5.5
CN0511100000000	05	111	Poinsett County, AR	2004	NA	11234	10514	720	6.4
CN0511300000000	05	113	Polk County, AR	2004	NA	8420	7912	508	6
CN0511500000000	05	115	Pope County, AR	2004	NA	27467	25989	1478	5.4
CN0511700000000	05	117	Prairie County, AR	2004	NA	4362	4130	232	5.3
CN0511900000000	05	119	Pulaski County, AR	2004	NA	185731	176064	9667	5.2
CN0512100000000	05	121	Randolph County, AR	2004	NA	7713	7074	639	8.3
CN0512300000000	05	123	St. Francis County, AR	2004	NA	10638	9652	986	9.3
CN0512500000000	05	125	Saline County, AR	2004	NA	45251	43152	2099	4.6
CN0512700000000	05	127	Scott County, AR	2004	NA	4575	4339	236	5.2
CN0512900000000	05	129	Searcy County, AR	2004	NA	3330	3139	191	5.7
CN0513100000000	05	131	Sebastian County, AR	2004	NA	57291	54544	2747	4.8
CN0513300000000	05	133	Sevier County, AR	2004	NA	7511	7162	349	4.6
CN0513500000000	05	135	Sharp County, AR	2004	NA	6473	5961	512	7.9
CN0513700000000	05	137	Stone County, AR	2004	NA	4464	4127	337	7.5
CN0513900000000	05	139	Union County, AR	2004	NA	19742	18284	1458	7.4
CN0514100000000	05	141	Van Buren County, AR	2004	NA	6923	6437	486	7
CN0514300000000	05	143	Washington County, AR	2004	NA	94255	90635	3620	3.8
CN0514500000000	05	145	White County, AR	2004	NA	31818	29770	2048	6.4
CN0514700000000	05	147	Woodruff County, AR	2004	NA	3490	3140	350	10
CN0514900000000	05	149	Yell County, AR	2004	NA	9963	9459	504	5.1
CN0600100000000	06	001	Alameda County, CA	2004	NA	741617	698223	43394	5.9
CN0600300000000	06	003	Alpine County, CA	2004	NA	534	491	43	8.1
CN0600500000000	06	005	Amador County, CA	2004	NA	16906	15932	974	5.8
CN0600700000000	06	007	Butte County, CA	2004	NA	97434	90271	7163	7.4
CN0600900000000	06	009	Calaveras County, CA	2004	NA	19956	18606	1350	6.8
CN0601100000000	06	011	Colusa County, CA	2004	NA	9513	8216	1297	13.6
CN0601300000000	06	013	Contra Costa County, CA	2004	NA	507762	480274	27488	5.4
CN0601500000000	06	015	Del Norte County, CA	2004	NA	10626	9772	854	8
CN0601700000000	06	017	El Dorado County, CA	2004	NA	88838	84174	4664	5.3
CN0601900000000	06	019	Fresno County, CA	2004	NA	404288	362204	42084	10.4
CN0602100000000	06	021	Glenn County, CA	2004	NA	11451	10385	1066	9.3
CN0602300000000	06	023	Humboldt County, CA	2004	NA	60401	56493	3908	6.5
CN0602500000000	06	025	Imperial County, CA	2004	NA	59427	49334	10093	17
CN0602700000000	06	027	Inyo County, CA	2004	NA	9247	8756	491	5.3
CN0602900000000	06	029	Kern County, CA	2004	NA	314447	283402	31045	9.9
CN0603100000000	06	031	Kings County, CA	2004	NA	53159	47322	5837	11
CN0603300000000	06	033	Lake County, CA	2004	NA	25764	23442	2322	9
CN0603500000000	06	035	Lassen County, CA	2004	NA	12181	11259	922	7.6
CN0603700000000	06	037	Los Angeles County, CA	2004	NA	4753481	4445361	308120	6.5
CN0603900000000	06	039	Madera County, CA	2004	NA	61102	55523	5579	9.1
CN0604100000000	06	041	Marin County, CA	2004	NA	129155	123465	5690	4.4
CN0604300000000	06	043	Mariposa County, CA	2004	NA	8570	7997	573	6.7
CN0604500000000	06	045	Mendocino County, CA	2004	NA	43861	41053	2808	6.4
CN0604700000000	06	047	Merced County, CA	2004	NA	97625	86994	10631	10.9
CN0604900000000	06	049	Modoc County, CA	2004	NA	4049	3695	354	8.7
CN0605100000000	06	051	Mono County, CA	2004	NA	8286	7869	417	5
CN0605300000000	06	053	Monterey County, CA	2004	NA	207233	190103	17130	8.3
CN0605500000000	06	055	Napa County, CA	2004	NA	71171	67804	3367	4.7
CN0605700000000	06	057	Nevada County, CA	2004	NA	48697	46122	2575	5.3
CN0605900000000	06	059	Orange County, CA	2004	NA	1569114	1502719	66395	4.2
CN0606100000000	06	061	Placer County, CA	2004	NA	158523	150962	7561	4.8
CN0606300000000	06	063	Plumas County, CA	2004	NA	10397	9380	1017	9.8
CN0606500000000	06	065	Riverside County, CA	2004	NA	817683	768869	48814	6
CN0606700000000	06	067	Sacramento County, CA	2004	NA	659062	622197	36865	5.6
CN0606900000000	06	069	San Benito County, CA	2004	NA	25076	22682	2394	9.5
CN0607100000000	06	071	San Bernardino County, CA	2004	NA	829185	781585	47600	5.7
CN0607300000000	06	073	San Diego County, CA	2004	NA	1478541	1408922	69619	4.7
CN0607500000000	06	075	San Francisco County/city, CA	2004	NA	418507	394397	24110	5.8
CN0607700000000	06	077	San Joaquin County, CA	2004	NA	281401	256891	24510	8.7
CN0607900000000	06	079	San Luis Obispo County, CA	2004	NA	129550	123650	5900	4.6
CN0608100000000	06	081	San Mateo County, CA	2004	NA	361489	343993	17496	4.8
CN0608300000000	06	083	Santa Barbara County, CA	2004	NA	210987	201038	9949	4.7
CN0608500000000	06	085	Santa Clara County, CA	2004	NA	821616	768970	52646	6.4
CN0608700000000	06	087	Santa Cruz County, CA	2004	NA	143470	133430	10040	7
CN0608900000000	06	089	Shasta County, CA	2004	NA	82432	76182	6250	7.6
CN0609100000000	06	091	Sierra County, CA	2004	NA	1581	1428	153	9.7
CN0609300000000	06	093	Siskiyou County, CA	2004	NA	18972	17182	1790	9.4
CN0609500000000	06	095	Solano County, CA	2004	NA	206294	194329	11965	5.8
CN0609700000000	06	097	Sonoma County, CA	2004	NA	253992	241462	12530	4.9
CN0609900000000	06	099	Stanislaus County, CA	2004	NA	223664	203101	20563	9.2
CN0610100000000	06	101	Sutter County, CA	2004	NA	40049	35817	4232	10.6
CN0610300000000	06	103	Tehama County, CA	2004	NA	25289	23424	1865	7.4
CN0610500000000	06	105	Trinity County, CA	2004	NA	5237	4664	573	10.9
CN0610700000000	06	107	Tulare County, CA	2004	NA	179763	158989	20774	11.6
CN0610900000000	06	109	Tuolumne County, CA	2004	NA	25551	23788	1763	6.9
CN0611100000000	06	111	Ventura County, CA	2004	NA	412278	390262	22016	5.3
CN0611300000000	06	113	Yolo County, CA	2004	NA	91911	86345	5566	6.1
CN0611500000000	06	115	Yuba County, CA	2004	NA	25235	22795	2440	9.7
CN0800100000000	08	001	Adams County, CO	2004	NA	205154	192092	13062	6.4
CN0800300000000	08	003	Alamosa County, CO	2004	NA	8256	7774	482	5.8
CN0800500000000	08	005	Arapahoe County, CO	2004	NA	296059	279684	16375	5.5
CN0800700000000	08	007	Archuleta County, CO	2004	NA	5785	5470	315	5.4
CN0800900000000	08	009	Baca County, CO	2004	NA	2358	2274	84	3.6
CN0801100000000	08	011	Bent County, CO	2004	NA	2400	2249	151	6.3
CN0801300000000	08	013	Boulder County, CO	2004	NA	166606	158571	8035	4.8
CN0801400000000	08	014	Broomfield County/city, CO	2004	NA	24110	22747	1363	5.7
CN0801500000000	08	015	Chaffee County, CO	2004	NA	8084	7613	471	5.8
CN0801700000000	08	017	Cheyenne County, CO	2004	NA	1329	1289	40	3
CN0801900000000	08	019	Clear Creek County, CO	2004	NA	5870	5542	328	5.6
CN0802100000000	08	021	Conejos County, CO	2004	NA	3806	3508	298	7.8
CN0802300000000	08	023	Costilla County, CO	2004	NA	1358	1214	144	10.6
CN0802500000000	08	025	Crowley County, CO	2004	NA	1626	1496	130	8
CN0802700000000	08	027	Custer County, CO	2004	NA	2024	1920	104	5.1
CN0802900000000	08	029	Delta County, CO	2004	NA	14604	13822	782	5.4
CN0803100000000	08	031	Denver County/city, CO	2004	NA	303137	283567	19570	6.5
CN0803300000000	08	033	Dolores County, CO	2004	NA	976	912	64	6.6
CN0803500000000	08	035	Douglas County, CO	2004	NA	136547	130326	6221	4.6
CN0803700000000	08	037	Eagle County, CO	2004	NA	27314	26136	1178	4.3
CN0803900000000	08	039	Elbert County, CO	2004	NA	12726	12115	611	4.8
CN0804100000000	08	041	El Paso County, CO	2004	NA	285556	269440	16116	5.6
CN0804300000000	08	043	Fremont County, CO	2004	NA	18890	17622	1268	6.7
CN0804500000000	08	045	Garfield County, CO	2004	NA	28216	27034	1182	4.2
CN0804700000000	08	047	Gilpin County, CO	2004	NA	3310	3132	178	5.4
CN0804900000000	08	049	Grand County, CO	2004	NA	8491	8142	349	4.1
CN0805100000000	08	051	Gunnison County, CO	2004	NA	8716	8358	358	4.1
CN0805300000000	08	053	Hinsdale County, CO	2004	NA	603	583	20	3.3
CN0805500000000	08	055	Huerfano County, CO	2004	NA	3287	3021	266	8.1
CN0805700000000	08	057	Jackson County, CO	2004	NA	1111	1072	39	3.5
CN0805900000000	08	059	Jefferson County, CO	2004	NA	305347	289174	16173	5.3
CN0806100000000	08	061	Kiowa County, CO	2004	NA	901	855	46	5.1
CN0806300000000	08	063	Kit Carson County, CO	2004	NA	4300	4151	149	3.5
CN0806500000000	08	065	Lake County, CO	2004	NA	3889	3672	217	5.6
CN0806700000000	08	067	La Plata County, CO	2004	NA	28238	27094	1144	4.1
CN0806900000000	08	069	Larimer County, CO	2004	NA	163742	156259	7483	4.6
CN0807100000000	08	071	Las Animas County, CO	2004	NA	7980	7551	429	5.4
CN0807300000000	08	073	Lincoln County, CO	2004	NA	3040	2914	126	4.1
CN0807500000000	08	075	Logan County, CO	2004	NA	10748	10289	459	4.3
CN0807700000000	08	077	Mesa County, CO	2004	NA	69349	65636	3713	5.4
CN0807900000000	08	079	Mineral County, CO	2004	NA	470	448	22	4.7
CN0808100000000	08	081	Moffat County, CO	2004	NA	7697	7320	377	4.9
CN0808300000000	08	083	Montezuma County, CO	2004	NA	12587	11900	687	5.5
CN0808500000000	08	085	Montrose County, CO	2004	NA	19104	18100	1004	5.3
CN0808700000000	08	087	Morgan County, CO	2004	NA	14304	13663	641	4.5
CN0808900000000	08	089	Otero County, CO	2004	NA	9318	8756	562	6
CN0809100000000	08	091	Ouray County, CO	2004	NA	2677	2571	106	4
CN0809300000000	08	093	Park County, CO	2004	NA	9582	9072	510	5.3
CN0809500000000	08	095	Phillips County, CO	2004	NA	2351	2267	84	3.6
CN0809700000000	08	097	Pitkin County, CO	2004	NA	10684	10164	520	4.9
CN0809900000000	08	099	Prowers County, CO	2004	NA	7396	7072	324	4.4
CN0810100000000	08	101	Pueblo County, CO	2004	NA	69123	64060	5063	7.3
CN0810300000000	08	103	Rio Blanco County, CO	2004	NA	3768	3625	143	3.8
CN0810500000000	08	105	Rio Grande County, CO	2004	NA	6552	6158	394	6
CN0810700000000	08	107	Routt County, CO	2004	NA	14124	13578	546	3.9
CN0810900000000	08	109	Saguache County, CO	2004	NA	3095	2880	215	6.9
CN0811100000000	08	111	San Juan County, CO	2004	NA	538	505	33	6.1
CN0811300000000	08	113	San Miguel County, CO	2004	NA	5036	4800	236	4.7
CN0811500000000	08	115	Sedgwick County, CO	2004	NA	1581	1530	51	3.2
CN0811700000000	08	117	Summit County, CO	2004	NA	16054	15380	674	4.2
CN0811900000000	08	119	Teller County, CO	2004	NA	12491	11799	692	5.5
CN0812100000000	08	121	Washington County, CO	2004	NA	2795	2685	110	3.9
CN0812300000000	08	123	Weld County, CO	2004	NA	109077	102985	6092	5.6
CN0812500000000	08	125	Yuma County, CO	2004	NA	6122	5926	196	3.2
CN0900100000000	09	001	Fairfield County, CT	2004	NA	448115	428096	20019	4.5
CN0900300000000	09	003	Hartford County, CT	2004	NA	431901	408102	23799	5.5
CN0900500000000	09	005	Litchfield County, CT	2004	NA	101343	96523	4820	4.8
CN0900700000000	09	007	Middlesex County, CT	2004	NA	87715	84009	3706	4.2
CN0900900000000	09	009	New Haven County, CT	2004	NA	424886	402256	22630	5.3
CN0901100000000	09	011	New London County, CT	2004	NA	141448	135028	6420	4.5
CN0901300000000	09	013	Tolland County, CT	2004	NA	79351	76061	3290	4.1
CN0901500000000	09	015	Windham County, CT	2004	NA	59442	56141	3301	5.6
CN1000100000000	10	001	Kent County, DE	2004	NA	69048	66624	2424	3.5
CN1000300000000	10	003	New Castle County, DE	2004	NA	266051	254797	11254	4.2
CN1000500000000	10	005	Sussex County, DE	2004	NA	85284	82178	3106	3.6
CN1100100000000	11	001	District of Columbia	2004	NA	312027	287683	24344	7.8
CN1200100000000	12	001	Alachua County, FL	2004	NA	120256	115973	4283	3.6
CN1200300000000	12	003	Baker County, FL	2004	NA	10601	10171	430	4.1
CN1200500000000	12	005	Bay County, FL	2004	NA	78802	75238	3564	4.5
CN1200700000000	12	007	Bradford County, FL	2004	NA	11582	11123	459	4
CN1200900000000	12	009	Brevard County, FL	2004	NA	249353	237866	11487	4.6
CN1201100000000	12	011	Broward County, FL	2004	NA	924362	880488	43874	4.7
CN1201300000000	12	013	Calhoun County, FL	2004	NA	5288	5029	259	4.9
CN1201500000000	12	015	Charlotte County, FL	2004	NA	61519	58148	3371	5.5
CN1201700000000	12	017	Citrus County, FL	2004	NA	48233	45536	2697	5.6
CN1201900000000	12	019	Clay County, FL	2004	NA	81664	78118	3546	4.3
CN1202100000000	12	021	Collier County, FL	2004	NA	138907	132878	6029	4.3
CN1202300000000	12	023	Columbia County, FL	2004	NA	27269	26070	1199	4.4
CN1202700000000	12	027	DeSoto County, FL	2004	NA	13484	12690	794	5.9
CN1202900000000	12	029	Dixie County, FL	2004	NA	5069	4800	269	5.3
CN1203100000000	12	031	Duval County, FL	2004	NA	411112	390042	21070	5.1
CN1203300000000	12	033	Escambia County, FL	2004	NA	131998	125535	6463	4.9
CN1203500000000	12	035	Flagler County, FL	2004	NA	27368	25913	1455	5.3
CN1203700000000	12	037	Franklin County, FL	2004	NA	5095	4909	186	3.7
CN1203900000000	12	039	Gadsden County, FL	2004	NA	19987	19022	965	4.8
CN1204100000000	12	041	Gilchrist County, FL	2004	NA	7135	6847	288	4
CN1204300000000	12	043	Glades County, FL	2004	NA	4499	4249	250	5.6
CN1204500000000	12	045	Gulf County, FL	2004	NA	5964	5728	236	4
CN1204700000000	12	047	Hamilton County, FL	2004	NA	4558	4333	225	4.9
CN1204900000000	12	049	Hardee County, FL	2004	NA	10934	10245	689	6.3
CN1205100000000	12	051	Hendry County, FL	2004	NA	17001	15543	1458	8.6
CN1205300000000	12	053	Hernando County, FL	2004	NA	55841	52578	3263	5.8
CN1205500000000	12	055	Highlands County, FL	2004	NA	37751	35723	2028	5.4
CN1205700000000	12	057	Hillsborough County, FL	2004	NA	569195	543533	25662	4.5
CN1205900000000	12	059	Holmes County, FL	2004	NA	7987	7619	368	4.6
CN1206100000000	12	061	Indian River County, FL	2004	NA	56200	52264	3936	7
CN1206300000000	12	063	Jackson County, FL	2004	NA	20873	20015	858	4.1
CN1206500000000	12	065	Jefferson County, FL	2004	NA	6627	6377	250	3.8
CN1206700000000	12	067	Lafayette County, FL	2004	NA	2797	2702	95	3.4
CN1206900000000	12	069	Lake County, FL	2004	NA	110583	105453	5130	4.6
CN1207100000000	12	071	Lee County, FL	2004	NA	251852	241399	10453	4.2
CN1207300000000	12	073	Leon County, FL	2004	NA	133899	128757	5142	3.8
CN1207500000000	12	075	Levy County, FL	2004	NA	15616	14860	756	4.8
CN1207700000000	12	077	Liberty County, FL	2004	NA	3141	3027	114	3.6
CN1207900000000	12	079	Madison County, FL	2004	NA	7192	6801	391	5.4
CN1208100000000	12	081	Manatee County, FL	2004	NA	142577	136478	6099	4.3
CN1208300000000	12	083	Marion County, FL	2004	NA	119728	113984	5744	4.8
CN1208500000000	12	085	Martin County, FL	2004	NA	62199	58991	3208	5.2
CN1208600000000	12	086	Miami-Dade County, FL	2004	NA	1106508	1062894	43614	3.9
CN1208700000000	12	087	Monroe County, FL	2004	NA	45976	44527	1449	3.2
CN1208900000000	12	089	Nassau County, FL	2004	NA	31256	29941	1315	4.2
CN1209100000000	12	091	Okaloosa County, FL	2004	NA	93054	89920	3134	3.4
CN1209300000000	12	093	Okeechobee County, FL	2004	NA	16182	15144	1038	6.4
CN1209500000000	12	095	Orange County, FL	2004	NA	530884	506346	24538	4.6
CN1209700000000	12	097	Osceola County, FL	2004	NA	109692	104334	5358	4.9
CN1209900000000	12	099	Palm Beach County, FL	2004	NA	598161	566247	31914	5.3
CN1210100000000	12	101	Pasco County, FL	2004	NA	173717	164628	9089	5.2
CN1210300000000	12	103	Pinellas County, FL	2004	NA	465181	443802	21379	4.6
CN1210500000000	12	105	Polk County, FL	2004	NA	249232	236570	12662	5.1
CN1210700000000	12	107	Putnam County, FL	2004	NA	30759	29075	1684	5.5
CN1210900000000	12	109	St. Johns County, FL	2004	NA	77315	74386	2929	3.8
CN1211100000000	12	111	St. Lucie County, FL	2004	NA	104341	97567	6774	6.5
CN1211300000000	12	113	Santa Rosa County, FL	2004	NA	63198	60368	2830	4.5
CN1211500000000	12	115	Sarasota County, FL	2004	NA	167945	160928	7017	4.2
CN1211700000000	12	117	Seminole County, FL	2004	NA	219012	209455	9557	4.4
CN1211900000000	12	119	Sumter County, FL	2004	NA	21051	20065	986	4.7
CN1212100000000	12	121	Suwannee County, FL	2004	NA	16163	15453	710	4.4
CN1212300000000	12	123	Taylor County, FL	2004	NA	8379	7920	459	5.5
CN1212500000000	12	125	Union County, FL	2004	NA	4893	4711	182	3.7
CN1212700000000	12	127	Volusia County, FL	2004	NA	234360	223275	11085	4.7
CN1212900000000	12	129	Wakulla County, FL	2004	NA	13536	13051	485	3.6
CN1213100000000	12	131	Walton County, FL	2004	NA	24444	23573	871	3.6
CN1213300000000	12	133	Washington County, FL	2004	NA	9093	8670	423	4.7
CN1300100000000	13	001	Appling County, GA	2004	NA	8207	7689	518	6.3
CN1300300000000	13	003	Atkinson County, GA	2004	NA	3585	3307	278	7.8
CN1300500000000	13	005	Bacon County, GA	2004	NA	4302	4075	227	5.3
CN1300700000000	13	007	Baker County, GA	2004	NA	1798	1718	80	4.4
CN1300900000000	13	009	Baldwin County, GA	2004	NA	20150	19186	964	4.8
CN1301100000000	13	011	Banks County, GA	2004	NA	8786	8472	314	3.6
CN1301300000000	13	013	Barrow County, GA	2004	NA	28718	27421	1297	4.5
CN1301500000000	13	015	Bartow County, GA	2004	NA	43182	40898	2284	5.3
CN1301700000000	13	017	Ben Hill County, GA	2004	NA	7882	7500	382	4.8
CN1301900000000	13	019	Berrien County, GA	2004	NA	8592	8275	317	3.7
CN1302100000000	13	021	Bibb County, GA	2004	NA	72537	68846	3691	5.1
CN1302300000000	13	023	Bleckley County, GA	2004	NA	5104	4801	303	5.9
CN1302500000000	13	025	Brantley County, GA	2004	NA	7330	6962	368	5
CN1302700000000	13	027	Brooks County, GA	2004	NA	8058	7774	284	3.5
CN1302900000000	13	029	Bryan County, GA	2004	NA	14330	13818	512	3.6
CN1303100000000	13	031	Bulloch County, GA	2004	NA	29027	27710	1317	4.5
CN1303300000000	13	033	Burke County, GA	2004	NA	9997	9314	683	6.8
CN1303500000000	13	035	Butts County, GA	2004	NA	8847	8355	492	5.6
CN1303700000000	13	037	Calhoun County, GA	2004	NA	2326	2189	137	5.9
CN1303900000000	13	039	Camden County, GA	2004	NA	19071	18213	858	4.5
CN1304300000000	13	043	Candler County, GA	2004	NA	4394	4190	204	4.6
CN1304500000000	13	045	Carroll County, GA	2004	NA	48730	46314	2416	5
CN1304700000000	13	047	Catoosa County, GA	2004	NA	33912	32717	1195	3.5
CN1304900000000	13	049	Charlton County, GA	2004	NA	4216	4006	210	5
CN1305100000000	13	051	Chatham County, GA	2004	NA	121432	116271	5161	4.3
CN1305300000000	13	053	Chattahoochee County, GA	2004	NA	2760	2512	248	9
CN1305500000000	13	055	Chattooga County, GA	2004	NA	10958	10408	550	5
CN1305700000000	13	057	Cherokee County, GA	2004	NA	94256	90610	3646	3.9
CN1305900000000	13	059	Clarke County, GA	2004	NA	57858	55500	2358	4.1
CN1306100000000	13	061	Clay County, GA	2004	NA	1445	1368	77	5.3
CN1306300000000	13	063	Clayton County, GA	2004	NA	132632	124857	7775	5.9
CN1306500000000	13	065	Clinch County, GA	2004	NA	2419	2277	142	5.9
CN1306700000000	13	067	Cobb County, GA	2004	NA	362060	346157	15903	4.4
CN1306900000000	13	069	Coffee County, GA	2004	NA	17305	16253	1052	6.1
CN1307100000000	13	071	Colquitt County, GA	2004	NA	18211	17331	880	4.8
CN1307300000000	13	073	Columbia County, GA	2004	NA	55009	52893	2116	3.8
CN1307500000000	13	075	Cook County, GA	2004	NA	6845	6482	363	5.3
CN1307700000000	13	077	Coweta County, GA	2004	NA	53044	50865	2179	4.1
CN1307900000000	13	079	Crawford County, GA	2004	NA	6219	5919	300	4.8
CN1308100000000	13	081	Crisp County, GA	2004	NA	9831	9297	534	5.4
CN1308300000000	13	083	Dade County, GA	2004	NA	8324	7982	342	4.1
CN1308500000000	13	085	Dawson County, GA	2004	NA	9882	9491	391	4
CN1308700000000	13	087	Decatur County, GA	2004	NA	11637	10863	774	6.7
CN1308900000000	13	089	DeKalb County, GA	2004	NA	363403	343516	19887	5.5
CN1309100000000	13	091	Dodge County, GA	2004	NA	8517	8087	430	5
CN1309300000000	13	093	Dooly County, GA	2004	NA	4553	4282	271	6
CN1309500000000	13	095	Dougherty County, GA	2004	NA	41136	38666	2470	6
CN1309700000000	13	097	Douglas County, GA	2004	NA	55960	53249	2711	4.8
CN1309900000000	13	099	Early County, GA	2004	NA	5598	5316	282	5
CN1310100000000	13	101	Echols County, GA	2004	NA	2185	2118	67	3.1
CN1310300000000	13	103	Effingham County, GA	2004	NA	23727	22832	895	3.8
CN1310500000000	13	105	Elbert County, GA	2004	NA	9937	9385	552	5.6
CN1310700000000	13	107	Emanuel County, GA	2004	NA	10313	9775	538	5.2
CN1310900000000	13	109	Evans County, GA	2004	NA	4737	4544	193	4.1
CN1311100000000	13	111	Fannin County, GA	2004	NA	9729	9243	486	5
CN1311300000000	13	113	Fayette County, GA	2004	NA	51088	49179	1909	3.7
CN1311500000000	13	115	Floyd County, GA	2004	NA	49196	46862	2334	4.7
CN1311700000000	13	117	Forsyth County, GA	2004	NA	70229	67788	2441	3.5
CN1311900000000	13	119	Franklin County, GA	2004	NA	10315	9791	524	5.1
CN1312100000000	13	121	Fulton County, GA	2004	NA	448696	425535	23161	5.2
CN1312300000000	13	123	Gilmer County, GA	2004	NA	12787	12255	532	4.2
CN1312500000000	13	125	Glascock County, GA	2004	NA	1194	1136	58	4.9
CN1312700000000	13	127	Glynn County, GA	2004	NA	37453	35932	1521	4.1
CN1312900000000	13	129	Gordon County, GA	2004	NA	25516	24371	1145	4.5
CN1313100000000	13	131	Grady County, GA	2004	NA	11057	10559	498	4.5
CN1313300000000	13	133	Greene County, GA	2004	NA	6387	5996	391	6.1
CN1313500000000	13	135	Gwinnett County, GA	2004	NA	381656	365548	16108	4.2
CN1313700000000	13	137	Habersham County, GA	2004	NA	19338	18604	734	3.8
CN1313900000000	13	139	Hall County, GA	2004	NA	80083	76884	3199	4
CN1314100000000	13	141	Hancock County, GA	2004	NA	3326	3102	224	6.7
CN1314300000000	13	143	Haralson County, GA	2004	NA	12614	11965	649	5.1
CN1314500000000	13	145	Harris County, GA	2004	NA	14638	14037	601	4.1
CN1314700000000	13	147	Hart County, GA	2004	NA	10990	10434	556	5.1
CN1314900000000	13	149	Heard County, GA	2004	NA	4876	4614	262	5.4
CN1315100000000	13	151	Henry County, GA	2004	NA	82971	79319	3652	4.4
CN1315300000000	13	153	Houston County, GA	2004	NA	60299	57888	2411	4
CN1315500000000	13	155	Irwin County, GA	2004	NA	4393	4184	209	4.8
CN1315700000000	13	157	Jackson County, GA	2004	NA	23900	22864	1036	4.3
CN1315900000000	13	159	Jasper County, GA	2004	NA	6043	5741	302	5
CN1316100000000	13	161	Jeff Davis County, GA	2004	NA	5363	4983	380	7.1
CN1316300000000	13	163	Jefferson County, GA	2004	NA	7124	6559	565	7.9
CN1316500000000	13	165	Jenkins County, GA	2004	NA	3290	3086	204	6.2
CN1316700000000	13	167	Johnson County, GA	2004	NA	3724	3519	205	5.5
CN1316900000000	13	169	Jones County, GA	2004	NA	13371	12800	571	4.3
CN1317100000000	13	171	Lamar County, GA	2004	NA	7687	7255	432	5.6
CN1317300000000	13	173	Lanier County, GA	2004	NA	3655	3523	132	3.6
CN1317500000000	13	175	Laurens County, GA	2004	NA	21900	20692	1208	5.5
CN1317700000000	13	177	Lee County, GA	2004	NA	15699	15150	549	3.5
CN1317900000000	13	179	Liberty County, GA	2004	NA	22164	20954	1210	5.5
CN1318100000000	13	181	Lincoln County, GA	2004	NA	3537	3315	222	6.3
CN1318300000000	13	183	Long County, GA	2004	NA	5235	5025	210	4
CN1318500000000	13	185	Lowndes County, GA	2004	NA	48720	47012	1708	3.5
CN1318700000000	13	187	Lumpkin County, GA	2004	NA	11826	11324	502	4.2
CN1318900000000	13	189	McDuffie County, GA	2004	NA	10490	9885	605	5.8
CN1319100000000	13	191	McIntosh County, GA	2004	NA	5088	4854	234	4.6
CN1319300000000	13	193	Macon County, GA	2004	NA	5232	4816	416	8
CN1319500000000	13	195	Madison County, GA	2004	NA	14929	14313	616	4.1
CN1319700000000	13	197	Marion County, GA	2004	NA	3339	3156	183	5.5
CN1319900000000	13	199	Meriwether County, GA	2004	NA	9679	9042	637	6.6
CN1320100000000	13	201	Miller County, GA	2004	NA	3436	3290	146	4.2
CN1320500000000	13	205	Mitchell County, GA	2004	NA	9865	9288	577	5.8
CN1320700000000	13	207	Monroe County, GA	2004	NA	12424	11895	529	4.3
CN1320900000000	13	209	Montgomery County, GA	2004	NA	4198	3967	231	5.5
CN1321100000000	13	211	Morgan County, GA	2004	NA	8579	8220	359	4.2
CN1321300000000	13	213	Murray County, GA	2004	NA	20676	19849	827	4
CN1321500000000	13	215	Muscogee County, GA	2004	NA	83704	79046	4658	5.6
CN1321700000000	13	217	Newton County, GA	2004	NA	39511	37451	2060	5.2
CN1321900000000	13	219	Oconee County, GA	2004	NA	16082	15591	491	3.1
CN1322100000000	13	221	Oglethorpe County, GA	2004	NA	7277	6981	296	4.1
CN1322300000000	13	223	Paulding County, GA	2004	NA	54933	52567	2366	4.3
CN1322500000000	13	225	Peach County, GA	2004	NA	11168	10440	728	6.5
CN1322700000000	13	227	Pickens County, GA	2004	NA	13863	13315	548	4
CN1322900000000	13	229	Pierce County, GA	2004	NA	8056	7707	349	4.3
CN1323100000000	13	231	Pike County, GA	2004	NA	7427	7064	363	4.9
CN1323300000000	13	233	Polk County, GA	2004	NA	19650	18686	964	4.9
CN1323500000000	13	235	Pulaski County, GA	2004	NA	4250	4057	193	4.5
CN1323700000000	13	237	Putnam County, GA	2004	NA	9446	9028	418	4.4
CN1323900000000	13	239	Quitman County, GA	2004	NA	953	893	60	6.3
CN1324100000000	13	241	Rabun County, GA	2004	NA	7495	7216	279	3.7
CN1324300000000	13	243	Randolph County, GA	2004	NA	2814	2612	202	7.2
CN1324500000000	13	245	Richmond County, GA	2004	NA	90074	84776	5298	5.9
CN1324700000000	13	247	Rockdale County, GA	2004	NA	37863	35975	1888	5
CN1324900000000	13	249	Schley County, GA	2004	NA	1737	1635	102	5.9
CN1325100000000	13	251	Screven County, GA	2004	NA	6671	6322	349	5.2
CN1325300000000	13	253	Seminole County, GA	2004	NA	3823	3609	214	5.6
CN1325500000000	13	255	Spalding County, GA	2004	NA	27500	25827	1673	6.1
CN1325700000000	13	257	Stephens County, GA	2004	NA	12832	12038	794	6.2
CN1325900000000	13	259	Stewart County, GA	2004	NA	1897	1696	201	10.6
CN1326100000000	13	261	Sumter County, GA	2004	NA	14486	13640	846	5.8
CN1326300000000	13	263	Talbot County, GA	2004	NA	2984	2799	185	6.2
CN1326500000000	13	265	Taliaferro County, GA	2004	NA	716	670	46	6.4
CN1326700000000	13	267	Tattnall County, GA	2004	NA	8525	8067	458	5.4
CN1326900000000	13	269	Taylor County, GA	2004	NA	3202	2987	215	6.7
CN1327100000000	13	271	Telfair County, GA	2004	NA	4139	3827	312	7.5
CN1327300000000	13	273	Terrell County, GA	2004	NA	4619	4349	270	5.8
CN1327500000000	13	275	Thomas County, GA	2004	NA	21275	20319	956	4.5
CN1327700000000	13	277	Tift County, GA	2004	NA	19022	18174	848	4.5
CN1327900000000	13	279	Toombs County, GA	2004	NA	12419	11685	734	5.9
CN1328100000000	13	281	Towns County, GA	2004	NA	5347	5154	193	3.6
CN1328300000000	13	283	Treutlen County, GA	2004	NA	2677	2510	167	6.2
CN1328500000000	13	285	Troup County, GA	2004	NA	29942	28246	1696	5.7
CN1328700000000	13	287	Turner County, GA	2004	NA	5061	4788	273	5.4
CN1328900000000	13	289	Twiggs County, GA	2004	NA	4664	4413	251	5.4
CN1329100000000	13	291	Union County, GA	2004	NA	9816	9412	404	4.1
CN1329300000000	13	293	Upson County, GA	2004	NA	11715	11009	706	6
CN1329500000000	13	295	Walker County, GA	2004	NA	32248	30876	1372	4.3
CN1329700000000	13	297	Walton County, GA	2004	NA	35609	34023	1586	4.5
CN1329900000000	13	299	Ware County, GA	2004	NA	14639	13861	778	5.3
CN1330100000000	13	301	Warren County, GA	2004	NA	2566	2387	179	7
CN1330300000000	13	303	Washington County, GA	2004	NA	8211	7761	450	5.5
CN1330500000000	13	305	Wayne County, GA	2004	NA	11505	10852	653	5.7
CN1330700000000	13	307	Webster County, GA	2004	NA	1040	965	75	7.2
CN1330900000000	13	309	Wheeler County, GA	2004	NA	2409	2265	144	6
CN1331100000000	13	311	White County, GA	2004	NA	11516	11048	468	4.1
CN1331300000000	13	313	Whitfield County, GA	2004	NA	44582	42692	1890	4.2
CN1331500000000	13	315	Wilcox County, GA	2004	NA	3260	3078	182	5.6
CN1331700000000	13	317	Wilkes County, GA	2004	NA	4543	4207	336	7.4
CN1331900000000	13	319	Wilkinson County, GA	2004	NA	4486	4255	231	5.1
CN1332100000000	13	321	Worth County, GA	2004	NA	10277	9757	520	5.1
CN1500100000000	15	001	Hawaii County, HI	2004	NA	78351	75166	3185	4.1
CN1500300000000	15	003	Honolulu County/city, HI	2004	NA	427982	413881	14101	3.3
CN1500700000000	15	007	Kauai County, HI	2004	NA	31200	30098	1102	3.5
CN1500900000000	15	009	Maui County, HI	2004	NA	73380	71012	2368	3.2
CN1600100000000	16	001	Ada County, ID	2004	NA	178289	171048	7241	4.1
CN1600300000000	16	003	Adams County, ID	2004	NA	1860	1638	222	11.9
CN1600500000000	16	005	Bannock County, ID	2004	NA	39774	37896	1878	4.7
CN1600700000000	16	007	Bear Lake County, ID	2004	NA	3027	2881	146	4.8
CN1600900000000	16	009	Benewah County, ID	2004	NA	3995	3634	361	9
CN1601100000000	16	011	Bingham County, ID	2004	NA	20512	19595	917	4.5
CN1601300000000	16	013	Blaine County, ID	2004	NA	13343	12858	485	3.6
CN1601500000000	16	015	Boise County, ID	2004	NA	3557	3375	182	5.1
CN1601700000000	16	017	Bonner County, ID	2004	NA	19384	18193	1191	6.1
CN1601900000000	16	019	Bonneville County, ID	2004	NA	46649	45023	1626	3.5
CN1602100000000	16	021	Boundary County, ID	2004	NA	4306	3998	308	7.2
CN1602300000000	16	023	Butte County, ID	2004	NA	1290	1205	85	6.6
CN1602500000000	16	025	Camas County, ID	2004	NA	573	547	26	4.5
CN1602700000000	16	027	Canyon County, ID	2004	NA	75041	70780	4261	5.7
CN1602900000000	16	029	Caribou County, ID	2004	NA	3284	3059	225	6.9
CN1603100000000	16	031	Cassia County, ID	2004	NA	9883	9289	594	6
CN1603300000000	16	033	Clark County, ID	2004	NA	543	503	40	7.4
CN1603500000000	16	035	Clearwater County, ID	2004	NA	3369	3023	346	10.3
CN1603700000000	16	037	Custer County, ID	2004	NA	2565	2413	152	5.9
CN1603900000000	16	039	Elmore County, ID	2004	NA	10704	10131	573	5.4
CN1604100000000	16	041	Franklin County, ID	2004	NA	6047	5804	243	4
CN1604300000000	16	043	Fremont County, ID	2004	NA	5890	5621	269	4.6
CN1604500000000	16	045	Gem County, ID	2004	NA	7020	6624	396	5.6
CN1604700000000	16	047	Gooding County, ID	2004	NA	7646	7342	304	4
CN1604900000000	16	049	Idaho County, ID	2004	NA	7066	6507	559	7.9
CN1605100000000	16	051	Jefferson County, ID	2004	NA	10132	9741	391	3.9
CN1605300000000	16	053	Jerome County, ID	2004	NA	9761	9318	443	4.5
CN1605500000000	16	055	Kootenai County, ID	2004	NA	63581	59880	3701	5.8
CN1605700000000	16	057	Latah County, ID	2004	NA	17807	17116	691	3.9
CN1605900000000	16	059	Lemhi County, ID	2004	NA	3956	3676	280	7.1
CN1606100000000	16	061	Lewis County, ID	2004	NA	1702	1636	66	3.9
CN1606300000000	16	063	Lincoln County, ID	2004	NA	2320	2191	129	5.6
CN1606500000000	16	065	Madison County, ID	2004	NA	13994	13563	431	3.1
CN1606700000000	16	067	Minidoka County, ID	2004	NA	9441	8697	744	7.9
CN1606900000000	16	069	Nez Perce County, ID	2004	NA	18821	17905	916	4.9
CN1607100000000	16	071	Oneida County, ID	2004	NA	1968	1905	63	3.2
CN1607300000000	16	073	Owyhee County, ID	2004	NA	4619	4490	129	2.8
CN1607500000000	16	075	Payette County, ID	2004	NA	10295	9441	854	8.3
CN1607700000000	16	077	Power County, ID	2004	NA	3743	3509	234	6.3
CN1607900000000	16	079	Shoshone County, ID	2004	NA	5532	4989	543	9.8
CN1608100000000	16	081	Teton County, ID	2004	NA	4228	4095	133	3.1
CN1608300000000	16	083	Twin Falls County, ID	2004	NA	36315	34700	1615	4.4
CN1608500000000	16	085	Valley County, ID	2004	NA	4217	3928	289	6.9
CN1608700000000	16	087	Washington County, ID	2004	NA	5016	4676	340	6.8
CN1700100000000	17	001	Adams County, IL	2004	NA	35601	34014	1587	4.5
CN1700300000000	17	003	Alexander County, IL	2004	NA	3378	3069	309	9.1
CN1700500000000	17	005	Bond County, IL	2004	NA	8297	7797	500	6
CN1700700000000	17	007	Boone County, IL	2004	NA	23519	21798	1721	7.3
CN1700900000000	17	009	Brown County, IL	2004	NA	3141	3015	126	4
CN1701100000000	17	011	Bureau County, IL	2004	NA	18218	17132	1086	6
CN1701300000000	17	013	Calhoun County, IL	2004	NA	2496	2330	166	6.7
CN1701500000000	17	015	Carroll County, IL	2004	NA	8096	7522	574	7.1
CN1701700000000	17	017	Cass County, IL	2004	NA	7410	7037	373	5
CN1701900000000	17	019	Champaign County, IL	2004	NA	99010	94679	4331	4.4
CN1702100000000	17	021	Christian County, IL	2004	NA	16842	15809	1033	6.1
CN1702300000000	17	023	Clark County, IL	2004	NA	8484	7945	539	6.4
CN1702500000000	17	025	Clay County, IL	2004	NA	6865	6410	455	6.6
CN1702700000000	17	027	Clinton County, IL	2004	NA	18108	17182	926	5.1
CN1702900000000	17	029	Coles County, IL	2004	NA	26842	25428	1414	5.3
CN1703100000000	17	031	Cook County, IL	2004	NA	2559761	2384824	174937	6.8
CN1703300000000	17	033	Crawford County, IL	2004	NA	9152	8600	552	6
CN1703500000000	17	035	Cumberland County, IL	2004	NA	5665	5294	371	6.5
CN1703700000000	17	037	DeKalb County, IL	2004	NA	52292	49589	2703	5.2
CN1703900000000	17	039	De Witt County, IL	2004	NA	8168	7685	483	5.9
CN1704100000000	17	041	Douglas County, IL	2004	NA	10506	9996	510	4.9
CN1704300000000	17	043	DuPage County, IL	2004	NA	511962	485912	26050	5.1
CN1704500000000	17	045	Edgar County, IL	2004	NA	10151	9585	566	5.6
CN1704700000000	17	047	Edwards County, IL	2004	NA	3533	3377	156	4.4
CN1704900000000	17	049	Effingham County, IL	2004	NA	17915	16824	1091	6.1
CN1705100000000	17	051	Fayette County, IL	2004	NA	10018	9254	764	7.6
CN1705300000000	17	053	Ford County, IL	2004	NA	7174	6808	366	5.1
CN1705500000000	17	055	Franklin County, IL	2004	NA	17466	16104	1362	7.8
CN1705700000000	17	057	Fulton County, IL	2004	NA	17218	16082	1136	6.6
CN1705900000000	17	059	Gallatin County, IL	2004	NA	2702	2511	191	7.1
CN1706100000000	17	061	Greene County, IL	2004	NA	6936	6528	408	5.9
CN1706300000000	17	063	Grundy County, IL	2004	NA	21973	20249	1724	7.8
CN1706500000000	17	065	Hamilton County, IL	2004	NA	3948	3712	236	6
CN1706700000000	17	067	Hancock County, IL	2004	NA	9966	9363	603	6.1
CN1706900000000	17	069	Hardin County, IL	2004	NA	1870	1712	158	8.4
CN1707100000000	17	071	Henderson County, IL	2004	NA	4010	3746	264	6.6
CN1707300000000	17	073	Henry County, IL	2004	NA	26462	25080	1382	5.2
CN1707500000000	17	075	Iroquois County, IL	2004	NA	15933	15074	859	5.4
CN1707700000000	17	077	Jackson County, IL	2004	NA	31475	29884	1591	5.1
CN1707900000000	17	079	Jasper County, IL	2004	NA	5128	4816	312	6.1
CN1708100000000	17	081	Jefferson County, IL	2004	NA	19401	18267	1134	5.8
CN1708300000000	17	083	Jersey County, IL	2004	NA	11140	10512	628	5.6
CN1708500000000	17	085	Jo Daviess County, IL	2004	NA	12463	11827	636	5.1
CN1708700000000	17	087	Johnson County, IL	2004	NA	5029	4686	343	6.8
CN1708900000000	17	089	Kane County, IL	2004	NA	245845	231422	14423	5.9
CN1709100000000	17	091	Kankakee County, IL	2004	NA	51532	47783	3749	7.3
CN1709300000000	17	093	Kendall County, IL	2004	NA	40386	38218	2168	5.4
CN1709500000000	17	095	Knox County, IL	2004	NA	25644	23679	1965	7.7
CN1709700000000	17	097	Lake County, IL	2004	NA	345512	327384	18128	5.2
CN1709900000000	17	099	LaSalle County, IL	2004	NA	54954	51054	3900	7.1
CN1710100000000	17	101	Lawrence County, IL	2004	NA	8265	7786	479	5.8
CN1710300000000	17	103	Lee County, IL	2004	NA	17507	16519	988	5.6
CN1710500000000	17	105	Livingston County, IL	2004	NA	18435	17464	971	5.3
CN1710700000000	17	107	Logan County, IL	2004	NA	13285	12509	776	5.8
CN1710900000000	17	109	McDonough County, IL	2004	NA	16621	15788	833	5
CN1711100000000	17	111	McHenry County, IL	2004	NA	161777	153180	8597	5.3
CN1711300000000	17	113	McLean County, IL	2004	NA	85117	81409	3708	4.4
CN1711500000000	17	115	Macon County, IL	2004	NA	51838	48332	3506	6.8
CN1711700000000	17	117	Macoupin County, IL	2004	NA	23843	22359	1484	6.2
CN1711900000000	17	119	Madison County, IL	2004	NA	131636	123744	7892	6
CN1712100000000	17	121	Marion County, IL	2004	NA	17752	16351	1401	7.9
CN1712300000000	17	123	Marshall County, IL	2004	NA	6841	6503	338	4.9
CN1712500000000	17	125	Mason County, IL	2004	NA	7617	7030	587	7.7
CN1712700000000	17	127	Massac County, IL	2004	NA	7191	6761	430	6
CN1712900000000	17	129	Menard County, IL	2004	NA	6809	6468	341	5
CN1713100000000	17	131	Mercer County, IL	2004	NA	8713	8145	568	6.5
CN1713300000000	17	133	Monroe County, IL	2004	NA	16521	15798	723	4.4
CN1713500000000	17	135	Montgomery County, IL	2004	NA	13167	12127	1040	7.9
CN1713700000000	17	137	Morgan County, IL	2004	NA	17664	16583	1081	6.1
CN1713900000000	17	139	Moultrie County, IL	2004	NA	7633	7256	377	4.9
CN1714100000000	17	141	Ogle County, IL	2004	NA	25778	24208	1570	6.1
CN1714300000000	17	143	Peoria County, IL	2004	NA	88807	83756	5051	5.7
CN1714500000000	17	145	Perry County, IL	2004	NA	10460	9706	754	7.2
CN1714700000000	17	147	Piatt County, IL	2004	NA	8884	8486	398	4.5
CN1714900000000	17	149	Pike County, IL	2004	NA	8428	7974	454	5.4
CN1715100000000	17	151	Pope County, IL	2004	NA	1978	1828	150	7.6
CN1715300000000	17	153	Pulaski County, IL	2004	NA	2900	2647	253	8.7
CN1715500000000	17	155	Putnam County, IL	2004	NA	3039	2843	196	6.4
CN1715700000000	17	157	Randolph County, IL	2004	NA	15158	14308	850	5.6
CN1715900000000	17	159	Richland County, IL	2004	NA	7215	6765	450	6.2
CN1716100000000	17	161	Rock Island County, IL	2004	NA	75362	71462	3900	5.2
CN1716300000000	17	163	St. Clair County, IL	2004	NA	118211	110152	8059	6.8
CN1716500000000	17	165	Saline County, IL	2004	NA	11912	11086	826	6.9
CN1716700000000	17	167	Sangamon County, IL	2004	NA	102264	97016	5248	5.1
CN1716900000000	17	169	Schuyler County, IL	2004	NA	4202	3984	218	5.2
CN1717100000000	17	171	Scott County, IL	2004	NA	2781	2597	184	6.6
CN1717300000000	17	173	Shelby County, IL	2004	NA	11159	10504	655	5.9
CN1717500000000	17	175	Stark County, IL	2004	NA	2747	2570	177	6.4
CN1717700000000	17	177	Stephenson County, IL	2004	NA	24453	22851	1602	6.6
CN1717900000000	17	179	Tazewell County, IL	2004	NA	66067	62573	3494	5.3
CN1718100000000	17	181	Union County, IL	2004	NA	8221	7599	622	7.6
CN1718300000000	17	183	Vermilion County, IL	2004	NA	37341	34406	2935	7.9
CN1718500000000	17	185	Wabash County, IL	2004	NA	6526	6098	428	6.6
CN1718700000000	17	187	Warren County, IL	2004	NA	8920	8403	517	5.8
CN1718900000000	17	189	Washington County, IL	2004	NA	8412	8005	407	4.8
CN1719100000000	17	191	Wayne County, IL	2004	NA	7971	7540	431	5.4
CN1719300000000	17	193	White County, IL	2004	NA	7851	7461	390	5
CN1719500000000	17	195	Whiteside County, IL	2004	NA	29125	27311	1814	6.2
CN1719700000000	17	197	Will County, IL	2004	NA	321433	301180	20253	6.3
CN1719900000000	17	199	Williamson County, IL	2004	NA	31485	29448	2037	6.5
CN1720100000000	17	201	Winnebago County, IL	2004	NA	139505	129422	10083	7.2
CN1720300000000	17	203	Woodford County, IL	2004	NA	19024	18219	805	4.2
CN1800100000000	18	001	Adams County, IN	2004	NA	16458	15781	677	4.1
CN1800300000000	18	003	Allen County, IN	2004	NA	176997	167643	9354	5.3
CN1800500000000	18	005	Bartholomew County, IN	2004	NA	36157	34548	1609	4.5
CN1800700000000	18	007	Benton County, IN	2004	NA	4605	4358	247	5.4
CN1800900000000	18	009	Blackford County, IN	2004	NA	6729	6248	481	7.1
CN1801100000000	18	011	Boone County, IN	2004	NA	26523	25476	1047	3.9
CN1801300000000	18	013	Brown County, IN	2004	NA	8027	7591	436	5.4
CN1801500000000	18	015	Carroll County, IN	2004	NA	10431	9830	601	5.8
CN1801700000000	18	017	Cass County, IN	2004	NA	19741	18425	1316	6.7
CN1801900000000	18	019	Clark County, IN	2004	NA	52493	49791	2702	5.1
CN1802100000000	18	021	Clay County, IN	2004	NA	13237	12367	870	6.6
CN1802300000000	18	023	Clinton County, IN	2004	NA	16762	15806	956	5.7
CN1802500000000	18	025	Crawford County, IN	2004	NA	5410	5030	380	7
CN1802700000000	18	027	Daviess County, IN	2004	NA	14466	13888	578	4
CN1802900000000	18	029	Dearborn County, IN	2004	NA	26016	24618	1398	5.4
CN1803100000000	18	031	Decatur County, IN	2004	NA	12539	11859	680	5.4
CN1803300000000	18	033	DeKalb County, IN	2004	NA	21819	20595	1224	5.6
CN1803500000000	18	035	Delaware County, IN	2004	NA	56970	53417	3553	6.2
CN1803700000000	18	037	Dubois County, IN	2004	NA	21914	21072	842	3.8
CN1803900000000	18	039	Elkhart County, IN	2004	NA	99462	95201	4261	4.3
CN1804100000000	18	041	Fayette County, IN	2004	NA	11230	10326	904	8
CN1804300000000	18	043	Floyd County, IN	2004	NA	36977	35136	1841	5
CN1804500000000	18	045	Fountain County, IN	2004	NA	8495	8014	481	5.7
CN1804700000000	18	047	Franklin County, IN	2004	NA	11818	11149	669	5.7
CN1804900000000	18	049	Fulton County, IN	2004	NA	10227	9640	587	5.7
CN1805100000000	18	051	Gibson County, IN	2004	NA	17089	16277	812	4.8
CN1805300000000	18	053	Grant County, IN	2004	NA	33721	30828	2893	8.6
CN1805500000000	18	055	Greene County, IN	2004	NA	16528	15536	992	6
CN1805700000000	18	057	Hamilton County, IN	2004	NA	124903	120641	4262	3.4
CN1805900000000	18	059	Hancock County, IN	2004	NA	33192	31862	1330	4
CN1806100000000	18	061	Harrison County, IN	2004	NA	19112	18063	1049	5.5
CN1806300000000	18	063	Hendricks County, IN	2004	NA	67227	64617	2610	3.9
CN1806500000000	18	065	Henry County, IN	2004	NA	23387	21726	1661	7.1
CN1806700000000	18	067	Howard County, IN	2004	NA	39281	36617	2664	6.8
CN1806900000000	18	069	Huntington County, IN	2004	NA	20517	19384	1133	5.5
CN1807100000000	18	071	Jackson County, IN	2004	NA	21993	20969	1024	4.7
CN1807300000000	18	073	Jasper County, IN	2004	NA	15054	14185	869	5.8
CN1807500000000	18	075	Jay County, IN	2004	NA	11088	10453	635	5.7
CN1807700000000	18	077	Jefferson County, IN	2004	NA	17078	16260	818	4.8
CN1807900000000	18	079	Jennings County, IN	2004	NA	13983	13151	832	6
CN1808100000000	18	081	Johnson County, IN	2004	NA	68615	65660	2955	4.3
CN1808300000000	18	083	Knox County, IN	2004	NA	19128	18227	901	4.7
CN1808500000000	18	085	Kosciusko County, IN	2004	NA	39819	38166	1653	4.2
CN1808700000000	18	087	LaGrange County, IN	2004	NA	16761	16037	724	4.3
CN1808900000000	18	089	Lake County, IN	2004	NA	223573	209360	14213	6.4
CN1809100000000	18	091	LaPorte County, IN	2004	NA	52594	49339	3255	6.2
CN1809300000000	18	093	Lawrence County, IN	2004	NA	22312	20727	1585	7.1
CN1809500000000	18	095	Madison County, IN	2004	NA	63114	59295	3819	6.1
CN1809700000000	18	097	Marion County, IN	2004	NA	459140	434021	25119	5.5
CN1809900000000	18	099	Marshall County, IN	2004	NA	22377	21209	1168	5.2
CN1810100000000	18	101	Martin County, IN	2004	NA	5145	4868	277	5.4
CN1810300000000	18	103	Miami County, IN	2004	NA	17194	16043	1151	6.7
CN1810500000000	18	105	Monroe County, IN	2004	NA	65794	62876	2918	4.4
CN1810700000000	18	107	Montgomery County, IN	2004	NA	19632	18768	864	4.4
CN1810900000000	18	109	Morgan County, IN	2004	NA	36838	35111	1727	4.7
CN1811100000000	18	111	Newton County, IN	2004	NA	6997	6638	359	5.1
CN1811300000000	18	113	Noble County, IN	2004	NA	23478	22096	1382	5.9
CN1811500000000	18	115	Ohio County, IN	2004	NA	3109	2938	171	5.5
CN1811700000000	18	117	Orange County, IN	2004	NA	9091	8411	680	7.5
CN1811900000000	18	119	Owen County, IN	2004	NA	11644	11019	625	5.4
CN1812100000000	18	121	Parke County, IN	2004	NA	8007	7506	501	6.3
CN1812300000000	18	123	Perry County, IN	2004	NA	9673	9137	536	5.5
CN1812500000000	18	125	Pike County, IN	2004	NA	6216	5876	340	5.5
CN1812700000000	18	127	Porter County, IN	2004	NA	79393	75523	3870	4.9
CN1812900000000	18	129	Posey County, IN	2004	NA	13761	13138	623	4.5
CN1813100000000	18	131	Pulaski County, IN	2004	NA	6795	6437	358	5.3
CN1813300000000	18	133	Putnam County, IN	2004	NA	17499	16519	980	5.6
CN1813500000000	18	135	Randolph County, IN	2004	NA	13147	12222	925	7
CN1813700000000	18	137	Ripley County, IN	2004	NA	14847	14087	760	5.1
CN1813900000000	18	139	Rush County, IN	2004	NA	9254	8802	452	4.9
CN1814100000000	18	141	St. Joseph County, IN	2004	NA	132651	125770	6881	5.2
CN1814300000000	18	143	Scott County, IN	2004	NA	11225	10577	648	5.8
CN1814500000000	18	145	Shelby County, IN	2004	NA	23659	22497	1162	4.9
CN1814700000000	18	147	Spencer County, IN	2004	NA	10566	10004	562	5.3
CN1814900000000	18	149	Starke County, IN	2004	NA	10490	9757	733	7
CN1815100000000	18	151	Steuben County, IN	2004	NA	16994	15997	997	5.9
CN1815300000000	18	153	Sullivan County, IN	2004	NA	9351	8653	698	7.5
CN1815500000000	18	155	Switzerland County, IN	2004	NA	5707	5443	264	4.6
CN1815700000000	18	157	Tippecanoe County, IN	2004	NA	77757	74056	3701	4.8
CN1815900000000	18	159	Tipton County, IN	2004	NA	8153	7725	428	5.2
CN1816100000000	18	161	Union County, IN	2004	NA	3761	3554	207	5.5
CN1816300000000	18	163	Vanderburgh County, IN	2004	NA	90533	86037	4496	5
CN1816500000000	18	165	Vermillion County, IN	2004	NA	8204	7532	672	8.2
CN1816700000000	18	167	Vigo County, IN	2004	NA	50430	46771	3659	7.3
CN1816900000000	18	169	Wabash County, IN	2004	NA	17467	16365	1102	6.3
CN1817100000000	18	171	Warren County, IN	2004	NA	4613	4401	212	4.6
CN1817300000000	18	173	Warrick County, IN	2004	NA	29807	28491	1316	4.4
CN1817500000000	18	175	Washington County, IN	2004	NA	13965	13063	902	6.5
CN1817700000000	18	177	Wayne County, IN	2004	NA	33335	30963	2372	7.1
CN1817900000000	18	179	Wells County, IN	2004	NA	14794	14054	740	5
CN1818100000000	18	181	White County, IN	2004	NA	12256	11443	813	6.6
CN1818300000000	18	183	Whitley County, IN	2004	NA	17489	16489	1000	5.7
CN1900100000000	19	001	Adair County, IA	2004	NA	4291	4113	178	4.1
CN1900300000000	19	003	Adams County, IA	2004	NA	2086	1982	104	5
CN1900500000000	19	005	Allamakee County, IA	2004	NA	7915	7447	468	5.9
CN1900700000000	19	007	Appanoose County, IA	2004	NA	6437	6085	352	5.5
CN1900900000000	19	009	Audubon County, IA	2004	NA	3336	3198	138	4.1
CN1901100000000	19	011	Benton County, IA	2004	NA	14085	13443	642	4.6
CN1901300000000	19	013	Black Hawk County, IA	2004	NA	70497	67297	3200	4.5
CN1901500000000	19	015	Boone County, IA	2004	NA	14966	14443	523	3.5
CN1901700000000	19	017	Bremer County, IA	2004	NA	13460	12950	510	3.8
CN1901900000000	19	019	Buchanan County, IA	2004	NA	10844	10352	492	4.5
CN1902100000000	19	021	Buena Vista County, IA	2004	NA	10301	9896	405	3.9
CN1902300000000	19	023	Butler County, IA	2004	NA	8060	7689	371	4.6
CN1902500000000	19	025	Calhoun County, IA	2004	NA	5103	4888	215	4.2
CN1902700000000	19	027	Carroll County, IA	2004	NA	12252	11894	358	2.9
CN1902900000000	19	029	Cass County, IA	2004	NA	7416	7057	359	4.8
CN1903100000000	19	031	Cedar County, IA	2004	NA	10340	9926	414	4
CN1903300000000	19	033	Cerro Gordo County, IA	2004	NA	25596	24475	1121	4.4
CN1903500000000	19	035	Cherokee County, IA	2004	NA	6536	6251	285	4.4
CN1903700000000	19	037	Chickasaw County, IA	2004	NA	6093	5731	362	5.9
CN1903900000000	19	039	Clarke County, IA	2004	NA	4665	4368	297	6.4
CN1904100000000	19	041	Clay County, IA	2004	NA	9516	9139	377	4
CN1904300000000	19	043	Clayton County, IA	2004	NA	9472	8825	647	6.8
CN1904500000000	19	045	Clinton County, IA	2004	NA	26157	24793	1364	5.2
CN1904700000000	19	047	Crawford County, IA	2004	NA	8946	8618	328	3.7
CN1904900000000	19	049	Dallas County, IA	2004	NA	27916	26962	954	3.4
CN1905100000000	19	051	Davis County, IA	2004	NA	4164	3960	204	4.9
CN1905300000000	19	053	Decatur County, IA	2004	NA	4152	3936	216	5.2
CN1905500000000	19	055	Delaware County, IA	2004	NA	9953	9484	469	4.7
CN1905700000000	19	057	Des Moines County, IA	2004	NA	20527	19321	1206	5.9
CN1905900000000	19	059	Dickinson County, IA	2004	NA	10023	9621	402	4
CN1906100000000	19	061	Dubuque County, IA	2004	NA	49023	46890	2133	4.4
CN1906300000000	19	063	Emmet County, IA	2004	NA	5835	5573	262	4.5
CN1906500000000	19	065	Fayette County, IA	2004	NA	10965	10390	575	5.2
CN1906700000000	19	067	Floyd County, IA	2004	NA	8744	8317	427	4.9
CN1906900000000	19	069	Franklin County, IA	2004	NA	5481	5226	255	4.7
CN1907100000000	19	071	Fremont County, IA	2004	NA	3913	3757	156	4
CN1907300000000	19	073	Greene County, IA	2004	NA	5031	4820	211	4.2
CN1907500000000	19	075	Grundy County, IA	2004	NA	6779	6538	241	3.6
CN1907700000000	19	077	Guthrie County, IA	2004	NA	6071	5815	256	4.2
CN1907900000000	19	079	Hamilton County, IA	2004	NA	8618	8258	360	4.2
CN1908100000000	19	081	Hancock County, IA	2004	NA	6365	6145	220	3.5
CN1908300000000	19	083	Hardin County, IA	2004	NA	8953	8481	472	5.3
CN1908500000000	19	085	Harrison County, IA	2004	NA	8010	7610	400	5
CN1908700000000	19	087	Henry County, IA	2004	NA	10291	9678	613	6
CN1908900000000	19	089	Howard County, IA	2004	NA	5158	4924	234	4.5
CN1909100000000	19	091	Humboldt County, IA	2004	NA	5132	4923	209	4.1
CN1909300000000	19	093	Ida County, IA	2004	NA	3882	3720	162	4.2
CN1909500000000	19	095	Iowa County, IA	2004	NA	8698	8336	362	4.2
CN1909700000000	19	097	Jackson County, IA	2004	NA	11079	10462	617	5.6
CN1909900000000	19	099	Jasper County, IA	2004	NA	19186	18099	1087	5.7
CN1910100000000	19	101	Jefferson County, IA	2004	NA	8164	7745	419	5.1
CN1910300000000	19	103	Johnson County, IA	2004	NA	72476	70088	2388	3.3
CN1910500000000	19	105	Jones County, IA	2004	NA	10339	9821	518	5
CN1910700000000	19	107	Keokuk County, IA	2004	NA	5826	5547	279	4.8
CN1910900000000	19	109	Kossuth County, IA	2004	NA	8754	8376	378	4.3
CN1911100000000	19	111	Lee County, IA	2004	NA	17206	16005	1201	7
CN1911300000000	19	113	Linn County, IA	2004	NA	111170	105980	5190	4.7
CN1911500000000	19	115	Louisa County, IA	2004	NA	6199	5916	283	4.6
CN1911700000000	19	117	Lucas County, IA	2004	NA	4885	4620	265	5.4
CN1911900000000	19	119	Lyon County, IA	2004	NA	6202	6001	201	3.2
CN1912100000000	19	121	Madison County, IA	2004	NA	7957	7581	376	4.7
CN1912300000000	19	123	Mahaska County, IA	2004	NA	11469	10963	506	4.4
CN1912500000000	19	125	Marion County, IA	2004	NA	17023	16299	724	4.3
CN1912700000000	19	127	Marshall County, IA	2004	NA	20391	19344	1047	5.1
CN1912900000000	19	129	Mills County, IA	2004	NA	7984	7652	332	4.2
CN1913100000000	19	131	Mitchell County, IA	2004	NA	5313	5109	204	3.8
CN1913300000000	19	133	Monona County, IA	2004	NA	4795	4523	272	5.7
CN1913500000000	19	135	Monroe County, IA	2004	NA	3723	3527	196	5.3
CN1913700000000	19	137	Montgomery County, IA	2004	NA	5611	5376	235	4.2
CN1913900000000	19	139	Muscatine County, IA	2004	NA	22588	21652	936	4.1
CN1914100000000	19	141	O'Brien County, IA	2004	NA	7385	7109	276	3.7
CN1914300000000	19	143	Osceola County, IA	2004	NA	3433	3304	129	3.8
CN1914500000000	19	145	Page County, IA	2004	NA	7718	7395	323	4.2
CN1914700000000	19	147	Palo Alto County, IA	2004	NA	5008	4817	191	3.8
CN1914900000000	19	149	Plymouth County, IA	2004	NA	13618	13093	525	3.9
CN1915100000000	19	151	Pocahontas County, IA	2004	NA	3801	3603	198	5.2
CN1915300000000	19	153	Polk County, IA	2004	NA	223295	213356	9939	4.5
CN1915500000000	19	155	Pottawattamie County, IA	2004	NA	48132	45732	2400	5
CN1915700000000	19	157	Poweshiek County, IA	2004	NA	10173	9694	479	4.7
CN1915900000000	19	159	Ringgold County, IA	2004	NA	2480	2354	126	5.1
CN1916100000000	19	161	Sac County, IA	2004	NA	5808	5578	230	4
CN1916300000000	19	163	Scott County, IA	2004	NA	85746	81630	4116	4.8
CN1916500000000	19	165	Shelby County, IA	2004	NA	6869	6608	261	3.8
CN1916700000000	19	167	Sioux County, IA	2004	NA	18202	17663	539	3
CN1916900000000	19	169	Story County, IA	2004	NA	46473	45102	1371	3
CN1917100000000	19	171	Tama County, IA	2004	NA	9466	8862	604	6.4
CN1917300000000	19	173	Taylor County, IA	2004	NA	3240	3101	139	4.3
CN1917500000000	19	175	Union County, IA	2004	NA	6251	5908	343	5.5
CN1917700000000	19	177	Van Buren County, IA	2004	NA	3812	3603	209	5.5
CN1917900000000	19	179	Wapello County, IA	2004	NA	19028	17974	1054	5.5
CN1918100000000	19	181	Warren County, IA	2004	NA	24137	23193	944	3.9
CN1918300000000	19	183	Washington County, IA	2004	NA	12113	11575	538	4.4
CN1918500000000	19	185	Wayne County, IA	2004	NA	3117	2977	140	4.5
CN1918700000000	19	187	Webster County, IA	2004	NA	19305	18387	918	4.8
CN1918900000000	19	189	Winnebago County, IA	2004	NA	5863	5658	205	3.5
CN1919100000000	19	191	Winneshiek County, IA	2004	NA	12376	11851	525	4.2
CN1919300000000	19	193	Woodbury County, IA	2004	NA	53025	50386	2639	5
CN1919500000000	19	195	Worth County, IA	2004	NA	4464	4280	184	4.1
CN1919700000000	19	197	Wright County, IA	2004	NA	7064	6741	323	4.6
CN2000100000000	20	001	Allen County, KS	2004	NA	7383	6959	424	5.7
CN2000300000000	20	003	Anderson County, KS	2004	NA	4146	3885	261	6.3
CN2000500000000	20	005	Atchison County, KS	2004	NA	8652	8147	505	5.8
CN2000700000000	20	007	Barber County, KS	2004	NA	2640	2536	104	3.9
CN2000900000000	20	009	Barton County, KS	2004	NA	14727	14073	654	4.4
CN2001100000000	20	011	Bourbon County, KS	2004	NA	8797	8296	501	5.7
CN2001300000000	20	013	Brown County, KS	2004	NA	5605	5325	280	5
CN2001500000000	20	015	Butler County, KS	2004	NA	31654	29738	1916	6.1
CN2001700000000	20	017	Chase County, KS	2004	NA	1718	1643	75	4.4
CN2001900000000	20	019	Chautauqua County, KS	2004	NA	2030	1921	109	5.4
CN2002100000000	20	021	Cherokee County, KS	2004	NA	10909	10142	767	7
CN2002300000000	20	023	Cheyenne County, KS	2004	NA	1612	1551	61	3.8
CN2002500000000	20	025	Clark County, KS	2004	NA	1232	1187	45	3.7
CN2002700000000	20	027	Clay County, KS	2004	NA	4730	4523	207	4.4
CN2002900000000	20	029	Cloud County, KS	2004	NA	5822	5605	217	3.7
CN2003100000000	20	031	Coffey County, KS	2004	NA	4909	4637	272	5.5
CN2003300000000	20	033	Comanche County, KS	2004	NA	1033	1001	32	3.1
CN2003500000000	20	035	Cowley County, KS	2004	NA	18223	17123	1100	6
CN2003700000000	20	037	Crawford County, KS	2004	NA	19306	18119	1187	6.1
CN2003900000000	20	039	Decatur County, KS	2004	NA	1809	1744	65	3.6
CN2004100000000	20	041	Dickinson County, KS	2004	NA	10600	10101	499	4.7
CN2004300000000	20	043	Doniphan County, KS	2004	NA	4528	4182	346	7.6
CN2004500000000	20	045	Douglas County, KS	2004	NA	63173	60550	2623	4.2
CN2004700000000	20	047	Edwards County, KS	2004	NA	1696	1634	62	3.7
CN2004900000000	20	049	Elk County, KS	2004	NA	1477	1392	85	5.8
CN2005100000000	20	051	Ellis County, KS	2004	NA	16888	16265	623	3.7
CN2005300000000	20	053	Ellsworth County, KS	2004	NA	3227	3084	143	4.4
CN2005500000000	20	055	Finney County, KS	2004	NA	18233	17473	760	4.2
CN2005700000000	20	057	Ford County, KS	2004	NA	16932	16280	652	3.9
CN2005900000000	20	059	Franklin County, KS	2004	NA	13855	13005	850	6.1
CN2006100000000	20	061	Geary County, KS	2004	NA	11230	10513	717	6.4
CN2006300000000	20	063	Gove County, KS	2004	NA	1532	1483	49	3.2
CN2006500000000	20	065	Graham County, KS	2004	NA	1439	1383	56	3.9
CN2006700000000	20	067	Grant County, KS	2004	NA	3888	3743	145	3.7
CN2006900000000	20	069	Gray County, KS	2004	NA	3211	3115	96	3
CN2007100000000	20	071	Greeley County, KS	2004	NA	772	740	32	4.1
CN2007300000000	20	073	Greenwood County, KS	2004	NA	3540	3309	231	6.5
CN2007500000000	20	075	Hamilton County, KS	2004	NA	1277	1232	45	3.5
CN2007700000000	20	077	Harper County, KS	2004	NA	3397	3252	145	4.3
CN2007900000000	20	079	Harvey County, KS	2004	NA	17894	17022	872	4.9
CN2008100000000	20	081	Haskell County, KS	2004	NA	2174	2097	77	3.5
CN2008300000000	20	083	Hodgeman County, KS	2004	NA	965	921	44	4.6
CN2008500000000	20	085	Jackson County, KS	2004	NA	7099	6668	431	6.1
CN2008700000000	20	087	Jefferson County, KS	2004	NA	10271	9681	590	5.7
CN2008900000000	20	089	Jewell County, KS	2004	NA	2058	1988	70	3.4
CN2009100000000	20	091	Johnson County, KS	2004	NA	286194	272005	14189	5
CN2009300000000	20	093	Kearny County, KS	2004	NA	1956	1868	88	4.5
CN2009500000000	20	095	Kingman County, KS	2004	NA	4287	4084	203	4.7
CN2009700000000	20	097	Kiowa County, KS	2004	NA	1692	1632	60	3.5
CN2009900000000	20	099	Labette County, KS	2004	NA	10523	9805	718	6.8
CN2010100000000	20	101	Lane County, KS	2004	NA	1085	1038	47	4.3
CN2010300000000	20	103	Leavenworth County, KS	2004	NA	32836	30743	2093	6.4
CN2010500000000	20	105	Lincoln County, KS	2004	NA	1820	1731	89	4.9
CN2010700000000	20	107	Linn County, KS	2004	NA	4826	4460	366	7.6
CN2010900000000	20	109	Logan County, KS	2004	NA	1577	1520	57	3.6
CN2011100000000	20	111	Lyon County, KS	2004	NA	19949	19025	924	4.6
CN2011300000000	20	113	McPherson County, KS	2004	NA	17044	16380	664	3.9
CN2011500000000	20	115	Marion County, KS	2004	NA	6731	6427	304	4.5
CN2011700000000	20	117	Marshall County, KS	2004	NA	5820	5596	224	3.8
CN2011900000000	20	119	Meade County, KS	2004	NA	2214	2132	82	3.7
CN2012100000000	20	121	Miami County, KS	2004	NA	15972	15131	841	5.3
CN2012300000000	20	123	Mitchell County, KS	2004	NA	3509	3373	136	3.9
CN2012500000000	20	125	Montgomery County, KS	2004	NA	17212	16033	1179	6.8
CN2012700000000	20	127	Morris County, KS	2004	NA	2982	2831	151	5.1
CN2012900000000	20	129	Morton County, KS	2004	NA	1689	1635	54	3.2
CN2013100000000	20	131	Nemaha County, KS	2004	NA	5413	5207	206	3.8
CN2013300000000	20	133	Neosho County, KS	2004	NA	8974	8535	439	4.9
CN2013500000000	20	135	Ness County, KS	2004	NA	1737	1680	57	3.3
CN2013700000000	20	137	Norton County, KS	2004	NA	2701	2589	112	4.1
CN2013900000000	20	139	Osage County, KS	2004	NA	9238	8630	608	6.6
CN2014100000000	20	141	Osborne County, KS	2004	NA	2316	2216	100	4.3
CN2014300000000	20	143	Ottawa County, KS	2004	NA	3416	3248	168	4.9
CN2014500000000	20	145	Pawnee County, KS	2004	NA	3718	3579	139	3.7
CN2014700000000	20	147	Phillips County, KS	2004	NA	3240	3115	125	3.9
CN2014900000000	20	149	Pottawatomie County, KS	2004	NA	10512	10044	468	4.5
CN2015100000000	20	151	Pratt County, KS	2004	NA	5483	5289	194	3.5
CN2015300000000	20	153	Rawlins County, KS	2004	NA	1376	1313	63	4.6
CN2015500000000	20	155	Reno County, KS	2004	NA	32865	31140	1725	5.2
CN2015700000000	20	157	Republic County, KS	2004	NA	2866	2729	137	4.8
CN2015900000000	20	159	Rice County, KS	2004	NA	5483	5226	257	4.7
CN2016100000000	20	161	Riley County, KS	2004	NA	33545	32210	1335	4
CN2016300000000	20	163	Rooks County, KS	2004	NA	2730	2576	154	5.6
CN2016500000000	20	165	Rush County, KS	2004	NA	1708	1630	78	4.6
CN2016700000000	20	167	Russell County, KS	2004	NA	3455	3286	169	4.9
CN2016900000000	20	169	Saline County, KS	2004	NA	30663	29191	1472	4.8
CN2017100000000	20	171	Scott County, KS	2004	NA	2915	2823	92	3.2
CN2017300000000	20	173	Sedgwick County, KS	2004	NA	243548	228577	14971	6.1
CN2017500000000	20	175	Seward County, KS	2004	NA	10496	10065	431	4.1
CN2017700000000	20	177	Shawnee County, KS	2004	NA	94817	89089	5728	6
CN2017900000000	20	179	Sheridan County, KS	2004	NA	1557	1507	50	3.2
CN2018100000000	20	181	Sherman County, KS	2004	NA	3687	3558	129	3.5
CN2018300000000	20	183	Smith County, KS	2004	NA	2339	2246	93	4
CN2018500000000	20	185	Stafford County, KS	2004	NA	2233	2135	98	4.4
CN2018700000000	20	187	Stanton County, KS	2004	NA	1163	1125	38	3.3
CN2018900000000	20	189	Stevens County, KS	2004	NA	2418	2316	102	4.2
CN2019100000000	20	191	Sumner County, KS	2004	NA	12373	11600	773	6.2
CN2019300000000	20	193	Thomas County, KS	2004	NA	4326	4179	147	3.4
CN2019500000000	20	195	Trego County, KS	2004	NA	1712	1653	59	3.4
CN2019700000000	20	197	Wabaunsee County, KS	2004	NA	3810	3625	185	4.9
CN2019900000000	20	199	Wallace County, KS	2004	NA	942	913	29	3.1
CN2020100000000	20	201	Washington County, KS	2004	NA	3460	3316	144	4.2
CN2020300000000	20	203	Wichita County, KS	2004	NA	1348	1300	48	3.6
CN2020500000000	20	205	Wilson County, KS	2004	NA	5192	4915	277	5.3
CN2020700000000	20	207	Woodson County, KS	2004	NA	1709	1579	130	7.6
CN2020900000000	20	209	Wyandotte County, KS	2004	NA	74025	67200	6825	9.2
CN2100100000000	21	001	Adair County, KY	2004	NA	8387	7943	444	5.3
CN2100300000000	21	003	Allen County, KY	2004	NA	8507	7956	551	6.5
CN2100500000000	21	005	Anderson County, KY	2004	NA	10393	9949	444	4.3
CN2100700000000	21	007	Ballard County, KY	2004	NA	4115	3833	282	6.9
CN2100900000000	21	009	Barren County, KY	2004	NA	19208	18344	864	4.5
CN2101100000000	21	011	Bath County, KY	2004	NA	4962	4623	339	6.8
CN2101300000000	21	013	Bell County, KY	2004	NA	9463	8802	661	7
CN2101500000000	21	015	Boone County, KY	2004	NA	56764	54293	2471	4.4
CN2101700000000	21	017	Bourbon County, KY	2004	NA	9599	9141	458	4.8
CN2101900000000	21	019	Boyd County, KY	2004	NA	22894	21495	1399	6.1
CN2102100000000	21	021	Boyle County, KY	2004	NA	12623	11798	825	6.5
CN2102300000000	21	023	Bracken County, KY	2004	NA	4397	4144	253	5.8
CN2102500000000	21	025	Breathitt County, KY	2004	NA	5480	5082	398	7.3
CN2102700000000	21	027	Breckinridge County, KY	2004	NA	8766	8209	557	6.4
CN2102900000000	21	029	Bullitt County, KY	2004	NA	34571	32852	1719	5
CN2103100000000	21	031	Butler County, KY	2004	NA	5767	5360	407	7.1
CN2103300000000	21	033	Caldwell County, KY	2004	NA	6249	5931	318	5.1
CN2103500000000	21	035	Calloway County, KY	2004	NA	17346	16427	919	5.3
CN2103700000000	21	037	Campbell County, KY	2004	NA	45541	43385	2156	4.7
CN2103900000000	21	039	Carlisle County, KY	2004	NA	2318	2147	171	7.4
CN2104100000000	21	041	Carroll County, KY	2004	NA	5493	5203	290	5.3
CN2104300000000	21	043	Carter County, KY	2004	NA	13373	12254	1119	8.4
CN2104500000000	21	045	Casey County, KY	2004	NA	6964	6530	434	6.2
CN2104700000000	21	047	Christian County, KY	2004	NA	26556	24992	1564	5.9
CN2104900000000	21	049	Clark County, KY	2004	NA	16636	15790	846	5.1
CN2105100000000	21	051	Clay County, KY	2004	NA	7063	6528	535	7.6
CN2105300000000	21	053	Clinton County, KY	2004	NA	4645	4330	315	6.8
CN2105500000000	21	055	Crittenden County, KY	2004	NA	3976	3741	235	5.9
CN2105700000000	21	057	Cumberland County, KY	2004	NA	2985	2777	208	7
CN2105900000000	21	059	Daviess County, KY	2004	NA	45864	43444	2420	5.3
CN2106100000000	21	061	Edmonson County, KY	2004	NA	5127	4823	304	5.9
CN2106300000000	21	063	Elliott County, KY	2004	NA	2815	2529	286	10.2
CN2106500000000	21	065	Estill County, KY	2004	NA	5964	5523	441	7.4
CN2106700000000	21	067	Fayette County, KY	2004	NA	143803	137942	5861	4.1
CN2106900000000	21	069	Fleming County, KY	2004	NA	6555	6161	394	6
CN2107100000000	21	071	Floyd County, KY	2004	NA	14771	13732	1039	7
CN2107300000000	21	073	Franklin County, KY	2004	NA	24953	23923	1030	4.1
CN2107500000000	21	075	Fulton County, KY	2004	NA	2971	2703	268	9
CN2107700000000	21	077	Gallatin County, KY	2004	NA	3958	3734	224	5.7
CN2107900000000	21	079	Garrard County, KY	2004	NA	7423	7010	413	5.6
CN2108100000000	21	081	Grant County, KY	2004	NA	12405	11743	662	5.3
CN2108300000000	21	083	Graves County, KY	2004	NA	16590	15384	1206	7.3
CN2108500000000	21	085	Grayson County, KY	2004	NA	11562	10746	816	7.1
CN2108700000000	21	087	Green County, KY	2004	NA	5451	5157	294	5.4
CN2108900000000	21	089	Greenup County, KY	2004	NA	17042	15977	1065	6.2
CN2109100000000	21	091	Hancock County, KY	2004	NA	4055	3819	236	5.8
CN2109300000000	21	093	Hardin County, KY	2004	NA	45276	42833	2443	5.4
CN2109500000000	21	095	Harlan County, KY	2004	NA	10182	9420	762	7.5
CN2109700000000	21	097	Harrison County, KY	2004	NA	8796	8298	498	5.7
CN2109900000000	21	099	Hart County, KY	2004	NA	7682	7278	404	5.3
CN2110100000000	21	101	Henderson County, KY	2004	NA	22737	21685	1052	4.6
CN2110300000000	21	103	Henry County, KY	2004	NA	7739	7369	370	4.8
CN2110500000000	21	105	Hickman County, KY	2004	NA	2040	1856	184	9
CN2110700000000	21	107	Hopkins County, KY	2004	NA	22365	21160	1205	5.4
CN2110900000000	21	109	Jackson County, KY	2004	NA	4770	4464	306	6.4
CN2111100000000	21	111	Jefferson County, KY	2004	NA	347354	328837	18517	5.3
CN2111300000000	21	113	Jessamine County, KY	2004	NA	21044	20131	913	4.3
CN2111500000000	21	115	Johnson County, KY	2004	NA	9803	9166	637	6.5
CN2111700000000	21	117	Kenton County, KY	2004	NA	83050	79255	3795	4.6
CN2111900000000	21	119	Knott County, KY	2004	NA	6488	6085	403	6.2
CN2112100000000	21	121	Knox County, KY	2004	NA	11676	10914	762	6.5
CN2112300000000	21	123	Larue County, KY	2004	NA	6664	6331	333	5
CN2112500000000	21	125	Laurel County, KY	2004	NA	25396	23961	1435	5.7
CN2112700000000	21	127	Lawrence County, KY	2004	NA	5715	5261	454	7.9
CN2112900000000	21	129	Lee County, KY	2004	NA	2649	2448	201	7.6
CN2113100000000	21	131	Leslie County, KY	2004	NA	3546	3254	292	8.2
CN2113300000000	21	133	Letcher County, KY	2004	NA	8870	8243	627	7.1
CN2113500000000	21	135	Lewis County, KY	2004	NA	5603	5141	462	8.2
CN2113700000000	21	137	Lincoln County, KY	2004	NA	10516	9764	752	7.2
CN2113900000000	21	139	Livingston County, KY	2004	NA	4780	4486	294	6.2
CN2114100000000	21	141	Logan County, KY	2004	NA	12155	11468	687	5.7
CN2114300000000	21	143	Lyon County, KY	2004	NA	3195	2973	222	6.9
CN2114500000000	21	145	McCracken County, KY	2004	NA	30665	29015	1650	5.4
CN2114700000000	21	147	McCreary County, KY	2004	NA	6018	5550	468	7.8
CN2114900000000	21	149	McLean County, KY	2004	NA	4613	4313	300	6.5
CN2115100000000	21	151	Madison County, KY	2004	NA	40092	38101	1991	5
CN2115300000000	21	153	Magoffin County, KY	2004	NA	4527	3958	569	12.6
CN2115500000000	21	155	Marion County, KY	2004	NA	9053	8599	454	5
CN2115700000000	21	157	Marshall County, KY	2004	NA	14211	13271	940	6.6
CN2115900000000	21	159	Martin County, KY	2004	NA	3642	3374	268	7.4
CN2116100000000	21	161	Mason County, KY	2004	NA	8723	8229	494	5.7
CN2116300000000	21	163	Meade County, KY	2004	NA	11912	11204	708	5.9
CN2116500000000	21	165	Menifee County, KY	2004	NA	2596	2413	183	7
CN2116700000000	21	167	Mercer County, KY	2004	NA	10127	9599	528	5.2
CN2116900000000	21	169	Metcalfe County, KY	2004	NA	4460	4259	201	4.5
CN2117100000000	21	171	Monroe County, KY	2004	NA	5059	4793	266	5.3
CN2117300000000	21	173	Montgomery County, KY	2004	NA	11540	10792	748	6.5
CN2117500000000	21	175	Morgan County, KY	2004	NA	5077	4636	441	8.7
CN2117700000000	21	177	Muhlenberg County, KY	2004	NA	12939	11969	970	7.5
CN2117900000000	21	179	Nelson County, KY	2004	NA	19896	18872	1024	5.1
CN2118100000000	21	181	Nicholas County, KY	2004	NA	2988	2793	195	6.5
CN2118300000000	21	183	Ohio County, KY	2004	NA	11129	10443	686	6.2
CN2118500000000	21	185	Oldham County, KY	2004	NA	25192	24179	1013	4
CN2118700000000	21	187	Owen County, KY	2004	NA	5020	4763	257	5.1
CN2118900000000	21	189	Owsley County, KY	2004	NA	1572	1456	116	7.4
CN2119100000000	21	191	Pendleton County, KY	2004	NA	7392	7032	360	4.9
CN2119300000000	21	193	Perry County, KY	2004	NA	10884	10048	836	7.7
CN2119500000000	21	195	Pike County, KY	2004	NA	23933	22384	1549	6.5
CN2119700000000	21	197	Powell County, KY	2004	NA	5518	5068	450	8.2
CN2119900000000	21	199	Pulaski County, KY	2004	NA	26365	24947	1418	5.4
CN2120100000000	21	201	Robertson County, KY	2004	NA	1087	1024	63	5.8
CN2120300000000	21	203	Rockcastle County, KY	2004	NA	7159	6756	403	5.6
CN2120500000000	21	205	Rowan County, KY	2004	NA	12245	11635	610	5
CN2120700000000	21	207	Russell County, KY	2004	NA	7694	7230	464	6
CN2120900000000	21	209	Scott County, KY	2004	NA	19629	18751	878	4.5
CN2121100000000	21	211	Shelby County, KY	2004	NA	19241	18397	844	4.4
CN2121300000000	21	213	Simpson County, KY	2004	NA	8610	8197	413	4.8
CN2121500000000	21	215	Spencer County, KY	2004	NA	7670	7314	356	4.6
CN2121700000000	21	217	Taylor County, KY	2004	NA	12233	11615	618	5.1
CN2121900000000	21	219	Todd County, KY	2004	NA	5534	5283	251	4.5
CN2122100000000	21	221	Trigg County, KY	2004	NA	6395	6077	318	5
CN2122300000000	21	223	Trimble County, KY	2004	NA	4279	4050	229	5.4
CN2122500000000	21	225	Union County, KY	2004	NA	7232	6845	387	5.4
CN2122700000000	21	227	Warren County, KY	2004	NA	52523	50143	2380	4.5
CN2122900000000	21	229	Washington County, KY	2004	NA	5167	4885	282	5.5
CN2123100000000	21	231	Wayne County, KY	2004	NA	8891	8398	493	5.5
CN2123300000000	21	233	Webster County, KY	2004	NA	6548	6266	282	4.3
CN2123500000000	21	235	Whitley County, KY	2004	NA	14858	14005	853	5.7
CN2123700000000	21	237	Wolfe County, KY	2004	NA	2332	2109	223	9.6
CN2123900000000	21	239	Woodford County, KY	2004	NA	12972	12491	481	3.7
CN2200100000000	22	001	Acadia Parish, LA	2004	NA	23899	22527	1372	5.7
CN2200300000000	22	003	Allen Parish, LA	2004	NA	8750	8019	731	8.4
CN2200500000000	22	005	Ascension Parish, LA	2004	NA	42704	39916	2788	6.5
CN2200700000000	22	007	Assumption Parish, LA	2004	NA	10478	9593	885	8.4
CN2200900000000	22	009	Avoyelles Parish, LA	2004	NA	15690	14423	1267	8.1
CN2201100000000	22	011	Beauregard Parish, LA	2004	NA	13983	13055	928	6.6
CN2201300000000	22	013	Bienville Parish, LA	2004	NA	6090	5581	509	8.4
CN2201500000000	22	015	Bossier Parish, LA	2004	NA	48889	46211	2678	5.5
CN2201700000000	22	017	Caddo Parish, LA	2004	NA	113446	106374	7072	6.2
CN2201900000000	22	019	Calcasieu Parish, LA	2004	NA	86152	81319	4833	5.6
CN2202100000000	22	021	Caldwell Parish, LA	2004	NA	4280	3914	366	8.6
CN2202300000000	22	023	Cameron Parish, LA	2004	NA	4330	4104	226	5.2
CN2202500000000	22	025	Catahoula Parish, LA	2004	NA	4104	3779	325	7.9
CN2202700000000	22	027	Claiborne Parish, LA	2004	NA	6904	6440	464	6.7
CN2202900000000	22	029	Concordia Parish, LA	2004	NA	7218	6487	731	10.1
CN2203100000000	22	031	De Soto Parish, LA	2004	NA	11008	10179	829	7.5
CN2203300000000	22	033	East Baton Rouge Parish, LA	2004	NA	203695	192105	11590	5.7
CN2203500000000	22	035	East Carroll Parish, LA	2004	NA	3031	2616	415	13.7
CN2203700000000	22	037	East Feliciana Parish, LA	2004	NA	7998	7427	571	7.1
CN2203900000000	22	039	Evangeline Parish, LA	2004	NA	11754	10950	804	6.8
CN2204100000000	22	041	Franklin Parish, LA	2004	NA	7759	7049	710	9.2
CN2204300000000	22	043	Grant Parish, LA	2004	NA	8136	7583	553	6.8
CN2204500000000	22	045	Iberia Parish, LA	2004	NA	31228	29291	1937	6.2
CN2204700000000	22	047	Iberville Parish, LA	2004	NA	12262	11156	1106	9
CN2204900000000	22	049	Jackson Parish, LA	2004	NA	6416	5986	430	6.7
CN2205100000000	22	051	Jefferson Parish, LA	2004	NA	224629	213733	10896	4.9
CN2205300000000	22	053	Jefferson Davis Parish, LA	2004	NA	13526	12832	694	5.1
CN2205500000000	22	055	Lafayette Parish, LA	2004	NA	98439	94047	4392	4.5
CN2205700000000	22	057	Lafourche Parish, LA	2004	NA	43732	41574	2158	4.9
CN2205900000000	22	059	LaSalle Parish, LA	2004	NA	5691	5333	358	6.3
CN2206100000000	22	061	Lincoln Parish, LA	2004	NA	18335	17144	1191	6.5
CN2206300000000	22	063	Livingston Parish, LA	2004	NA	50397	47098	3299	6.5
CN2206500000000	22	065	Madison Parish, LA	2004	NA	4680	4220	460	9.8
CN2206700000000	22	067	Morehouse Parish, LA	2004	NA	11906	10693	1213	10.2
CN2206900000000	22	069	Natchitoches Parish, LA	2004	NA	17243	16126	1117	6.5
CN2207100000000	22	071	Orleans Parish, LA	2004	NA	196115	184460	11655	5.9
CN2207300000000	22	073	Ouachita Parish, LA	2004	NA	71537	67496	4041	5.6
CN2207500000000	22	075	Plaquemines Parish, LA	2004	NA	11541	10905	636	5.5
CN2207700000000	22	077	Pointe Coupee Parish, LA	2004	NA	9497	8785	712	7.5
CN2207900000000	22	079	Rapides Parish, LA	2004	NA	56418	53279	3139	5.6
CN2208100000000	22	081	Red River Parish, LA	2004	NA	3559	3204	355	10
CN2208300000000	22	083	Richland Parish, LA	2004	NA	8458	7758	700	8.3
CN2208500000000	22	085	Sabine Parish, LA	2004	NA	9286	8714	572	6.2
CN2208700000000	22	087	St. Bernard Parish, LA	2004	NA	30582	28929	1653	5.4
CN2208900000000	22	089	St. Charles Parish, LA	2004	NA	23964	22707	1257	5.2
CN2209100000000	22	091	St. Helena Parish, LA	2004	NA	3921	3658	263	6.7
CN2209300000000	22	093	St. James Parish, LA	2004	NA	8804	7938	866	9.8
CN2209500000000	22	095	St. John the Baptist Parish, LA	2004	NA	20520	19108	1412	6.9
CN2209700000000	22	097	St. Landry Parish, LA	2004	NA	34477	32213	2264	6.6
CN2209900000000	22	099	St. Martin Parish, LA	2004	NA	21705	20482	1223	5.6
CN2210100000000	22	101	St. Mary Parish, LA	2004	NA	21797	19903	1894	8.7
CN2210300000000	22	103	St. Tammany Parish, LA	2004	NA	103963	99467	4496	4.3
CN2210500000000	22	105	Tangipahoa Parish, LA	2004	NA	47876	44588	3288	6.9
CN2210700000000	22	107	Tensas Parish, LA	2004	NA	2271	2077	194	8.5
CN2210900000000	22	109	Terrebonne Parish, LA	2004	NA	48592	46114	2478	5.1
CN2211100000000	22	111	Union Parish, LA	2004	NA	10388	9712	676	6.5
CN2211300000000	22	113	Vermilion Parish, LA	2004	NA	22839	21482	1357	5.9
CN2211500000000	22	115	Vernon Parish, LA	2004	NA	19705	18652	1053	5.3
CN2211700000000	22	117	Washington Parish, LA	2004	NA	16272	15043	1229	7.6
CN2211900000000	22	119	Webster Parish, LA	2004	NA	18813	17506	1307	6.9
CN2212100000000	22	121	West Baton Rouge Parish, LA	2004	NA	10212	9518	694	6.8
CN2212300000000	22	123	West Carroll Parish, LA	2004	NA	4575	3978	597	13
CN2212500000000	22	125	West Feliciana Parish, LA	2004	NA	4699	4369	330	7
CN2212700000000	22	127	Winn Parish, LA	2004	NA	6017	5610	407	6.8
CN2300100000000	23	001	Androscoggin County, ME	2004	NA	55961	53433	2528	4.5
CN2300300000000	23	003	Aroostook County, ME	2004	NA	34321	32196	2125	6.2
CN2300500000000	23	005	Cumberland County, ME	2004	NA	153456	148302	5154	3.4
CN2300700000000	23	007	Franklin County, ME	2004	NA	14480	13662	818	5.6
CN2300900000000	23	009	Hancock County, ME	2004	NA	29475	27969	1506	5.1
CN2301100000000	23	011	Kennebec County, ME	2004	NA	60984	58038	2946	4.8
CN2301300000000	23	013	Knox County, ME	2004	NA	21393	20618	775	3.6
CN2301500000000	23	015	Lincoln County, ME	2004	NA	18024	17318	706	3.9
CN2301700000000	23	017	Oxford County, ME	2004	NA	27705	26137	1568	5.7
CN2301900000000	23	019	Penobscot County, ME	2004	NA	75961	71771	4190	5.5
CN2302100000000	23	021	Piscataquis County, ME	2004	NA	7329	6827	502	6.8
CN2302300000000	23	023	Sagadahoc County, ME	2004	NA	18520	17835	685	3.7
CN2302500000000	23	025	Somerset County, ME	2004	NA	24369	22570	1799	7.4
CN2302700000000	23	027	Waldo County, ME	2004	NA	19374	18382	992	5.1
CN2302900000000	23	029	Washington County, ME	2004	NA	15044	13900	1144	7.6
CN2303100000000	23	031	York County, ME	2004	NA	109570	105195	4375	4
CN2400100000000	24	001	Allegany County, MD	2004	NA	35077	32940	2137	6.1
CN2400300000000	24	003	Anne Arundel County, MD	2004	NA	271155	261113	10042	3.7
CN2400500000000	24	005	Baltimore County, MD	2004	NA	413537	395206	18331	4.4
CN2400900000000	24	009	Calvert County, MD	2004	NA	45176	43634	1542	3.4
CN2401100000000	24	011	Caroline County, MD	2004	NA	15971	15218	753	4.7
CN2401300000000	24	013	Carroll County, MD	2004	NA	90108	86984	3124	3.5
CN2401500000000	24	015	Cecil County, MD	2004	NA	48611	46491	2120	4.4
CN2401700000000	24	017	Charles County, MD	2004	NA	71076	68665	2411	3.4
CN2401900000000	24	019	Dorchester County, MD	2004	NA	17035	16040	995	5.8
CN2402100000000	24	021	Frederick County, MD	2004	NA	117954	114042	3912	3.3
CN2402300000000	24	023	Garrett County, MD	2004	NA	16223	15428	795	4.9
CN2402500000000	24	025	Harford County, MD	2004	NA	126001	120936	5065	4
CN2402700000000	24	027	Howard County, MD	2004	NA	151348	146452	4896	3.2
CN2402900000000	24	029	Kent County, MD	2004	NA	10758	10297	461	4.3
CN2403100000000	24	031	Montgomery County, MD	2004	NA	497950	482101	15849	3.2
CN2403300000000	24	033	Prince George's County, MD	2004	NA	440080	420448	19632	4.5
CN2403500000000	24	035	Queen Anne's County, MD	2004	NA	24476	23602	874	3.6
CN2403700000000	24	037	St. Mary's County, MD	2004	NA	49138	47466	1672	3.4
CN2403900000000	24	039	Somerset County, MD	2004	NA	11300	10570	730	6.5
CN2404100000000	24	041	Talbot County, MD	2004	NA	18695	17929	766	4.1
CN2404300000000	24	043	Washington County, MD	2004	NA	66758	63752	3006	4.5
CN2404500000000	24	045	Wicomico County, MD	2004	NA	50093	47889	2204	4.4
CN2404700000000	24	047	Worcester County, MD	2004	NA	27461	25596	1865	6.8
CN2451000000000	24	510	Baltimore city, MD	2004	NA	273347	253679	19668	7.2
CN2500100000000	25	001	Barnstable County, MA	2004	NA	123267	117149	6118	5
CN2500300000000	25	003	Berkshire County, MA	2004	NA	72449	69071	3378	4.7
CN2500500000000	25	005	Bristol County, MA	2004	NA	287333	269697	17636	6.1
CN2500700000000	25	007	Dukes County, MA	2004	NA	11185	10741	444	4
CN2500900000000	25	009	Essex County, MA	2004	NA	376968	355540	21428	5.7
CN2501100000000	25	011	Franklin County, MA	2004	NA	39772	38089	1683	4.2
CN2501300000000	25	013	Hampden County, MA	2004	NA	225178	211447	13731	6.1
CN2501500000000	25	015	Hampshire County, MA	2004	NA	88200	84616	3584	4.1
CN2501700000000	25	017	Middlesex County, MA	2004	NA	811907	775964	35943	4.4
CN2501900000000	25	019	Nantucket County/town, MA	2004	NA	7877	7682	195	2.5
CN2502100000000	25	021	Norfolk County, MA	2004	NA	355848	339854	15994	4.5
CN2502300000000	25	023	Plymouth County, MA	2004	NA	257676	244364	13312	5.2
CN2502500000000	25	025	Suffolk County, MA	2004	NA	336954	317830	19124	5.7
CN2502700000000	25	027	Worcester County, MA	2004	NA	400898	378789	22109	5.5
CN2600100000000	26	001	Alcona County, MI	2004	NA	4191	3734	457	10.9
CN2600300000000	26	003	Alger County, MI	2004	NA	4393	4048	345	7.9
CN2600500000000	26	005	Allegan County, MI	2004	NA	53450	49958	3492	6.5
CN2600700000000	26	007	Alpena County, MI	2004	NA	15252	13970	1282	8.4
CN2600900000000	26	009	Antrim County, MI	2004	NA	12048	11088	960	8
CN2601100000000	26	011	Arenac County, MI	2004	NA	7872	7103	769	9.8
CN2601300000000	26	013	Baraga County, MI	2004	NA	4015	3556	459	11.4
CN2601500000000	26	015	Barry County, MI	2004	NA	30334	28596	1738	5.7
CN2601700000000	26	017	Bay County, MI	2004	NA	55961	51802	4159	7.4
CN2601900000000	26	019	Benzie County, MI	2004	NA	8897	8227	670	7.5
CN2602100000000	26	021	Berrien County, MI	2004	NA	78355	72422	5933	7.6
CN2602300000000	26	023	Branch County, MI	2004	NA	22886	21277	1609	7
CN2602500000000	26	025	Calhoun County, MI	2004	NA	71824	66888	4936	6.9
CN2602700000000	26	027	Cass County, MI	2004	NA	26863	25616	1247	4.6
CN2602900000000	26	029	Charlevoix County, MI	2004	NA	14193	13105	1088	7.7
CN2603100000000	26	031	Cheboygan County, MI	2004	NA	12899	11681	1218	9.4
CN2603300000000	26	033	Chippewa County, MI	2004	NA	17449	15906	1543	8.8
CN2603500000000	26	035	Clare County, MI	2004	NA	13432	12133	1299	9.7
CN2603700000000	26	037	Clinton County, MI	2004	NA	36916	34977	1939	5.3
CN2603900000000	26	039	Crawford County, MI	2004	NA	6832	6324	508	7.4
CN2604100000000	26	041	Delta County, MI	2004	NA	20299	18700	1599	7.9
CN2604300000000	26	043	Dickinson County, MI	2004	NA	14414	13496	918	6.4
CN2604500000000	26	045	Eaton County, MI	2004	NA	58267	55176	3091	5.3
CN2604700000000	26	047	Emmet County, MI	2004	NA	19835	18249	1586	8
CN2604900000000	26	049	Genesee County, MI	2004	NA	211528	194369	17159	8.1
CN2605100000000	26	051	Gladwin County, MI	2004	NA	11140	9983	1157	10.4
CN2605300000000	26	053	Gogebic County, MI	2004	NA	7837	7217	620	7.9
CN2605500000000	26	055	Grand Traverse County, MI	2004	NA	47586	44511	3075	6.5
CN2605700000000	26	057	Gratiot County, MI	2004	NA	20268	18680	1588	7.8
CN2605900000000	26	059	Hillsdale County, MI	2004	NA	22536	20675	1861	8.3
CN2606100000000	26	061	Houghton County, MI	2004	NA	17239	16137	1102	6.4
CN2606300000000	26	063	Huron County, MI	2004	NA	17119	15636	1483	8.7
CN2606500000000	26	065	Ingham County, MI	2004	NA	152828	143327	9501	6.2
CN2606700000000	26	067	Ionia County, MI	2004	NA	30515	28133	2382	7.8
CN2606900000000	26	069	Iosco County, MI	2004	NA	10644	9617	1027	9.6
CN2607100000000	26	071	Iron County, MI	2004	NA	5923	5480	443	7.5
CN2607300000000	26	073	Isabella County, MI	2004	NA	36830	35007	1823	4.9
CN2607500000000	26	075	Jackson County, MI	2004	NA	78092	72274	5818	7.5
CN2607700000000	26	077	Kalamazoo County, MI	2004	NA	131183	123752	7431	5.7
CN2607900000000	26	079	Kalkaska County, MI	2004	NA	8711	8036	675	7.7
CN2608100000000	26	081	Kent County, MI	2004	NA	318011	297020	20991	6.6
CN2608300000000	26	083	Keweenaw County, MI	2004	NA	1066	944	122	11.4
CN2608500000000	26	085	Lake County, MI	2004	NA	4474	3998	476	10.6
CN2608700000000	26	087	Lapeer County, MI	2004	NA	45470	41905	3565	7.8
CN2608900000000	26	089	Leelanau County, MI	2004	NA	11491	10874	617	5.4
CN2609100000000	26	091	Lenawee County, MI	2004	NA	49341	45730	3611	7.3
CN2609300000000	26	093	Livingston County, MI	2004	NA	93749	89055	4694	5
CN2609500000000	26	095	Luce County, MI	2004	NA	2868	2654	214	7.5
CN2609700000000	26	097	Mackinac County, MI	2004	NA	6525	5885	640	9.8
CN2609900000000	26	099	Macomb County, MI	2004	NA	425762	396780	28982	6.8
CN2610100000000	26	101	Manistee County, MI	2004	NA	11805	10779	1026	8.7
CN2610300000000	26	103	Marquette County, MI	2004	NA	34674	32565	2109	6.1
CN2610500000000	26	105	Mason County, MI	2004	NA	15190	13773	1417	9.3
CN2610700000000	26	107	Mecosta County, MI	2004	NA	19956	18531	1425	7.1
CN2610900000000	26	109	Menominee County, MI	2004	NA	13370	12597	773	5.8
CN2611100000000	26	111	Midland County, MI	2004	NA	41348	38738	2610	6.3
CN2611300000000	26	113	Missaukee County, MI	2004	NA	6733	6201	532	7.9
CN2611500000000	26	115	Monroe County, MI	2004	NA	77222	72474	4748	6.1
CN2611700000000	26	117	Montcalm County, MI	2004	NA	29649	27319	2330	7.9
CN2611900000000	26	119	Montmorency County, MI	2004	NA	4344	3817	527	12.1
CN2612100000000	26	121	Muskegon County, MI	2004	NA	89570	82728	6842	7.6
CN2612300000000	26	123	Newaygo County, MI	2004	NA	23038	21238	1800	7.8
CN2612500000000	26	125	Oakland County, MI	2004	NA	642874	606421	36453	5.7
CN2612700000000	26	127	Oceana County, MI	2004	NA	13910	12741	1169	8.4
CN2612900000000	26	129	Ogemaw County, MI	2004	NA	9830	8987	843	8.6
CN2613100000000	26	131	Ontonagon County, MI	2004	NA	3572	3300	272	7.6
CN2613300000000	26	133	Osceola County, MI	2004	NA	10474	9575	899	8.6
CN2613500000000	26	135	Oscoda County, MI	2004	NA	3869	3442	427	11
CN2613700000000	26	137	Otsego County, MI	2004	NA	12679	11720	959	7.6
CN2613900000000	26	139	Ottawa County, MI	2004	NA	134092	126705	7387	5.5
CN2614100000000	26	141	Presque Isle County, MI	2004	NA	6370	5647	723	11.4
CN2614300000000	26	143	Roscommon County, MI	2004	NA	11262	10306	956	8.5
CN2614500000000	26	145	Saginaw County, MI	2004	NA	99041	90548	8493	8.6
CN2614700000000	26	147	St. Clair County, MI	2004	NA	85628	78920	6708	7.8
CN2614900000000	26	149	St. Joseph County, MI	2004	NA	30963	28932	2031	6.6
CN2615100000000	26	151	Sanilac County, MI	2004	NA	21895	19894	2001	9.1
CN2615300000000	26	153	Schoolcraft County, MI	2004	NA	4028	3588	440	10.9
CN2615500000000	26	155	Shiawassee County, MI	2004	NA	36774	33900	2874	7.8
CN2615700000000	26	157	Tuscola County, MI	2004	NA	29425	26833	2592	8.8
CN2615900000000	26	159	Van Buren County, MI	2004	NA	40294	37417	2877	7.1
CN2616100000000	26	161	Washtenaw County, MI	2004	NA	187648	179602	8046	4.3
CN2616300000000	26	163	Wayne County, MI	2004	NA	916559	837179	79380	8.7
CN2616500000000	26	165	Wexford County, MI	2004	NA	14686	13468	1218	8.3
CN2700100000000	27	001	Aitkin County, MN	2004	NA	7801	7261	540	6.9
CN2700300000000	27	003	Anoka County, MN	2004	NA	188296	179770	8526	4.5
CN2700500000000	27	005	Becker County, MN	2004	NA	16536	15579	957	5.8
CN2700700000000	27	007	Beltrami County, MN	2004	NA	21240	20017	1223	5.8
CN2700900000000	27	009	Benton County, MN	2004	NA	22056	20897	1159	5.3
CN2701100000000	27	011	Big Stone County, MN	2004	NA	2807	2670	137	4.9
CN2701300000000	27	013	Blue Earth County, MN	2004	NA	34976	33612	1364	3.9
CN2701500000000	27	015	Brown County, MN	2004	NA	15058	14321	737	4.9
CN2701700000000	27	017	Carlton County, MN	2004	NA	16866	15792	1074	6.4
CN2701900000000	27	019	Carver County, MN	2004	NA	46602	44759	1843	4
CN2702100000000	27	021	Cass County, MN	2004	NA	14363	13331	1032	7.2
CN2702300000000	27	023	Chippewa County, MN	2004	NA	7231	6871	360	5
CN2702500000000	27	025	Chisago County, MN	2004	NA	26570	25142	1428	5.4
CN2702700000000	27	027	Clay County, MN	2004	NA	30207	29094	1113	3.7
CN2702900000000	27	029	Clearwater County, MN	2004	NA	4016	3574	442	11
CN2703100000000	27	031	Cook County, MN	2004	NA	3218	3064	154	4.8
CN2703300000000	27	033	Cottonwood County, MN	2004	NA	6390	6089	301	4.7
CN2703500000000	27	035	Crow Wing County, MN	2004	NA	31850	30136	1714	5.4
CN2703700000000	27	037	Dakota County, MN	2004	NA	225803	216611	9192	4.1
CN2703900000000	27	039	Dodge County, MN	2004	NA	11122	10639	483	4.3
CN2704100000000	27	041	Douglas County, MN	2004	NA	20055	19282	773	3.9
CN2704300000000	27	043	Faribault County, MN	2004	NA	8269	7797	472	5.7
CN2704500000000	27	045	Fillmore County, MN	2004	NA	11564	10983	581	5
CN2704700000000	27	047	Freeborn County, MN	2004	NA	16551	15668	883	5.3
CN2704900000000	27	049	Goodhue County, MN	2004	NA	25410	24177	1233	4.9
CN2705100000000	27	051	Grant County, MN	2004	NA	3155	2969	186	5.9
CN2705300000000	27	053	Hennepin County, MN	2004	NA	657468	628479	28989	4.4
CN2705500000000	27	055	Houston County, MN	2004	NA	11196	10613	583	5.2
CN2705700000000	27	057	Hubbard County, MN	2004	NA	9762	9182	580	5.9
CN2705900000000	27	059	Isanti County, MN	2004	NA	20494	19411	1083	5.3
CN2706100000000	27	061	Itasca County, MN	2004	NA	22535	20864	1671	7.4
CN2706300000000	27	063	Jackson County, MN	2004	NA	6574	6330	244	3.7
CN2706500000000	27	065	Kanabec County, MN	2004	NA	7901	7303	598	7.6
CN2706700000000	27	067	Kandiyohi County, MN	2004	NA	23162	22111	1051	4.5
CN2706900000000	27	069	Kittson County, MN	2004	NA	2690	2510	180	6.7
CN2707100000000	27	071	Koochiching County, MN	2004	NA	7069	6627	442	6.3
CN2707300000000	27	073	Lac qui Parle County, MN	2004	NA	4058	3878	180	4.4
CN2707500000000	27	075	Lake County, MN	2004	NA	6057	5768	289	4.8
CN2707700000000	27	077	Lake of the Woods County, MN	2004	NA	2469	2350	119	4.8
CN2707900000000	27	079	Le Sueur County, MN	2004	NA	14489	13656	833	5.7
CN2708100000000	27	081	Lincoln County, MN	2004	NA	3382	3242	140	4.1
CN2708300000000	27	083	Lyon County, MN	2004	NA	14331	13782	549	3.8
CN2708500000000	27	085	McLeod County, MN	2004	NA	19858	18938	920	4.6
CN2708700000000	27	087	Mahnomen County, MN	2004	NA	2636	2482	154	5.8
CN2708900000000	27	089	Marshall County, MN	2004	NA	5400	4985	415	7.7
CN2709100000000	27	091	Martin County, MN	2004	NA	11454	10894	560	4.9
CN2709300000000	27	093	Meeker County, MN	2004	NA	12387	11695	692	5.6
CN2709500000000	27	095	Mille Lacs County, MN	2004	NA	12133	11257	876	7.2
CN2709700000000	27	097	Morrison County, MN	2004	NA	17434	16416	1018	5.8
CN2709900000000	27	099	Mower County, MN	2004	NA	20330	19420	910	4.5
CN2710100000000	27	101	Murray County, MN	2004	NA	5529	5288	241	4.4
CN2710300000000	27	103	Nicollet County, MN	2004	NA	18767	18080	687	3.7
CN2710500000000	27	105	Nobles County, MN	2004	NA	11188	10753	435	3.9
CN2710700000000	27	107	Norman County, MN	2004	NA	3746	3557	189	5
CN2710900000000	27	109	Olmsted County, MN	2004	NA	77837	74710	3127	4
CN2711100000000	27	111	Otter Tail County, MN	2004	NA	29806	28245	1561	5.2
CN2711300000000	27	113	Pennington County, MN	2004	NA	8131	7601	530	6.5
CN2711500000000	27	115	Pine County, MN	2004	NA	14776	13777	999	6.8
CN2711700000000	27	117	Pipestone County, MN	2004	NA	5157	4937	220	4.3
CN2711900000000	27	119	Polk County, MN	2004	NA	16634	15754	880	5.3
CN2712100000000	27	121	Pope County, MN	2004	NA	6132	5878	254	4.1
CN2712300000000	27	123	Ramsey County, MN	2004	NA	275725	262848	12877	4.7
CN2712500000000	27	125	Red Lake County, MN	2004	NA	2250	2075	175	7.8
CN2712700000000	27	127	Redwood County, MN	2004	NA	8425	8046	379	4.5
CN2712900000000	27	129	Renville County, MN	2004	NA	8807	8307	500	5.7
CN2713100000000	27	131	Rice County, MN	2004	NA	32383	30829	1554	4.8
CN2713300000000	27	133	Rock County, MN	2004	NA	5055	4883	172	3.4
CN2713500000000	27	135	Roseau County, MN	2004	NA	10127	9667	460	4.5
CN2713700000000	27	137	St. Louis County, MN	2004	NA	102426	96444	5982	5.8
CN2713900000000	27	139	Scott County, MN	2004	NA	67139	64460	2679	4
CN2714100000000	27	141	Sherburne County, MN	2004	NA	45025	42780	2245	5
CN2714300000000	27	143	Sibley County, MN	2004	NA	8899	8455	444	5
CN2714500000000	27	145	Stearns County, MN	2004	NA	79928	76262	3666	4.6
CN2714700000000	27	147	Steele County, MN	2004	NA	19612	18705	907	4.6
CN2714900000000	27	149	Stevens County, MN	2004	NA	5655	5436	219	3.9
CN2715100000000	27	151	Swift County, MN	2004	NA	5417	5143	274	5.1
CN2715300000000	27	153	Todd County, MN	2004	NA	12756	12095	661	5.2
CN2715500000000	27	155	Traverse County, MN	2004	NA	1952	1866	86	4.4
CN2715700000000	27	157	Wabasha County, MN	2004	NA	12669	12111	558	4.4
CN2715900000000	27	159	Wadena County, MN	2004	NA	6671	6239	432	6.5
CN2716100000000	27	161	Waseca County, MN	2004	NA	10610	10123	487	4.6
CN2716300000000	27	163	Washington County, MN	2004	NA	123805	118788	5017	4.1
CN2716500000000	27	165	Watonwan County, MN	2004	NA	5878	5607	271	4.6
CN2716700000000	27	167	Wilkin County, MN	2004	NA	3674	3534	140	3.8
CN2716900000000	27	169	Winona County, MN	2004	NA	27973	26744	1229	4.4
CN2717100000000	27	171	Wright County, MN	2004	NA	61075	58061	3014	4.9
CN2717300000000	27	173	Yellow Medicine County, MN	2004	NA	5519	5235	284	5.1
CN2800100000000	28	001	Adams County, MS	2004	NA	13344	12339	1005	7.5
CN2800300000000	28	003	Alcorn County, MS	2004	NA	15910	14852	1058	6.6
CN2800500000000	28	005	Amite County, MS	2004	NA	5215	4872	343	6.6
CN2800700000000	28	007	Attala County, MS	2004	NA	7841	7223	618	7.9
CN2800900000000	28	009	Benton County, MS	2004	NA	2897	2631	266	9.2
CN2801100000000	28	011	Bolivar County, MS	2004	NA	15619	14335	1284	8.2
CN2801300000000	28	013	Calhoun County, MS	2004	NA	6432	5995	437	6.8
CN2801500000000	28	015	Carroll County, MS	2004	NA	4810	4524	286	5.9
CN2801700000000	28	017	Chickasaw County, MS	2004	NA	7862	7224	638	8.1
CN2801900000000	28	019	Choctaw County, MS	2004	NA	3663	3366	297	8.1
CN2802100000000	28	021	Claiborne County, MS	2004	NA	3868	3465	403	10.4
CN2802300000000	28	023	Clarke County, MS	2004	NA	7272	6718	554	7.6
CN2802500000000	28	025	Clay County, MS	2004	NA	8858	8039	819	9.2
CN2802700000000	28	027	Coahoma County, MS	2004	NA	11247	10230	1017	9
CN2802900000000	28	029	Copiah County, MS	2004	NA	12609	11753	856	6.8
CN2803100000000	28	031	Covington County, MS	2004	NA	8886	8398	488	5.5
CN2803300000000	28	033	DeSoto County, MS	2004	NA	68683	66201	2482	3.6
CN2803500000000	28	035	Forrest County, MS	2004	NA	35416	33475	1941	5.5
CN2803700000000	28	037	Franklin County, MS	2004	NA	3085	2841	244	7.9
CN2803900000000	28	039	George County, MS	2004	NA	8502	7743	759	8.9
CN2804100000000	28	041	Greene County, MS	2004	NA	4794	4353	441	9.2
CN2804300000000	28	043	Grenada County, MS	2004	NA	10123	9484	639	6.3
CN2804500000000	28	045	Hancock County, MS	2004	NA	20713	19673	1040	5
CN2804700000000	28	047	Harrison County, MS	2004	NA	92320	87670	4650	5
CN2804900000000	28	049	Hinds County, MS	2004	NA	124079	117206	6873	5.5
CN2805100000000	28	051	Holmes County, MS	2004	NA	6858	6107	751	11
CN2805300000000	28	053	Humphreys County, MS	2004	NA	4393	4008	385	8.8
CN2805500000000	28	055	Issaquena County, MS	2004	NA	801	719	82	10.2
CN2805700000000	28	057	Itawamba County, MS	2004	NA	10478	9866	612	5.8
CN2805900000000	28	059	Jackson County, MS	2004	NA	60112	56627	3485	5.8
CN2806100000000	28	061	Jasper County, MS	2004	NA	7325	6743	582	7.9
CN2806300000000	28	063	Jefferson County, MS	2004	NA	2871	2492	379	13.2
CN2806500000000	28	065	Jefferson Davis County, MS	2004	NA	5367	4953	414	7.7
CN2806700000000	28	067	Jones County, MS	2004	NA	29306	27790	1516	5.2
CN2806900000000	28	069	Kemper County, MS	2004	NA	4279	3914	365	8.5
CN2807100000000	28	071	Lafayette County, MS	2004	NA	20593	19530	1063	5.2
CN2807300000000	28	073	Lamar County, MS	2004	NA	21613	20696	917	4.2
CN2807500000000	28	075	Lauderdale County, MS	2004	NA	33758	31534	2224	6.6
CN2807700000000	28	077	Lawrence County, MS	2004	NA	5268	4910	358	6.8
CN2807900000000	28	079	Leake County, MS	2004	NA	8836	8257	579	6.6
CN2808100000000	28	081	Lee County, MS	2004	NA	38296	36143	2153	5.6
CN2808300000000	28	083	Leflore County, MS	2004	NA	13805	12532	1273	9.2
CN2808500000000	28	085	Lincoln County, MS	2004	NA	14406	13508	898	6.2
CN2808700000000	28	087	Lowndes County, MS	2004	NA	25713	23998	1715	6.7
CN2808900000000	28	089	Madison County, MS	2004	NA	43698	41612	2086	4.8
CN2809100000000	28	091	Marion County, MS	2004	NA	10483	9781	702	6.7
CN2809300000000	28	093	Marshall County, MS	2004	NA	15294	14119	1175	7.7
CN2809500000000	28	095	Monroe County, MS	2004	NA	17221	15921	1300	7.5
CN2809700000000	28	097	Montgomery County, MS	2004	NA	4933	4552	381	7.7
CN2809900000000	28	099	Neshoba County, MS	2004	NA	14671	13829	842	5.7
CN2810100000000	28	101	Newton County, MS	2004	NA	9810	9262	548	5.6
CN2810300000000	28	103	Noxubee County, MS	2004	NA	4481	3942	539	12
CN2810500000000	28	105	Oktibbeha County, MS	2004	NA	19918	18796	1122	5.6
CN2810700000000	28	107	Panola County, MS	2004	NA	14708	13372	1336	9.1
CN2810900000000	28	109	Pearl River County, MS	2004	NA	21455	20276	1179	5.5
CN2811100000000	28	111	Perry County, MS	2004	NA	5167	4789	378	7.3
CN2811300000000	28	113	Pike County, MS	2004	NA	15266	14187	1079	7.1
CN2811500000000	28	115	Pontotoc County, MS	2004	NA	13264	12578	686	5.2
CN2811700000000	28	117	Prentiss County, MS	2004	NA	11870	11018	852	7.2
CN2811900000000	28	119	Quitman County, MS	2004	NA	4037	3639	398	9.9
CN2812100000000	28	121	Rankin County, MS	2004	NA	71224	68388	2836	4
CN2812300000000	28	123	Scott County, MS	2004	NA	13046	12380	666	5.1
CN2812500000000	28	125	Sharkey County, MS	2004	NA	2649	2368	281	10.6
CN2812700000000	28	127	Simpson County, MS	2004	NA	11991	11373	618	5.2
CN2812900000000	28	129	Smith County, MS	2004	NA	6942	6572	370	5.3
CN2813100000000	28	131	Stone County, MS	2004	NA	6939	6555	384	5.5
CN2813300000000	28	133	Sunflower County, MS	2004	NA	11166	10165	1001	9
CN2813500000000	28	135	Tallahatchie County, MS	2004	NA	6490	5879	611	9.4
CN2813700000000	28	137	Tate County, MS	2004	NA	11841	11138	703	5.9
CN2813900000000	28	139	Tippah County, MS	2004	NA	9488	8835	653	6.9
CN2814100000000	28	141	Tishomingo County, MS	2004	NA	8143	7501	642	7.9
CN2814300000000	28	143	Tunica County, MS	2004	NA	4387	4000	387	8.8
CN2814500000000	28	145	Union County, MS	2004	NA	11734	11008	726	6.2
CN2814700000000	28	147	Walthall County, MS	2004	NA	5794	5397	397	6.9
CN2814900000000	28	149	Warren County, MS	2004	NA	23248	21857	1391	6
CN2815100000000	28	151	Washington County, MS	2004	NA	24175	21881	2294	9.5
CN2815300000000	28	153	Wayne County, MS	2004	NA	8534	7942	592	6.9
CN2815500000000	28	155	Webster County, MS	2004	NA	3485	3197	288	8.3
CN2815700000000	28	157	Wilkinson County, MS	2004	NA	3691	3373	318	8.6
CN2815900000000	28	159	Winston County, MS	2004	NA	7890	7294	596	7.6
CN2816100000000	28	161	Yalobusha County, MS	2004	NA	5504	5022	482	8.8
CN2816300000000	28	163	Yazoo County, MS	2004	NA	10343	9454	889	8.6
CN2900100000000	29	001	Adair County, MO	2004	NA	13151	12500	651	5
CN2900300000000	29	003	Andrew County, MO	2004	NA	9744	9236	508	5.2
CN2900500000000	29	005	Atchison County, MO	2004	NA	3355	3199	156	4.6
CN2900700000000	29	007	Audrain County, MO	2004	NA	11839	11154	685	5.8
CN2900900000000	29	009	Barry County, MO	2004	NA	17260	16369	891	5.2
CN2901100000000	29	011	Barton County, MO	2004	NA	6771	6427	344	5.1
CN2901300000000	29	013	Bates County, MO	2004	NA	8048	7469	579	7.2
CN2901500000000	29	015	Benton County, MO	2004	NA	8568	8016	552	6.4
CN2901700000000	29	017	Bollinger County, MO	2004	NA	6154	5784	370	6
CN2901900000000	29	019	Boone County, MO	2004	NA	83660	80420	3240	3.9
CN2902100000000	29	021	Buchanan County, MO	2004	NA	45398	42592	2806	6.2
CN2902300000000	29	023	Butler County, MO	2004	NA	21783	20589	1194	5.5
CN2902500000000	29	025	Caldwell County, MO	2004	NA	4417	4150	267	6
CN2902700000000	29	027	Callaway County, MO	2004	NA	22757	21676	1081	4.8
CN2902900000000	29	029	Camden County, MO	2004	NA	20935	19740	1195	5.7
CN2903100000000	29	031	Cape Girardeau County, MO	2004	NA	39815	37990	1825	4.6
CN2903300000000	29	033	Carroll County, MO	2004	NA	5074	4789	285	5.6
CN2903500000000	29	035	Carter County, MO	2004	NA	2966	2766	200	6.7
CN2903700000000	29	037	Cass County, MO	2004	NA	48177	45428	2749	5.7
CN2903900000000	29	039	Cedar County, MO	2004	NA	6469	6064	405	6.3
CN2904100000000	29	041	Chariton County, MO	2004	NA	4333	4080	253	5.8
CN2904300000000	29	043	Christian County, MO	2004	NA	35583	33914	1669	4.7
CN2904500000000	29	045	Clark County, MO	2004	NA	3627	3381	246	6.8
CN2904700000000	29	047	Clay County, MO	2004	NA	110155	104674	5481	5
CN2904900000000	29	049	Clinton County, MO	2004	NA	10421	9808	613	5.9
CN2905100000000	29	051	Cole County, MO	2004	NA	40460	38824	1636	4
CN2905300000000	29	053	Cooper County, MO	2004	NA	8883	8432	451	5.1
CN2905500000000	29	055	Crawford County, MO	2004	NA	11756	10997	759	6.5
CN2905700000000	29	057	Dade County, MO	2004	NA	3899	3694	205	5.3
CN2905900000000	29	059	Dallas County, MO	2004	NA	7409	6962	447	6
CN2906100000000	29	061	Daviess County, MO	2004	NA	4143	3926	217	5.2
CN2906300000000	29	063	DeKalb County, MO	2004	NA	5051	4737	314	6.2
CN2906500000000	29	065	Dent County, MO	2004	NA	6545	6109	436	6.7
CN2906700000000	29	067	Douglas County, MO	2004	NA	6224	5848	376	6
CN2906900000000	29	069	Dunklin County, MO	2004	NA	14980	13874	1106	7.4
CN2907100000000	29	071	Franklin County, MO	2004	NA	52312	49182	3130	6
CN2907300000000	29	073	Gasconade County, MO	2004	NA	7786	7305	481	6.2
CN2907500000000	29	075	Gentry County, MO	2004	NA	3355	3199	156	4.6
CN2907700000000	29	077	Greene County, MO	2004	NA	135351	129014	6337	4.7
CN2907900000000	29	079	Grundy County, MO	2004	NA	5003	4717	286	5.7
CN2908100000000	29	081	Harrison County, MO	2004	NA	4489	4254	235	5.2
CN2908300000000	29	083	Henry County, MO	2004	NA	10944	10194	750	6.9
CN2908500000000	29	085	Hickory County, MO	2004	NA	3435	3141	294	8.6
CN2908700000000	29	087	Holt County, MO	2004	NA	2620	2488	132	5
CN2908900000000	29	089	Howard County, MO	2004	NA	5341	5085	256	4.8
CN2909100000000	29	091	Howell County, MO	2004	NA	19805	18757	1048	5.3
CN2909300000000	29	093	Iron County, MO	2004	NA	5038	4616	422	8.4
CN2909500000000	29	095	Jackson County, MO	2004	NA	341134	317117	24017	7
CN2909700000000	29	097	Jasper County, MO	2004	NA	54981	52053	2928	5.3
CN2909900000000	29	099	Jefferson County, MO	2004	NA	115135	108458	6677	5.8
CN2910100000000	29	101	Johnson County, MO	2004	NA	25331	24055	1276	5
CN2910300000000	29	103	Knox County, MO	2004	NA	2369	2270	99	4.2
CN2910500000000	29	105	Laclede County, MO	2004	NA	16956	15699	1257	7.4
CN2910700000000	29	107	Lafayette County, MO	2004	NA	16858	15876	982	5.8
CN2910900000000	29	109	Lawrence County, MO	2004	NA	18803	17884	919	4.9
CN2911100000000	29	111	Lewis County, MO	2004	NA	5614	5334	280	5
CN2911300000000	29	113	Lincoln County, MO	2004	NA	23741	22334	1407	5.9
CN2911500000000	29	115	Linn County, MO	2004	NA	6992	6472	520	7.4
CN2911700000000	29	117	Livingston County, MO	2004	NA	7240	6865	375	5.2
CN2911900000000	29	119	McDonald County, MO	2004	NA	11738	11135	603	5.1
CN2912100000000	29	121	Macon County, MO	2004	NA	8352	7900	452	5.4
CN2912300000000	29	123	Madison County, MO	2004	NA	5972	5590	382	6.4
CN2912500000000	29	125	Maries County, MO	2004	NA	4753	4511	242	5.1
CN2912700000000	29	127	Marion County, MO	2004	NA	14692	13863	829	5.6
CN2912900000000	29	129	Mercer County, MO	2004	NA	1773	1681	92	5.2
CN2913100000000	29	131	Miller County, MO	2004	NA	12944	12117	827	6.4
CN2913300000000	29	133	Mississippi County, MO	2004	NA	6200	5734	466	7.5
CN2913500000000	29	135	Moniteau County, MO	2004	NA	7621	7256	365	4.8
CN2913700000000	29	137	Monroe County, MO	2004	NA	4603	4326	277	6
CN2913900000000	29	139	Montgomery County, MO	2004	NA	6430	6024	406	6.3
CN2914100000000	29	141	Morgan County, MO	2004	NA	9595	8968	627	6.5
CN2914300000000	29	143	New Madrid County, MO	2004	NA	8727	8000	727	8.3
CN2914500000000	29	145	Newton County, MO	2004	NA	27843	26308	1535	5.5
CN2914700000000	29	147	Nodaway County, MO	2004	NA	12709	12225	484	3.8
CN2914900000000	29	149	Oregon County, MO	2004	NA	4296	4054	242	5.6
CN2915100000000	29	151	Osage County, MO	2004	NA	7541	7193	348	4.6
CN2915300000000	29	153	Ozark County, MO	2004	NA	4434	4162	272	6.1
CN2915500000000	29	155	Pemiscot County, MO	2004	NA	7964	7266	698	8.8
CN2915700000000	29	157	Perry County, MO	2004	NA	10446	10020	426	4.1
CN2915900000000	29	159	Pettis County, MO	2004	NA	20837	19614	1223	5.9
CN2916100000000	29	161	Phelps County, MO	2004	NA	22890	21834	1056	4.6
CN2916300000000	29	163	Pike County, MO	2004	NA	8984	8489	495	5.5
CN2916500000000	29	165	Platte County, MO	2004	NA	47021	44824	2197	4.7
CN2916700000000	29	167	Polk County, MO	2004	NA	13673	12939	734	5.4
CN2916900000000	29	169	Pulaski County, MO	2004	NA	17620	16604	1016	5.8
CN2917100000000	29	171	Putnam County, MO	2004	NA	2550	2425	125	4.9
CN2917300000000	29	173	Ralls County, MO	2004	NA	5611	5276	335	6
CN2917500000000	29	175	Randolph County, MO	2004	NA	12991	12277	714	5.5
CN2917700000000	29	177	Ray County, MO	2004	NA	11933	11174	759	6.4
CN2917900000000	29	179	Reynolds County, MO	2004	NA	2737	2512	225	8.2
CN2918100000000	29	181	Ripley County, MO	2004	NA	6525	6114	411	6.3
CN2918300000000	29	183	St. Charles County, MO	2004	NA	182414	174103	8311	4.6
CN2918500000000	29	185	St. Clair County, MO	2004	NA	4536	4235	301	6.6
CN2918600000000	29	186	Ste. Genevieve County, MO	2004	NA	9449	8912	537	5.7
CN2918700000000	29	187	St. Francois County, MO	2004	NA	28022	26027	1995	7.1
CN2918900000000	29	189	St. Louis County, MO	2004	NA	542856	512256	30600	5.6
CN2919500000000	29	195	Saline County, MO	2004	NA	12007	11382	625	5.2
CN2919700000000	29	197	Schuyler County, MO	2004	NA	2223	2086	137	6.2
CN2919900000000	29	199	Scotland County, MO	2004	NA	2491	2388	103	4.1
CN2920100000000	29	201	Scott County, MO	2004	NA	20968	19697	1271	6.1
CN2920300000000	29	203	Shannon County, MO	2004	NA	4029	3685	344	8.5
CN2920500000000	29	205	Shelby County, MO	2004	NA	3236	3048	188	5.8
CN2920700000000	29	207	Stoddard County, MO	2004	NA	16010	15047	963	6
CN2920900000000	29	209	Stone County, MO	2004	NA	15868	14517	1351	8.5
CN2921100000000	29	211	Sullivan County, MO	2004	NA	3268	3052	216	6.6
CN2921300000000	29	213	Taney County, MO	2004	NA	25159	22857	2302	9.1
CN2921500000000	29	215	Texas County, MO	2004	NA	10957	10191	766	7
CN2921700000000	29	217	Vernon County, MO	2004	NA	10384	9828	556	5.4
CN2921900000000	29	219	Warren County, MO	2004	NA	14953	14117	836	5.6
CN2922100000000	29	221	Washington County, MO	2004	NA	10023	9139	884	8.8
CN2922300000000	29	223	Wayne County, MO	2004	NA	5758	5335	423	7.3
CN2922500000000	29	225	Webster County, MO	2004	NA	16329	15502	827	5.1
CN2922700000000	29	227	Worth County, MO	2004	NA	1194	1141	53	4.4
CN2922900000000	29	229	Wright County, MO	2004	NA	8333	7778	555	6.7
CN2951000000000	29	510	St. Louis city, MO	2004	NA	162736	148150	14586	9
CN3000100000000	30	001	Beaverhead County, MT	2004	NA	5004	4811	193	3.9
CN3000300000000	30	003	Big Horn County, MT	2004	NA	5049	4566	483	9.6
CN3000500000000	30	005	Blaine County, MT	2004	NA	2828	2694	134	4.7
CN3000700000000	30	007	Broadwater County, MT	2004	NA	2270	2168	102	4.5
CN3000900000000	30	009	Carbon County, MT	2004	NA	5267	5042	225	4.3
CN3001100000000	30	011	Carter County, MT	2004	NA	709	685	24	3.4
CN3001300000000	30	013	Cascade County, MT	2004	NA	38661	36934	1727	4.5
CN3001500000000	30	015	Chouteau County, MT	2004	NA	2609	2517	92	3.5
CN3001700000000	30	017	Custer County, MT	2004	NA	5724	5476	248	4.3
CN3001900000000	30	019	Daniels County, MT	2004	NA	813	778	35	4.3
CN3002100000000	30	021	Dawson County, MT	2004	NA	4266	4085	181	4.2
CN3002300000000	30	023	Deer Lodge County, MT	2004	NA	3920	3654	266	6.8
CN3002500000000	30	025	Fallon County, MT	2004	NA	1609	1559	50	3.1
CN3002700000000	30	027	Fergus County, MT	2004	NA	5837	5521	316	5.4
CN3002900000000	30	029	Flathead County, MT	2004	NA	41756	39312	2444	5.9
CN3003100000000	30	031	Gallatin County, MT	2004	NA	44724	43093	1631	3.6
CN3003300000000	30	033	Garfield County, MT	2004	NA	660	634	26	3.9
CN3003500000000	30	035	Glacier County, MT	2004	NA	5928	5425	503	8.5
CN3003700000000	30	037	Golden Valley County, MT	2004	NA	492	461	31	6.3
CN3003900000000	30	039	Granite County, MT	2004	NA	1300	1225	75	5.8
CN3004100000000	30	041	Hill County, MT	2004	NA	8004	7628	376	4.7
CN3004300000000	30	043	Jefferson County, MT	2004	NA	5517	5265	252	4.6
CN3004500000000	30	045	Judith Basin County, MT	2004	NA	1101	1053	48	4.4
CN3004700000000	30	047	Lake County, MT	2004	NA	11644	10913	731	6.3
CN3004900000000	30	049	Lewis and Clark County, MT	2004	NA	30923	29640	1283	4.1
CN3005100000000	30	051	Liberty County, MT	2004	NA	880	842	38	4.3
CN3005300000000	30	053	Lincoln County, MT	2004	NA	7733	6925	808	10.4
CN3005500000000	30	055	McCone County, MT	2004	NA	1019	988	31	3
CN3005700000000	30	057	Madison County, MT	2004	NA	3598	3441	157	4.4
CN3005900000000	30	059	Meagher County, MT	2004	NA	932	875	57	6.1
CN3006100000000	30	061	Mineral County, MT	2004	NA	1925	1800	125	6.5
CN3006300000000	30	063	Missoula County, MT	2004	NA	57144	54731	2413	4.2
CN3006500000000	30	065	Musselshell County, MT	2004	NA	2109	1977	132	6.3
CN3006700000000	30	067	Park County, MT	2004	NA	8823	8404	419	4.7
CN3006900000000	30	069	Petroleum County, MT	2004	NA	221	208	13	5.9
CN3007100000000	30	071	Phillips County, MT	2004	NA	2159	2057	102	4.7
CN3007300000000	30	073	Pondera County, MT	2004	NA	2702	2547	155	5.7
CN3007500000000	30	075	Powder River County, MT	2004	NA	927	887	40	4.3
CN3007700000000	30	077	Powell County, MT	2004	NA	2684	2509	175	6.5
CN3007900000000	30	079	Prairie County, MT	2004	NA	567	536	31	5.5
CN3008100000000	30	081	Ravalli County, MT	2004	NA	18187	17128	1059	5.8
CN3008300000000	30	083	Richland County, MT	2004	NA	4894	4712	182	3.7
CN3008500000000	30	085	Roosevelt County, MT	2004	NA	4112	3833	279	6.8
CN3008700000000	30	087	Rosebud County, MT	2004	NA	4298	4063	235	5.5
CN3008900000000	30	089	Sanders County, MT	2004	NA	4660	4319	341	7.3
CN3009100000000	30	091	Sheridan County, MT	2004	NA	1795	1722	73	4.1
CN3009300000000	30	093	Silver Bow County, MT	2004	NA	17243	16359	884	5.1
CN3009500000000	30	095	Stillwater County, MT	2004	NA	4503	4328	175	3.9
CN3009700000000	30	097	Sweet Grass County, MT	2004	NA	2640	2578	62	2.3
CN3009900000000	30	099	Teton County, MT	2004	NA	2984	2860	124	4.2
CN3010100000000	30	101	Toole County, MT	2004	NA	2573	2481	92	3.6
CN3010300000000	30	103	Treasure County, MT	2004	NA	417	397	20	4.8
CN3010500000000	30	105	Valley County, MT	2004	NA	3735	3568	167	4.5
CN3010700000000	30	107	Wheatland County, MT	2004	NA	1049	1000	49	4.7
CN3010900000000	30	109	Wibaux County, MT	2004	NA	515	495	20	3.9
CN3011100000000	30	111	Yellowstone County, MT	2004	NA	76635	73715	2920	3.8
CN3100100000000	31	001	Adams County, NE	2004	NA	16997	16353	644	3.8
CN3100300000000	31	003	Antelope County, NE	2004	NA	3930	3799	131	3.3
CN3100500000000	31	005	Arthur County, NE	2004	NA	237	227	10	4.2
CN3100700000000	31	007	Banner County, NE	2004	NA	409	395	14	3.4
CN3100900000000	31	009	Blaine County, NE	2004	NA	285	275	10	3.5
CN3101100000000	31	011	Boone County, NE	2004	NA	3219	3116	103	3.2
CN3101300000000	31	013	Box Butte County, NE	2004	NA	5586	5362	224	4
CN3101500000000	31	015	Boyd County, NE	2004	NA	1198	1160	38	3.2
CN3101700000000	31	017	Brown County, NE	2004	NA	1916	1852	64	3.3
CN3101900000000	31	019	Buffalo County, NE	2004	NA	26767	25994	773	2.9
CN3102100000000	31	021	Burt County, NE	2004	NA	3958	3753	205	5.2
CN3102300000000	31	023	Butler County, NE	2004	NA	4729	4534	195	4.1
CN3102500000000	31	025	Cass County, NE	2004	NA	14004	13430	574	4.1
CN3102700000000	31	027	Cedar County, NE	2004	NA	5078	4933	145	2.9
CN3102900000000	31	029	Chase County, NE	2004	NA	2186	2123	63	2.9
CN3103100000000	31	031	Cherry County, NE	2004	NA	3740	3650	90	2.4
CN3103300000000	31	033	Cheyenne County, NE	2004	NA	5079	4922	157	3.1
CN3103500000000	31	035	Clay County, NE	2004	NA	3285	3170	115	3.5
CN3103700000000	31	037	Colfax County, NE	2004	NA	5950	5764	186	3.1
CN3103900000000	31	039	Cuming County, NE	2004	NA	5538	5378	160	2.9
CN3104100000000	31	041	Custer County, NE	2004	NA	6220	6030	190	3.1
CN3104300000000	31	043	Dakota County, NE	2004	NA	10577	10108	469	4.4
CN3104500000000	31	045	Dawes County, NE	2004	NA	4751	4598	153	3.2
CN3104700000000	31	047	Dawson County, NE	2004	NA	12528	12001	527	4.2
CN3104900000000	31	049	Deuel County, NE	2004	NA	1079	1047	32	3
CN3105100000000	31	051	Dixon County, NE	2004	NA	3110	3001	109	3.5
CN3105300000000	31	053	Dodge County, NE	2004	NA	19791	18882	909	4.6
CN3105500000000	31	055	Douglas County, NE	2004	NA	264598	252793	11805	4.5
CN3105700000000	31	057	Dundy County, NE	2004	NA	1172	1129	43	3.7
CN3105900000000	31	059	Fillmore County, NE	2004	NA	3365	3245	120	3.6
CN3106100000000	31	061	Franklin County, NE	2004	NA	1936	1873	63	3.3
CN3106300000000	31	063	Frontier County, NE	2004	NA	1779	1728	51	2.9
CN3106500000000	31	065	Furnas County, NE	2004	NA	2545	2459	86	3.4
CN3106700000000	31	067	Gage County, NE	2004	NA	12898	12331	567	4.4
CN3106900000000	31	069	Garden County, NE	2004	NA	1083	1043	40	3.7
CN3107100000000	31	071	Garfield County, NE	2004	NA	1074	1039	35	3.3
CN3107300000000	31	073	Gosper County, NE	2004	NA	1102	1060	42	3.8
CN3107500000000	31	075	Grant County, NE	2004	NA	418	407	11	2.6
CN3107700000000	31	077	Greeley County, NE	2004	NA	1444	1389	55	3.8
CN3107900000000	31	079	Hall County, NE	2004	NA	29977	28539	1438	4.8
CN3108100000000	31	081	Hamilton County, NE	2004	NA	5326	5159	167	3.1
CN3108300000000	31	083	Harlan County, NE	2004	NA	1839	1781	58	3.2
CN3108500000000	31	085	Hayes County, NE	2004	NA	554	533	21	3.8
CN3108700000000	31	087	Hitchcock County, NE	2004	NA	1528	1469	59	3.9
CN3108900000000	31	089	Holt County, NE	2004	NA	6276	6087	189	3
CN3109100000000	31	091	Hooker County, NE	2004	NA	429	415	14	3.3
CN3109300000000	31	093	Howard County, NE	2004	NA	3682	3531	151	4.1
CN3109500000000	31	095	Jefferson County, NE	2004	NA	4351	4168	183	4.2
CN3109700000000	31	097	Johnson County, NE	2004	NA	3104	2996	108	3.5
CN3109900000000	31	099	Kearney County, NE	2004	NA	3910	3798	112	2.9
CN3110100000000	31	101	Keith County, NE	2004	NA	4842	4683	159	3.3
CN3110300000000	31	103	Keya Paha County, NE	2004	NA	438	424	14	3.2
CN3110500000000	31	105	Kimball County, NE	2004	NA	2169	2106	63	2.9
CN3110700000000	31	107	Knox County, NE	2004	NA	4946	4773	173	3.5
CN3110900000000	31	109	Lancaster County, NE	2004	NA	155096	149733	5363	3.5
CN3111100000000	31	111	Lincoln County, NE	2004	NA	20898	20172	726	3.5
CN3111300000000	31	113	Logan County, NE	2004	NA	439	426	13	3
CN3111500000000	31	115	Loup County, NE	2004	NA	348	334	14	4
CN3111700000000	31	117	McPherson County, NE	2004	NA	303	298	5	1.7
CN3111900000000	31	119	Madison County, NE	2004	NA	20551	19750	801	3.9
CN3112100000000	31	121	Merrick County, NE	2004	NA	4301	4124	177	4.1
CN3112300000000	31	123	Morrill County, NE	2004	NA	2812	2719	93	3.3
CN3112500000000	31	125	Nance County, NE	2004	NA	2020	1930	90	4.5
CN3112700000000	31	127	Nemaha County, NE	2004	NA	3500	3343	157	4.5
CN3112900000000	31	129	Nuckolls County, NE	2004	NA	2442	2364	78	3.2
CN3113100000000	31	131	Otoe County, NE	2004	NA	8779	8423	356	4.1
CN3113300000000	31	133	Pawnee County, NE	2004	NA	1662	1601	61	3.7
CN3113500000000	31	135	Perkins County, NE	2004	NA	1654	1612	42	2.5
CN3113700000000	31	137	Phelps County, NE	2004	NA	5258	5087	171	3.3
CN3113900000000	31	139	Pierce County, NE	2004	NA	4303	4159	144	3.3
CN3114100000000	31	141	Platte County, NE	2004	NA	16884	16163	721	4.3
CN3114300000000	31	143	Polk County, NE	2004	NA	3043	2938	105	3.5
CN3114500000000	31	145	Red Willow County, NE	2004	NA	6068	5858	210	3.5
CN3114700000000	31	147	Richardson County, NE	2004	NA	4431	4213	218	4.9
CN3114900000000	31	149	Rock County, NE	2004	NA	968	936	32	3.3
CN3115100000000	31	151	Saline County, NE	2004	NA	8242	7967	275	3.3
CN3115300000000	31	153	Sarpy County, NE	2004	NA	71465	69077	2388	3.3
CN3115500000000	31	155	Saunders County, NE	2004	NA	11070	10666	404	3.6
CN3115700000000	31	157	Scotts Bluff County, NE	2004	NA	19262	18430	832	4.3
CN3115900000000	31	159	Seward County, NE	2004	NA	9314	9033	281	3
CN3116100000000	31	161	Sheridan County, NE	2004	NA	3286	3192	94	2.9
CN3116300000000	31	163	Sherman County, NE	2004	NA	1895	1829	66	3.5
CN3116500000000	31	165	Sioux County, NE	2004	NA	809	788	21	2.6
CN3116700000000	31	167	Stanton County, NE	2004	NA	3780	3661	119	3.1
CN3116900000000	31	169	Thayer County, NE	2004	NA	3038	2942	96	3.2
CN3117100000000	31	171	Thomas County, NE	2004	NA	426	413	13	3.1
CN3117300000000	31	173	Thurston County, NE	2004	NA	2954	2724	230	7.8
CN3117500000000	31	175	Valley County, NE	2004	NA	2560	2475	85	3.3
CN3117700000000	31	177	Washington County, NE	2004	NA	11094	10735	359	3.2
CN3117900000000	31	179	Wayne County, NE	2004	NA	5525	5359	166	3
CN3118100000000	31	181	Webster County, NE	2004	NA	2034	1950	84	4.1
CN3118300000000	31	183	Wheeler County, NE	2004	NA	489	476	13	2.7
CN3118500000000	31	185	York County, NE	2004	NA	8055	7801	254	3.2
CN3200100000000	32	001	Churchill County, NV	2004	NA	12077	11581	496	4.1
CN3200300000000	32	003	Clark County, NV	2004	NA	829072	793008	36064	4.3
CN3200500000000	32	005	Douglas County, NV	2004	NA	22197	21265	932	4.2
CN3200700000000	32	007	Elko County, NV	2004	NA	22921	22067	854	3.7
CN3200900000000	32	009	Esmeralda County, NV	2004	NA	450	427	23	5.1
CN3201100000000	32	011	Eureka County, NV	2004	NA	671	644	27	4
CN3201300000000	32	013	Humboldt County, NV	2004	NA	7571	7283	288	3.8
CN3201500000000	32	015	Lander County, NV	2004	NA	2445	2345	100	4.1
CN3201700000000	32	017	Lincoln County, NV	2004	NA	1574	1493	81	5.1
CN3201900000000	32	019	Lyon County, NV	2004	NA	19389	18347	1042	5.4
CN3202100000000	32	021	Mineral County, NV	2004	NA	2123	2012	111	5.2
CN3202300000000	32	023	Nye County, NV	2004	NA	15415	14516	899	5.8
CN3202700000000	32	027	Pershing County, NV	2004	NA	2507	2401	106	4.2
CN3202900000000	32	029	Storey County, NV	2004	NA	2078	2011	67	3.2
CN3203100000000	32	031	Washoe County, NV	2004	NA	206046	197902	8144	4
CN3203300000000	32	033	White Pine County, NV	2004	NA	3945	3802	143	3.6
CN3251000000000	32	510	Carson City, NV	2004	NA	27156	25842	1314	4.8
CN3300100000000	33	001	Belknap County, NH	2004	NA	31674	30569	1105	3.5
CN3300300000000	33	003	Carroll County, NH	2004	NA	24790	23998	792	3.2
CN3300500000000	33	005	Cheshire County, NH	2004	NA	40902	39536	1366	3.3
CN3300700000000	33	007	Coos County, NH	2004	NA	16504	15758	746	4.5
CN3300900000000	33	009	Grafton County, NH	2004	NA	46393	45108	1285	2.8
CN3301100000000	33	011	Hillsborough County, NH	2004	NA	223189	214535	8654	3.9
CN3301300000000	33	013	Merrimack County, NH	2004	NA	77129	74695	2434	3.2
CN3301500000000	33	015	Rockingham County, NH	2004	NA	168375	160630	7745	4.6
CN3301700000000	33	017	Strafford County, NH	2004	NA	65955	63731	2224	3.4
CN3301900000000	33	019	Sullivan County, NH	2004	NA	21273	20590	683	3.2
CN3400100000000	34	001	Atlantic County, NJ	2004	NA	134116	126693	7423	5.5
CN3400300000000	34	003	Bergen County, NJ	2004	NA	461732	442672	19060	4.1
CN3400500000000	34	005	Burlington County, NJ	2004	NA	234422	224900	9522	4.1
CN3400700000000	34	007	Camden County, NJ	2004	NA	259165	245803	13362	5.2
CN3400900000000	34	009	Cape May County, NJ	2004	NA	57017	53150	3867	6.8
CN3401100000000	34	011	Cumberland County, NJ	2004	NA	68307	63850	4457	6.5
CN3401300000000	34	013	Essex County, NJ	2004	NA	362557	340464	22093	6.1
CN3401500000000	34	015	Gloucester County, NJ	2004	NA	144501	137783	6718	4.6
CN3401700000000	34	017	Hudson County, NJ	2004	NA	286674	269375	17299	6
CN3401900000000	34	019	Hunterdon County, NJ	2004	NA	70332	67956	2376	3.4
CN3402100000000	34	021	Mercer County, NJ	2004	NA	189063	181116	7947	4.2
CN3402300000000	34	023	Middlesex County, NJ	2004	NA	409573	391154	18419	4.5
CN3402500000000	34	025	Monmouth County, NJ	2004	NA	321317	307048	14269	4.4
CN3402700000000	34	027	Morris County, NJ	2004	NA	264848	255329	9519	3.6
CN3402900000000	34	029	Ocean County, NJ	2004	NA	245409	233198	12211	5
CN3403100000000	34	031	Passaic County, NJ	2004	NA	233370	219231	14139	6.1
CN3403300000000	34	033	Salem County, NJ	2004	NA	30695	29113	1582	5.2
CN3403500000000	34	035	Somerset County, NJ	2004	NA	171606	165327	6279	3.7
CN3403700000000	34	037	Sussex County, NJ	2004	NA	82333	78796	3537	4.3
CN3403900000000	34	039	Union County, NJ	2004	NA	264425	250645	13780	5.2
CN3404100000000	34	041	Warren County, NJ	2004	NA	57710	55229	2481	4.3
CN3500100000000	35	001	Bernalillo County, NM	2004	NA	301259	286255	15004	5
CN3500300000000	35	003	Catron County, NM	2004	NA	1443	1338	105	7.3
CN3500500000000	35	005	Chaves County, NM	2004	NA	25691	23988	1703	6.6
CN3500600000000	35	006	Cibola County, NM	2004	NA	12324	11616	708	5.7
CN3500700000000	35	007	Colfax County, NM	2004	NA	6998	6596	402	5.7
CN3500900000000	35	009	Curry County, NM	2004	NA	20313	19452	861	4.2
CN3501100000000	35	011	De Baca County, NM	2004	NA	918	855	63	6.9
CN3501300000000	35	013	Dona Ana County, NM	2004	NA	82582	77517	5065	6.1
CN3501500000000	35	015	Eddy County, NM	2004	NA	24193	22865	1328	5.5
CN3501700000000	35	017	Grant County, NM	2004	NA	11866	10875	991	8.4
CN3501900000000	35	019	Guadalupe County, NM	2004	NA	1697	1580	117	6.9
CN3502100000000	35	021	Harding County, NM	2004	NA	388	368	20	5.2
CN3502300000000	35	023	Hidalgo County, NM	2004	NA	2380	2241	139	5.8
CN3502500000000	35	025	Lea County, NM	2004	NA	24519	23356	1163	4.7
CN3502700000000	35	027	Lincoln County, NM	2004	NA	11056	10593	463	4.2
CN3502800000000	35	028	Los Alamos County, NM	2004	NA	11461	11153	308	2.7
CN3502900000000	35	029	Luna County, NM	2004	NA	12036	10172	1864	15.5
CN3503100000000	35	031	McKinley County, NM	2004	NA	26819	24980	1839	6.9
CN3503300000000	35	033	Mora County, NM	2004	NA	2116	1887	229	10.8
CN3503500000000	35	035	Otero County, NM	2004	NA	26674	25319	1355	5.1
CN3503700000000	35	037	Quay County, NM	2004	NA	3960	3720	240	6.1
CN3503900000000	35	039	Rio Arriba County, NM	2004	NA	20739	19395	1344	6.5
CN3504100000000	35	041	Roosevelt County, NM	2004	NA	9481	9133	348	3.7
CN3504300000000	35	043	Sandoval County, NM	2004	NA	48139	45484	2655	5.5
CN3504500000000	35	045	San Juan County, NM	2004	NA	53051	49938	3113	5.9
CN3504700000000	35	047	San Miguel County, NM	2004	NA	13620	12741	879	6.5
CN3504900000000	35	049	Santa Fe County, NM	2004	NA	75047	71858	3189	4.2
CN3505100000000	35	051	Sierra County, NM	2004	NA	5365	5064	301	5.6
CN3505300000000	35	053	Socorro County, NM	2004	NA	8934	8506	428	4.8
CN3505500000000	35	055	Taos County, NM	2004	NA	17190	15953	1237	7.2
CN3505700000000	35	057	Torrance County, NM	2004	NA	7640	7210	430	5.6
CN3505900000000	35	059	Union County, NM	2004	NA	1946	1875	71	3.6
CN3506100000000	35	061	Valencia County, NM	2004	NA	30422	28731	1691	5.6
CN3600100000000	36	001	Albany County, NY	2004	NA	158668	152045	6623	4.2
CN3600300000000	36	003	Allegany County, NY	2004	NA	23578	22071	1507	6.4
CN3600500000000	36	005	Bronx County, NY	2004	NA	502064	455837	46227	9.2
CN3600700000000	36	007	Broome County, NY	2004	NA	96283	91075	5208	5.4
CN3600900000000	36	009	Cattaraugus County, NY	2004	NA	42270	39740	2530	6
CN3601100000000	36	011	Cayuga County, NY	2004	NA	41754	39618	2136	5.1
CN3601300000000	36	013	Chautauqua County, NY	2004	NA	66930	63277	3653	5.5
CN3601500000000	36	015	Chemung County, NY	2004	NA	40515	38084	2431	6
CN3601700000000	36	017	Chenango County, NY	2004	NA	24090	22755	1335	5.5
CN3601900000000	36	019	Clinton County, NY	2004	NA	39890	37477	2413	6
CN3602100000000	36	021	Columbia County, NY	2004	NA	31923	30529	1394	4.4
CN3602300000000	36	023	Cortland County, NY	2004	NA	24075	22585	1490	6.2
CN3602500000000	36	025	Delaware County, NY	2004	NA	23161	22111	1050	4.5
CN3602700000000	36	027	Dutchess County, NY	2004	NA	145368	139197	6171	4.2
CN3602900000000	36	029	Erie County, NY	2004	NA	472080	445204	26876	5.7
CN3603100000000	36	031	Essex County, NY	2004	NA	18638	17620	1018	5.5
CN3603300000000	36	033	Franklin County, NY	2004	NA	22391	20945	1446	6.5
CN3603500000000	36	035	Fulton County, NY	2004	NA	26748	25241	1507	5.6
CN3603700000000	36	037	Genesee County, NY	2004	NA	33066	31231	1835	5.5
CN3603900000000	36	039	Greene County, NY	2004	NA	23306	22074	1232	5.3
CN3604100000000	36	041	Hamilton County, NY	2004	NA	3064	2894	170	5.5
CN3604300000000	36	043	Herkimer County, NY	2004	NA	31414	29651	1763	5.6
CN3604500000000	36	045	Jefferson County, NY	2004	NA	46282	43080	3202	6.9
CN3604700000000	36	047	Kings County, NY	2004	NA	1057696	976927	80769	7.6
CN3604900000000	36	049	Lewis County, NY	2004	NA	12552	11730	822	6.5
CN3605100000000	36	051	Livingston County, NY	2004	NA	32753	30848	1905	5.8
CN3605300000000	36	053	Madison County, NY	2004	NA	35703	33714	1989	5.6
CN3605500000000	36	055	Monroe County, NY	2004	NA	373605	354250	19355	5.2
CN3605700000000	36	057	Montgomery County, NY	2004	NA	24205	22770	1435	5.9
CN3605900000000	36	059	Nassau County, NY	2004	NA	684388	653640	30748	4.5
CN3606100000000	36	061	New York County, NY	2004	NA	883902	829168	54734	6.2
CN3606300000000	36	063	Niagara County, NY	2004	NA	111587	104703	6884	6.2
CN3606500000000	36	065	Oneida County, NY	2004	NA	110572	104850	5722	5.2
CN3606700000000	36	067	Onondaga County, NY	2004	NA	231608	219905	11703	5.1
CN3606900000000	36	069	Ontario County, NY	2004	NA	55564	52801	2763	5
CN3607100000000	36	071	Orange County, NY	2004	NA	175164	166958	8206	4.7
CN3607300000000	36	073	Orleans County, NY	2004	NA	19858	18596	1262	6.4
CN3607500000000	36	075	Oswego County, NY	2004	NA	59918	55798	4120	6.9
CN3607700000000	36	077	Otsego County, NY	2004	NA	31411	29887	1524	4.9
CN3607900000000	36	079	Putnam County, NY	2004	NA	55319	53132	2187	4
CN3608100000000	36	081	Queens County, NY	2004	NA	1072546	1004676	67870	6.3
CN3608300000000	36	083	Rensselaer County, NY	2004	NA	83071	79250	3821	4.6
CN3608500000000	36	085	Richmond County, NY	2004	NA	226083	211569	14514	6.4
CN3608700000000	36	087	Rockland County, NY	2004	NA	149804	143168	6636	4.4
CN3608900000000	36	089	St. Lawrence County, NY	2004	NA	49052	45626	3426	7
CN3609100000000	36	091	Saratoga County, NY	2004	NA	118025	113447	4578	3.9
CN3609300000000	36	093	Schenectady County, NY	2004	NA	74521	71184	3337	4.5
CN3609500000000	36	095	Schoharie County, NY	2004	NA	15633	14777	856	5.5
CN3609700000000	36	097	Schuyler County, NY	2004	NA	9797	9217	580	5.9
CN3609900000000	36	099	Seneca County, NY	2004	NA	17221	16323	898	5.2
CN3610100000000	36	101	Steuben County, NY	2004	NA	44118	41300	2818	6.4
CN3610300000000	36	103	Suffolk County, NY	2004	NA	768946	733115	35831	4.7
CN3610500000000	36	105	Sullivan County, NY	2004	NA	34923	33073	1850	5.3
CN3610700000000	36	107	Tioga County, NY	2004	NA	26140	24779	1361	5.2
CN3610900000000	36	109	Tompkins County, NY	2004	NA	54010	51837	2173	4
CN3611100000000	36	111	Ulster County, NY	2004	NA	91379	86945	4434	4.9
CN3611300000000	36	113	Warren County, NY	2004	NA	34999	33286	1713	4.9
CN3611500000000	36	115	Washington County, NY	2004	NA	31796	30299	1497	4.7
CN3611700000000	36	117	Wayne County, NY	2004	NA	48515	45843	2672	5.5
CN3611900000000	36	119	Westchester County, NY	2004	NA	477966	456741	21225	4.4
CN3612100000000	36	121	Wyoming County, NY	2004	NA	20999	19691	1308	6.2
CN3612300000000	36	123	Yates County, NY	2004	NA	13057	12464	593	4.5
CN3700100000000	37	001	Alamance County, NC	2004	NA	69221	64924	4297	6.2
CN3700300000000	37	003	Alexander County, NC	2004	NA	18540	17434	1106	6
CN3700500000000	37	005	Alleghany County, NC	2004	NA	4871	4567	304	6.2
CN3700700000000	37	007	Anson County, NC	2004	NA	10872	9943	929	8.5
CN3700900000000	37	009	Ashe County, NC	2004	NA	12819	12131	688	5.4
CN3701100000000	37	011	Avery County, NC	2004	NA	8068	7661	407	5
CN3701300000000	37	013	Beaufort County, NC	2004	NA	19991	18621	1370	6.9
CN3701500000000	37	015	Bertie County, NC	2004	NA	8355	7714	641	7.7
CN3701700000000	37	017	Bladen County, NC	2004	NA	15642	14538	1104	7.1
CN3701900000000	37	019	Brunswick County, NC	2004	NA	40333	38168	2165	5.4
CN3702100000000	37	021	Buncombe County, NC	2004	NA	113413	108574	4839	4.3
CN3702300000000	37	023	Burke County, NC	2004	NA	42231	39428	2803	6.6
CN3702500000000	37	025	Cabarrus County, NC	2004	NA	76771	72055	4716	6.1
CN3702700000000	37	027	Caldwell County, NC	2004	NA	39833	36892	2941	7.4
CN3702900000000	37	029	Camden County, NC	2004	NA	4203	4042	161	3.8
CN3703100000000	37	031	Carteret County, NC	2004	NA	31731	30259	1472	4.6
CN3703300000000	37	033	Caswell County, NC	2004	NA	10687	9848	839	7.9
CN3703500000000	37	035	Catawba County, NC	2004	NA	77185	72177	5008	6.5
CN3703700000000	37	037	Chatham County, NC	2004	NA	29987	28809	1178	3.9
CN3703900000000	37	039	Cherokee County, NC	2004	NA	9903	9314	589	5.9
CN3704100000000	37	041	Chowan County, NC	2004	NA	6910	6592	318	4.6
CN3704300000000	37	043	Clay County, NC	2004	NA	4380	4199	181	4.1
CN3704500000000	37	045	Cleveland County, NC	2004	NA	47184	43692	3492	7.4
CN3704700000000	37	047	Columbus County, NC	2004	NA	23611	22128	1483	6.3
CN3704900000000	37	049	Craven County, NC	2004	NA	40181	38276	1905	4.7
CN3705100000000	37	051	Cumberland County, NC	2004	NA	122892	116410	6482	5.3
CN3705300000000	37	053	Currituck County, NC	2004	NA	11381	11052	329	2.9
CN3705500000000	37	055	Dare County, NC	2004	NA	22351	21311	1040	4.7
CN3705700000000	37	057	Davidson County, NC	2004	NA	78148	73105	5043	6.5
CN3705900000000	37	059	Davie County, NC	2004	NA	19365	18409	956	4.9
CN3706100000000	37	061	Duplin County, NC	2004	NA	24341	22964	1377	5.7
CN3706300000000	37	063	Durham County, NC	2004	NA	127848	122147	5701	4.5
CN3706500000000	37	065	Edgecombe County, NC	2004	NA	24479	22387	2092	8.5
CN3706700000000	37	067	Forsyth County, NC	2004	NA	165876	157658	8218	5
CN3706900000000	37	069	Franklin County, NC	2004	NA	25708	24380	1328	5.2
CN3707100000000	37	071	Gaston County, NC	2004	NA	96058	89978	6080	6.3
CN3707300000000	37	073	Gates County, NC	2004	NA	4881	4685	196	4
CN3707500000000	37	075	Graham County, NC	2004	NA	3831	3531	300	7.8
CN3707700000000	37	077	Granville County, NC	2004	NA	23939	22321	1618	6.8
CN3707900000000	37	079	Greene County, NC	2004	NA	8933	8382	551	6.2
CN3708100000000	37	081	Guilford County, NC	2004	NA	237572	224941	12631	5.3
CN3708300000000	37	083	Halifax County, NC	2004	NA	23430	21636	1794	7.7
CN3708500000000	37	085	Harnett County, NC	2004	NA	44271	41909	2362	5.3
CN3708700000000	37	087	Haywood County, NC	2004	NA	26994	25768	1226	4.5
CN3708900000000	37	089	Henderson County, NC	2004	NA	45446	43553	1893	4.2
CN3709100000000	37	091	Hertford County, NC	2004	NA	9653	9089	564	5.8
CN3709300000000	37	093	Hoke County, NC	2004	NA	16891	15909	982	5.8
CN3709500000000	37	095	Hyde County, NC	2004	NA	2952	2764	188	6.4
CN3709700000000	37	097	Iredell County, NC	2004	NA	71146	67341	3805	5.3
CN3709900000000	37	099	Jackson County, NC	2004	NA	19795	18958	837	4.2
CN3710100000000	37	101	Johnston County, NC	2004	NA	68796	65728	3068	4.5
CN3710300000000	37	103	Jones County, NC	2004	NA	4888	4658	230	4.7
CN3710500000000	37	105	Lee County, NC	2004	NA	25599	24118	1481	5.8
CN3710700000000	37	107	Lenoir County, NC	2004	NA	27292	25687	1605	5.9
CN3710900000000	37	109	Lincoln County, NC	2004	NA	35624	33493	2131	6
CN3711100000000	37	111	McDowell County, NC	2004	NA	21562	20166	1396	6.5
CN3711300000000	37	113	Macon County, NC	2004	NA	15393	14679	714	4.6
CN3711500000000	37	115	Madison County, NC	2004	NA	9676	9173	503	5.2
CN3711700000000	37	117	Martin County, NC	2004	NA	12006	11213	793	6.6
CN3711900000000	37	119	Mecklenburg County, NC	2004	NA	416749	395649	21100	5.1
CN3712100000000	37	121	Mitchell County, NC	2004	NA	7542	7027	515	6.8
CN3712300000000	37	123	Montgomery County, NC	2004	NA	12520	11632	888	7.1
CN3712500000000	37	125	Moore County, NC	2004	NA	35750	33775	1975	5.5
CN3712700000000	37	127	Nash County, NC	2004	NA	44210	41420	2790	6.3
CN3712900000000	37	129	New Hanover County, NC	2004	NA	93889	89750	4139	4.4
CN3713100000000	37	131	Northampton County, NC	2004	NA	8833	8215	618	7
CN3713300000000	37	133	Onslow County, NC	2004	NA	55319	52336	2983	5.4
CN3713500000000	37	135	Orange County, NC	2004	NA	64123	61682	2441	3.8
CN3713700000000	37	137	Pamlico County, NC	2004	NA	5597	5341	256	4.6
CN3713900000000	37	139	Pasquotank County, NC	2004	NA	16990	16215	775	4.6
CN3714100000000	37	141	Pender County, NC	2004	NA	21043	20014	1029	4.9
CN3714300000000	37	143	Perquimans County, NC	2004	NA	5093	4854	239	4.7
CN3714500000000	37	145	Person County, NC	2004	NA	18472	17257	1215	6.6
CN3714700000000	37	147	Pitt County, NC	2004	NA	71873	67802	4071	5.7
CN3714900000000	37	149	Polk County, NC	2004	NA	8988	8597	391	4.4
CN3715100000000	37	151	Randolph County, NC	2004	NA	73593	69895	3698	5
CN3715300000000	37	153	Richmond County, NC	2004	NA	20169	18558	1611	8
CN3715500000000	37	155	Robeson County, NC	2004	NA	51796	48112	3684	7.1
CN3715700000000	37	157	Rockingham County, NC	2004	NA	45742	42404	3338	7.3
CN3715900000000	37	159	Rowan County, NC	2004	NA	67890	62980	4910	7.2
CN3716100000000	37	161	Rutherford County, NC	2004	NA	30027	27330	2697	9
CN3716300000000	37	163	Sampson County, NC	2004	NA	31371	29859	1512	4.8
CN3716500000000	37	165	Scotland County, NC	2004	NA	15354	13715	1639	10.7
CN3716700000000	37	167	Stanly County, NC	2004	NA	29189	27386	1803	6.2
CN3716900000000	37	169	Stokes County, NC	2004	NA	23794	22545	1249	5.2
CN3717100000000	37	171	Surry County, NC	2004	NA	35469	33343	2126	6
CN3717300000000	37	173	Swain County, NC	2004	NA	6643	6164	479	7.2
CN3717500000000	37	175	Transylvania County, NC	2004	NA	12201	11354	847	6.9
CN3717700000000	37	177	Tyrrell County, NC	2004	NA	2177	2029	148	6.8
CN3717900000000	37	179	Union County, NC	2004	NA	78467	74732	3735	4.8
CN3718100000000	37	181	Vance County, NC	2004	NA	19299	17444	1855	9.6
CN3718300000000	37	183	Wake County, NC	2004	NA	390143	373280	16863	4.3
CN3718500000000	37	185	Warren County, NC	2004	NA	8273	7671	602	7.3
CN3718700000000	37	187	Washington County, NC	2004	NA	6108	5687	421	6.9
CN3718900000000	37	189	Watauga County, NC	2004	NA	22673	21752	921	4.1
CN3719100000000	37	191	Wayne County, NC	2004	NA	51026	48345	2681	5.3
CN3719300000000	37	193	Wilkes County, NC	2004	NA	33175	31177	1998	6
CN3719500000000	37	195	Wilson County, NC	2004	NA	38649	35521	3128	8.1
CN3719700000000	37	197	Yadkin County, NC	2004	NA	19096	18103	993	5.2
CN3719900000000	37	199	Yancey County, NC	2004	NA	7881	7371	510	6.5
CN3800100000000	38	001	Adams County, ND	2004	NA	1283	1250	33	2.6
CN3800300000000	38	003	Barnes County, ND	2004	NA	6092	5892	200	3.3
CN3800500000000	38	005	Benson County, ND	2004	NA	2801	2663	138	4.9
CN3800700000000	38	007	Billings County, ND	2004	NA	494	482	12	2.4
CN3800900000000	38	009	Bottineau County, ND	2004	NA	3523	3381	142	4
CN3801100000000	38	011	Bowman County, ND	2004	NA	1733	1691	42	2.4
CN3801300000000	38	013	Burke County, ND	2004	NA	1052	1016	36	3.4
CN3801500000000	38	015	Burleigh County, ND	2004	NA	43343	42124	1219	2.8
CN3801700000000	38	017	Cass County, ND	2004	NA	80707	78543	2164	2.7
CN3801900000000	38	019	Cavalier County, ND	2004	NA	2196	2117	79	3.6
CN3802100000000	38	021	Dickey County, ND	2004	NA	2831	2753	78	2.8
CN3802300000000	38	023	Divide County, ND	2004	NA	1017	982	35	3.4
CN3802500000000	38	025	Dunn County, ND	2004	NA	1715	1654	61	3.6
CN3802700000000	38	027	Eddy County, ND	2004	NA	1351	1285	66	4.9
CN3802900000000	38	029	Emmons County, ND	2004	NA	1889	1785	104	5.5
CN3803100000000	38	031	Foster County, ND	2004	NA	1800	1743	57	3.2
CN3803300000000	38	033	Golden Valley County, ND	2004	NA	935	906	29	3.1
CN3803500000000	38	035	Grand Forks County, ND	2004	NA	37390	36236	1154	3.1
CN3803700000000	38	037	Grant County, ND	2004	NA	1277	1230	47	3.7
CN3803900000000	38	039	Griggs County, ND	2004	NA	1370	1336	34	2.5
CN3804100000000	38	041	Hettinger County, ND	2004	NA	1215	1173	42	3.5
CN3804300000000	38	043	Kidder County, ND	2004	NA	1232	1158	74	6
CN3804500000000	38	045	LaMoure County, ND	2004	NA	2335	2255	80	3.4
CN3804700000000	38	047	Logan County, ND	2004	NA	961	921	40	4.2
CN3804900000000	38	049	McHenry County, ND	2004	NA	2794	2632	162	5.8
CN3805100000000	38	051	McIntosh County, ND	2004	NA	1490	1447	43	2.9
CN3805300000000	38	053	McKenzie County, ND	2004	NA	2744	2650	94	3.4
CN3805500000000	38	055	McLean County, ND	2004	NA	4606	4350	256	5.6
CN3805700000000	38	057	Mercer County, ND	2004	NA	4747	4534	213	4.5
CN3805900000000	38	059	Morton County, ND	2004	NA	14356	13839	517	3.6
CN3806100000000	38	061	Mountrail County, ND	2004	NA	3100	2936	164	5.3
CN3806300000000	38	063	Nelson County, ND	2004	NA	1766	1699	67	3.8
CN3806500000000	38	065	Oliver County, ND	2004	NA	1249	1202	47	3.8
CN3806700000000	38	067	Pembina County, ND	2004	NA	4184	3846	338	8.1
CN3806900000000	38	069	Pierce County, ND	2004	NA	1983	1889	94	4.7
CN3807100000000	38	071	Ramsey County, ND	2004	NA	6009	5766	243	4
CN3807300000000	38	073	Ransom County, ND	2004	NA	3110	3019	91	2.9
CN3807500000000	38	075	Renville County, ND	2004	NA	1293	1258	35	2.7
CN3807700000000	38	077	Richland County, ND	2004	NA	9257	8948	309	3.3
CN3807900000000	38	079	Rolette County, ND	2004	NA	5279	4781	498	9.4
CN3808100000000	38	081	Sargent County, ND	2004	NA	2349	2280	69	2.9
CN3808300000000	38	083	Sheridan County, ND	2004	NA	762	715	47	6.2
CN3808500000000	38	085	Sioux County, ND	2004	NA	1348	1258	90	6.7
CN3808700000000	38	087	Slope County, ND	2004	NA	447	433	14	3.1
CN3808900000000	38	089	Stark County, ND	2004	NA	13048	12636	412	3.2
CN3809100000000	38	091	Steele County, ND	2004	NA	1214	1186	28	2.3
CN3809300000000	38	093	Stutsman County, ND	2004	NA	11685	11308	377	3.2
CN3809500000000	38	095	Towner County, ND	2004	NA	1346	1288	58	4.3
CN3809700000000	38	097	Traill County, ND	2004	NA	4209	4051	158	3.8
CN3809900000000	38	099	Walsh County, ND	2004	NA	5935	5658	277	4.7
CN3810100000000	38	101	Ward County, ND	2004	NA	28198	27206	992	3.5
CN3810300000000	38	103	Wells County, ND	2004	NA	2309	2200	109	4.7
CN3810500000000	38	105	Williams County, ND	2004	NA	11108	10812	296	2.7
CN3900100000000	39	001	Adams County, OH	2004	NA	12878	11621	1257	9.8
CN3900300000000	39	003	Allen County, OH	2004	NA	52550	48983	3567	6.8
CN3900500000000	39	005	Ashland County, OH	2004	NA	27220	25244	1976	7.3
CN3900700000000	39	007	Ashtabula County, OH	2004	NA	50302	46491	3811	7.6
CN3900900000000	39	009	Athens County, OH	2004	NA	29778	27733	2045	6.9
CN3901100000000	39	011	Auglaize County, OH	2004	NA	25374	24035	1339	5.3
CN3901300000000	39	013	Belmont County, OH	2004	NA	32181	29895	2286	7.1
CN3901500000000	39	015	Brown County, OH	2004	NA	21872	20289	1583	7.2
CN3901700000000	39	017	Butler County, OH	2004	NA	183628	173319	10309	5.6
CN3901900000000	39	019	Carroll County, OH	2004	NA	14291	13195	1096	7.7
CN3902100000000	39	021	Champaign County, OH	2004	NA	20769	19461	1308	6.3
CN3902300000000	39	023	Clark County, OH	2004	NA	71065	66119	4946	7
CN3902500000000	39	025	Clermont County, OH	2004	NA	102842	96984	5858	5.7
CN3902700000000	39	027	Clinton County, OH	2004	NA	22013	20631	1382	6.3
CN3902900000000	39	029	Columbiana County, OH	2004	NA	53724	49624	4100	7.6
CN3903100000000	39	031	Coshocton County, OH	2004	NA	17754	16101	1653	9.3
CN3903300000000	39	033	Crawford County, OH	2004	NA	23074	21254	1820	7.9
CN3903500000000	39	035	Cuyahoga County, OH	2004	NA	661974	625075	36899	5.6
CN3903700000000	39	037	Darke County, OH	2004	NA	28241	26471	1770	6.3
CN3903900000000	39	039	Defiance County, OH	2004	NA	20665	19355	1310	6.3
CN3904100000000	39	041	Delaware County, OH	2004	NA	79357	75789	3568	4.5
CN3904300000000	39	043	Erie County, OH	2004	NA	42874	39995	2879	6.7
CN3904500000000	39	045	Fairfield County, OH	2004	NA	72018	67850	4168	5.8
CN3904700000000	39	047	Fayette County, OH	2004	NA	16035	15088	947	5.9
CN3904900000000	39	049	Franklin County, OH	2004	NA	600875	567016	33859	5.6
CN3905100000000	39	051	Fulton County, OH	2004	NA	22927	21419	1508	6.6
CN3905300000000	39	053	Gallia County, OH	2004	NA	14243	13045	1198	8.4
CN3905500000000	39	055	Geauga County, OH	2004	NA	49918	47749	2169	4.3
CN3905700000000	39	057	Greene County, OH	2004	NA	77361	72822	4539	5.9
CN3905900000000	39	059	Guernsey County, OH	2004	NA	19993	18345	1648	8.2
CN3906100000000	39	061	Hamilton County, OH	2004	NA	422070	397607	24463	5.8
CN3906300000000	39	063	Hancock County, OH	2004	NA	39580	37445	2135	5.4
CN3906500000000	39	065	Hardin County, OH	2004	NA	15870	14814	1056	6.7
CN3906700000000	39	067	Harrison County, OH	2004	NA	7464	6911	553	7.4
CN3906900000000	39	069	Henry County, OH	2004	NA	16058	15005	1053	6.6
CN3907100000000	39	071	Highland County, OH	2004	NA	20535	19189	1346	6.6
CN3907300000000	39	073	Hocking County, OH	2004	NA	13775	12665	1110	8.1
CN3907500000000	39	075	Holmes County, OH	2004	NA	19035	18218	817	4.3
CN3907700000000	39	077	Huron County, OH	2004	NA	30033	27595	2438	8.1
CN3907900000000	39	079	Jackson County, OH	2004	NA	15276	13937	1339	8.8
CN3908100000000	39	081	Jefferson County, OH	2004	NA	32222	29528	2694	8.4
CN3908300000000	39	083	Knox County, OH	2004	NA	29288	27496	1792	6.1
CN3908500000000	39	085	Lake County, OH	2004	NA	129601	123301	6300	4.9
CN3908700000000	39	087	Lawrence County, OH	2004	NA	28357	26486	1871	6.6
CN3908900000000	39	089	Licking County, OH	2004	NA	80864	75818	5046	6.2
CN3909100000000	39	091	Logan County, OH	2004	NA	24443	23044	1399	5.7
CN3909300000000	39	093	Lorain County, OH	2004	NA	150249	142335	7914	5.3
CN3909500000000	39	095	Lucas County, OH	2004	NA	225175	207930	17245	7.7
CN3909700000000	39	097	Madison County, OH	2004	NA	19714	18505	1209	6.1
CN3909900000000	39	099	Mahoning County, OH	2004	NA	119878	110566	9312	7.8
CN3910100000000	39	101	Marion County, OH	2004	NA	32103	29911	2192	6.8
CN3910300000000	39	103	Medina County, OH	2004	NA	90461	86365	4096	4.5
CN3910500000000	39	105	Meigs County, OH	2004	NA	9075	8062	1013	11.2
CN3910700000000	39	107	Mercer County, OH	2004	NA	23032	21952	1080	4.7
CN3910900000000	39	109	Miami County, OH	2004	NA	54435	51183	3252	6
CN3911100000000	39	111	Monroe County, OH	2004	NA	6098	5411	687	11.3
CN3911300000000	39	113	Montgomery County, OH	2004	NA	273746	255120	18626	6.8
CN3911500000000	39	115	Morgan County, OH	2004	NA	6377	5683	694	10.9
CN3911700000000	39	117	Morrow County, OH	2004	NA	17591	16468	1123	6.4
CN3911900000000	39	119	Muskingum County, OH	2004	NA	41186	37624	3562	8.6
CN3912100000000	39	121	Noble County, OH	2004	NA	5791	5273	518	8.9
CN3912300000000	39	123	Ottawa County, OH	2004	NA	21683	19858	1825	8.4
CN3912500000000	39	125	Paulding County, OH	2004	NA	10443	9817	626	6
CN3912700000000	39	127	Perry County, OH	2004	NA	16704	15163	1541	9.2
CN3912900000000	39	129	Pickaway County, OH	2004	NA	23701	21904	1797	7.6
CN3913100000000	39	131	Pike County, OH	2004	NA	11005	9830	1175	10.7
CN3913300000000	39	133	Portage County, OH	2004	NA	87967	82653	5314	6
CN3913500000000	39	135	Preble County, OH	2004	NA	21830	20433	1397	6.4
CN3913700000000	39	137	Putnam County, OH	2004	NA	17647	16424	1223	6.9
CN3913900000000	39	139	Richland County, OH	2004	NA	63376	58634	4742	7.5
CN3914100000000	39	141	Ross County, OH	2004	NA	34797	31994	2803	8.1
CN3914300000000	39	143	Sandusky County, OH	2004	NA	33510	31268	2242	6.7
CN3914500000000	39	145	Scioto County, OH	2004	NA	32966	29913	3053	9.3
CN3914700000000	39	147	Seneca County, OH	2004	NA	31411	29205	2206	7
CN3914900000000	39	149	Shelby County, OH	2004	NA	27072	25655	1417	5.2
CN3915100000000	39	151	Stark County, OH	2004	NA	190760	177627	13133	6.9
CN3915300000000	39	153	Summit County, OH	2004	NA	287229	269071	18158	6.3
CN3915500000000	39	155	Trumbull County, OH	2004	NA	105735	97411	8324	7.9
CN3915700000000	39	157	Tuscarawas County, OH	2004	NA	47254	44274	2980	6.3
CN3915900000000	39	159	Union County, OH	2004	NA	23949	22699	1250	5.2
CN3916100000000	39	161	Van Wert County, OH	2004	NA	15054	14200	854	5.7
CN3916300000000	39	163	Vinton County, OH	2004	NA	5451	4961	490	9
CN3916500000000	39	165	Warren County, OH	2004	NA	100040	94918	5122	5.1
CN3916700000000	39	167	Washington County, OH	2004	NA	33156	30985	2171	6.5
CN3916900000000	39	169	Wayne County, OH	2004	NA	60387	57036	3351	5.5
CN3917100000000	39	171	Williams County, OH	2004	NA	19725	18434	1291	6.5
CN3917300000000	39	173	Wood County, OH	2004	NA	67124	63079	4045	6
CN3917500000000	39	175	Wyandot County, OH	2004	NA	13333	12554	779	5.8
CN4000100000000	40	001	Adair County, OK	2004	NA	9890	9281	609	6.2
CN4000300000000	40	003	Alfalfa County, OK	2004	NA	2494	2398	96	3.8
CN4000500000000	40	005	Atoka County, OK	2004	NA	5490	5147	343	6.2
CN4000700000000	40	007	Beaver County, OK	2004	NA	2958	2857	101	3.4
CN4000900000000	40	009	Beckham County, OK	2004	NA	9399	9096	303	3.2
CN4001100000000	40	011	Blaine County, OK	2004	NA	4721	4502	219	4.6
CN4001300000000	40	013	Bryan County, OK	2004	NA	18544	17800	744	4
CN4001500000000	40	015	Caddo County, OK	2004	NA	12176	11493	683	5.6
CN4001700000000	40	017	Canadian County, OK	2004	NA	49848	47863	1985	4
CN4001900000000	40	019	Carter County, OK	2004	NA	23179	22088	1091	4.7
CN4002100000000	40	021	Cherokee County, OK	2004	NA	20730	19779	951	4.6
CN4002300000000	40	023	Choctaw County, OK	2004	NA	6345	5898	447	7
CN4002500000000	40	025	Cimarron County, OK	2004	NA	1438	1395	43	3
CN4002700000000	40	027	Cleveland County, OK	2004	NA	116530	112157	4373	3.8
CN4002900000000	40	029	Coal County, OK	2004	NA	2266	2031	235	10.4
CN4003100000000	40	031	Comanche County, OK	2004	NA	45728	43762	1966	4.3
CN4003300000000	40	033	Cotton County, OK	2004	NA	3239	3110	129	4
CN4003500000000	40	035	Craig County, OK	2004	NA	6617	6298	319	4.8
CN4003700000000	40	037	Creek County, OK	2004	NA	31758	29939	1819	5.7
CN4003900000000	40	039	Custer County, OK	2004	NA	13390	12955	435	3.2
CN4004100000000	40	041	Delaware County, OK	2004	NA	17065	16192	873	5.1
CN4004300000000	40	043	Dewey County, OK	2004	NA	2414	2338	76	3.1
CN4004500000000	40	045	Ellis County, OK	2004	NA	2165	2105	60	2.8
CN4004700000000	40	047	Garfield County, OK	2004	NA	27842	26825	1017	3.7
CN4004900000000	40	049	Garvin County, OK	2004	NA	13216	12664	552	4.2
CN4005100000000	40	051	Grady County, OK	2004	NA	22975	21937	1038	4.5
CN4005300000000	40	053	Grant County, OK	2004	NA	2515	2426	89	3.5
CN4005500000000	40	055	Greer County, OK	2004	NA	2211	2072	139	6.3
CN4005700000000	40	057	Harmon County, OK	2004	NA	1427	1377	50	3.5
CN4005900000000	40	059	Harper County, OK	2004	NA	1838	1783	55	3
CN4006100000000	40	061	Haskell County, OK	2004	NA	5233	4946	287	5.5
CN4006300000000	40	063	Hughes County, OK	2004	NA	5300	4848	452	8.5
CN4006500000000	40	065	Jackson County, OK	2004	NA	12508	12030	478	3.8
CN4006700000000	40	067	Jefferson County, OK	2004	NA	2417	2275	142	5.9
CN4006900000000	40	069	Johnston County, OK	2004	NA	4611	4344	267	5.8
CN4007100000000	40	071	Kay County, OK	2004	NA	22002	20660	1342	6.1
CN4007300000000	40	073	Kingfisher County, OK	2004	NA	7541	7300	241	3.2
CN4007500000000	40	075	Kiowa County, OK	2004	NA	4298	4100	198	4.6
CN4007700000000	40	077	Latimer County, OK	2004	NA	4155	3915	240	5.8
CN4007900000000	40	079	Le Flore County, OK	2004	NA	21224	20047	1177	5.5
CN4008100000000	40	081	Lincoln County, OK	2004	NA	14822	14091	731	4.9
CN4008300000000	40	083	Logan County, OK	2004	NA	18012	17302	710	3.9
CN4008500000000	40	085	Love County, OK	2004	NA	4745	4460	285	6
CN4008700000000	40	087	McClain County, OK	2004	NA	14316	13692	624	4.4
CN4008900000000	40	089	McCurtain County, OK	2004	NA	14675	13563	1112	7.6
CN4009100000000	40	091	McIntosh County, OK	2004	NA	8473	7903	570	6.7
CN4009300000000	40	093	Major County, OK	2004	NA	3722	3604	118	3.2
CN4009500000000	40	095	Marshall County, OK	2004	NA	6098	5801	297	4.9
CN4009700000000	40	097	Mayes County, OK	2004	NA	16385	15403	982	6
CN4009900000000	40	099	Murray County, OK	2004	NA	6501	6210	291	4.5
CN4010100000000	40	101	Muskogee County, OK	2004	NA	28682	26695	1987	6.9
CN4010300000000	40	103	Noble County, OK	2004	NA	5252	5045	207	3.9
CN4010500000000	40	105	Nowata County, OK	2004	NA	4885	4606	279	5.7
CN4010700000000	40	107	Okfuskee County, OK	2004	NA	4574	4179	395	8.6
CN4010900000000	40	109	Oklahoma County, OK	2004	NA	332239	316240	15999	4.8
CN4011100000000	40	111	Okmulgee County, OK	2004	NA	16810	15616	1194	7.1
CN4011300000000	40	113	Osage County, OK	2004	NA	20530	19442	1088	5.3
CN4011500000000	40	115	Ottawa County, OK	2004	NA	15505	14601	904	5.8
CN4011700000000	40	117	Pawnee County, OK	2004	NA	7762	7311	451	5.8
CN4011900000000	40	119	Payne County, OK	2004	NA	34477	33145	1332	3.9
CN4012100000000	40	121	Pittsburg County, OK	2004	NA	19702	18613	1089	5.5
CN4012300000000	40	123	Pontotoc County, OK	2004	NA	17725	16692	1033	5.8
CN4012500000000	40	125	Pottawatomie County, OK	2004	NA	30410	28739	1671	5.5
CN4012700000000	40	127	Pushmataha County, OK	2004	NA	5014	4694	320	6.4
CN4012900000000	40	129	Roger Mills County, OK	2004	NA	1877	1826	51	2.7
CN4013100000000	40	131	Rogers County, OK	2004	NA	38844	37089	1755	4.5
CN4013300000000	40	133	Seminole County, OK	2004	NA	10218	9213	1005	9.8
CN4013500000000	40	135	Sequoyah County, OK	2004	NA	18000	16905	1095	6.1
CN4013700000000	40	137	Stephens County, OK	2004	NA	19423	18534	889	4.6
CN4013900000000	40	139	Texas County, OK	2004	NA	10050	9712	338	3.4
CN4014100000000	40	141	Tillman County, OK	2004	NA	3617	3449	168	4.6
CN4014300000000	40	143	Tulsa County, OK	2004	NA	291106	277094	14012	4.8
CN4014500000000	40	145	Wagoner County, OK	2004	NA	31214	29747	1467	4.7
CN4014700000000	40	147	Washington County, OK	2004	NA	24115	22914	1201	5
CN4014900000000	40	149	Washita County, OK	2004	NA	5817	5623	194	3.3
CN4015100000000	40	151	Woods County, OK	2004	NA	4613	4288	325	7
CN4015300000000	40	153	Woodward County, OK	2004	NA	9708	9353	355	3.7
CN4100100000000	41	001	Baker County, OR	2004	NA	7225	6584	641	8.9
CN4100300000000	41	003	Benton County, OR	2004	NA	42112	39822	2290	5.4
CN4100500000000	41	005	Clackamas County, OR	2004	NA	189007	176395	12612	6.7
CN4100700000000	41	007	Clatsop County, OR	2004	NA	18724	17446	1278	6.8
CN4100900000000	41	009	Columbia County, OR	2004	NA	23061	20969	2092	9.1
CN4101100000000	41	011	Coos County, OR	2004	NA	28401	25848	2553	9
CN4101300000000	41	013	Crook County, OR	2004	NA	9022	8271	751	8.3
CN4101500000000	41	015	Curry County, OR	2004	NA	9510	8796	714	7.5
CN4101700000000	41	017	Deschutes County, OR	2004	NA	71159	66314	4845	6.8
CN4101900000000	41	019	Douglas County, OR	2004	NA	47400	42999	4401	9.3
CN4102100000000	41	021	Gilliam County, OR	2004	NA	1046	982	64	6.1
CN4102300000000	41	023	Grant County, OR	2004	NA	3802	3428	374	9.8
CN4102500000000	41	025	Harney County, OR	2004	NA	3416	3092	324	9.5
CN4102700000000	41	027	Hood River County, OR	2004	NA	12275	11368	907	7.4
CN4102900000000	41	029	Jackson County, OR	2004	NA	97815	90826	6989	7.1
CN4103100000000	41	031	Jefferson County, OR	2004	NA	8935	8371	564	6.3
CN4103300000000	41	033	Josephine County, OR	2004	NA	33929	31116	2813	8.3
CN4103500000000	41	035	Klamath County, OR	2004	NA	29743	26958	2785	9.4
CN4103700000000	41	037	Lake County, OR	2004	NA	3553	3206	347	9.8
CN4103900000000	41	039	Lane County, OR	2004	NA	172192	159675	12517	7.3
CN4104100000000	41	041	Lincoln County, OR	2004	NA	22060	20273	1787	8.1
CN4104300000000	41	043	Linn County, OR	2004	NA	51702	46983	4719	9.1
CN4104500000000	41	045	Malheur County, OR	2004	NA	12996	11716	1280	9.8
CN4104700000000	41	047	Marion County, OR	2004	NA	148129	136940	11189	7.6
CN4104900000000	41	049	Morrow County, OR	2004	NA	5620	5163	457	8.1
CN4105100000000	41	051	Multnomah County, OR	2004	NA	363822	336779	27043	7.4
CN4105300000000	41	053	Polk County, OR	2004	NA	34774	32475	2299	6.6
CN4105500000000	41	055	Sherman County, OR	2004	NA	887	806	81	9.1
CN4105700000000	41	057	Tillamook County, OR	2004	NA	12186	11325	861	7.1
CN4105900000000	41	059	Umatilla County, OR	2004	NA	36892	33930	2962	8
CN4106100000000	41	061	Union County, OR	2004	NA	12068	11190	878	7.3
CN4106300000000	41	063	Wallowa County, OR	2004	NA	3549	3231	318	9
CN4106500000000	41	065	Wasco County, OR	2004	NA	12823	11718	1105	8.6
CN4106700000000	41	067	Washington County, OR	2004	NA	263918	247561	16357	6.2
CN4106900000000	41	069	Wheeler County, OR	2004	NA	669	617	52	7.8
CN4107100000000	41	071	Yamhill County, OR	2004	NA	43693	40534	3159	7.2
CN4200100000000	42	001	Adams County, PA	2004	NA	52737	50635	2102	4
CN4200300000000	42	003	Allegheny County, PA	2004	NA	633975	600414	33561	5.3
CN4200500000000	42	005	Armstrong County, PA	2004	NA	33489	31140	2349	7
CN4200700000000	42	007	Beaver County, PA	2004	NA	89561	84410	5151	5.8
CN4200900000000	42	009	Bedford County, PA	2004	NA	24022	22174	1848	7.7
CN4201100000000	42	011	Berks County, PA	2004	NA	195697	185424	10273	5.2
CN4201300000000	42	013	Blair County, PA	2004	NA	65004	61510	3494	5.4
CN4201500000000	42	015	Bradford County, PA	2004	NA	32214	30554	1660	5.2
CN4201700000000	42	017	Bucks County, PA	2004	NA	338208	322681	15527	4.6
CN4201900000000	42	019	Butler County, PA	2004	NA	94507	89264	5243	5.5
CN4202100000000	42	021	Cambria County, PA	2004	NA	67007	62404	4603	6.9
CN4202300000000	42	023	Cameron County, PA	2004	NA	2647	2460	187	7.1
CN4202500000000	42	025	Carbon County, PA	2004	NA	29841	27929	1912	6.4
CN4202700000000	42	027	Centre County, PA	2004	NA	71848	68626	3222	4.5
CN4202900000000	42	029	Chester County, PA	2004	NA	250462	241076	9386	3.7
CN4203100000000	42	031	Clarion County, PA	2004	NA	20360	19207	1153	5.7
CN4203300000000	42	033	Clearfield County, PA	2004	NA	41228	38394	2834	6.9
CN4203500000000	42	035	Clinton County, PA	2004	NA	18865	17622	1243	6.6
CN4203700000000	42	037	Columbia County, PA	2004	NA	33575	31363	2212	6.6
CN4203900000000	42	039	Crawford County, PA	2004	NA	42250	39511	2739	6.5
CN4204100000000	42	041	Cumberland County, PA	2004	NA	118432	113832	4600	3.9
CN4204300000000	42	043	Dauphin County, PA	2004	NA	133586	127215	6371	4.8
CN4204500000000	42	045	Delaware County, PA	2004	NA	277985	263972	14013	5
CN4204700000000	42	047	Elk County, PA	2004	NA	17536	16571	965	5.5
CN4204900000000	42	049	Erie County, PA	2004	NA	139492	130956	8536	6.1
CN4205100000000	42	051	Fayette County, PA	2004	NA	65754	60759	4995	7.6
CN4205300000000	42	053	Forest County, PA	2004	NA	2259	2031	228	10.1
CN4205500000000	42	055	Franklin County, PA	2004	NA	74077	71332	2745	3.7
CN4205700000000	42	057	Fulton County, PA	2004	NA	7568	7199	369	4.9
CN4205900000000	42	059	Greene County, PA	2004	NA	17143	16021	1122	6.5
CN4206100000000	42	061	Huntingdon County, PA	2004	NA	21692	20196	1496	6.9
CN4206300000000	42	063	Indiana County, PA	2004	NA	44413	41665	2748	6.2
CN4206500000000	42	065	Jefferson County, PA	2004	NA	22125	20779	1346	6.1
CN4206700000000	42	067	Juniata County, PA	2004	NA	12953	12363	590	4.6
CN4206900000000	42	069	Lackawanna County, PA	2004	NA	104691	98463	6228	5.9
CN4207100000000	42	071	Lancaster County, PA	2004	NA	264391	254205	10186	3.9
CN4207300000000	42	073	Lawrence County, PA	2004	NA	44115	41362	2753	6.2
CN4207500000000	42	075	Lebanon County, PA	2004	NA	68885	66124	2761	4
CN4207700000000	42	077	Lehigh County, PA	2004	NA	168571	159594	8977	5.3
CN4207900000000	42	079	Luzerne County, PA	2004	NA	156593	146190	10403	6.6
CN4208100000000	42	081	Lycoming County, PA	2004	NA	59965	56339	3626	6
CN4208300000000	42	083	McKean County, PA	2004	NA	21759	20465	1294	5.9
CN4208500000000	42	085	Mercer County, PA	2004	NA	55191	51686	3505	6.4
CN4208700000000	42	087	Mifflin County, PA	2004	NA	22773	21273	1500	6.6
CN4208900000000	42	089	Monroe County, PA	2004	NA	76400	71993	4407	5.8
CN4209100000000	42	091	Montgomery County, PA	2004	NA	419558	401982	17576	4.2
CN4209300000000	42	093	Montour County, PA	2004	NA	8822	8366	456	5.2
CN4209500000000	42	095	Northampton County, PA	2004	NA	145728	137904	7824	5.4
CN4209700000000	42	097	Northumberland County, PA	2004	NA	46313	43344	2969	6.4
CN4209900000000	42	099	Perry County, PA	2004	NA	24069	22895	1174	4.9
CN4210100000000	42	101	Philadelphia County/city, PA	2004	NA	619946	574770	45176	7.3
CN4210300000000	42	103	Pike County, PA	2004	NA	24929	23449	1480	5.9
CN4210500000000	42	105	Potter County, PA	2004	NA	8553	7986	567	6.6
CN4210700000000	42	107	Schuylkill County, PA	2004	NA	69970	65212	4758	6.8
CN4210900000000	42	109	Snyder County, PA	2004	NA	19842	18929	913	4.6
CN4211100000000	42	111	Somerset County, PA	2004	NA	39145	36654	2491	6.4
CN4211300000000	42	113	Sullivan County, PA	2004	NA	3113	2925	188	6
CN4211500000000	42	115	Susquehanna County, PA	2004	NA	21532	20325	1207	5.6
CN4211700000000	42	117	Tioga County, PA	2004	NA	21177	19951	1226	5.8
CN4211900000000	42	119	Union County, PA	2004	NA	17780	16815	965	5.4
CN4212100000000	42	121	Venango County, PA	2004	NA	26410	24808	1602	6.1
CN4212300000000	42	123	Warren County, PA	2004	NA	21286	20087	1199	5.6
CN4212500000000	42	125	Washington County, PA	2004	NA	101646	95821	5825	5.7
CN4212700000000	42	127	Wayne County, PA	2004	NA	24027	22787	1240	5.2
CN4212900000000	42	129	Westmoreland County, PA	2004	NA	184930	173955	10975	5.9
CN4213100000000	42	131	Wyoming County, PA	2004	NA	14199	13331	868	6.1
CN4213300000000	42	133	York County, PA	2004	NA	214965	205322	9643	4.5
CN4400100000000	44	001	Bristol County, RI	2004	NA	27903	26671	1232	4.4
CN4400300000000	44	003	Kent County, RI	2004	NA	95039	90377	4662	4.9
CN4400500000000	44	005	Newport County, RI	2004	NA	44468	42421	2047	4.6
CN4400700000000	44	007	Providence County, RI	2004	NA	319368	301529	17839	5.6
CN4400900000000	44	009	Washington County, RI	2004	NA	71912	68896	3016	4.2
CN4500100000000	45	001	Abbeville County, SC	2004	NA	11934	10955	979	8.2
CN4500300000000	45	003	Aiken County, SC	2004	NA	73551	69374	4177	5.7
CN4500500000000	45	005	Allendale County, SC	2004	NA	3280	2962	318	9.7
CN4500700000000	45	007	Anderson County, SC	2004	NA	83362	77394	5968	7.2
CN4500900000000	45	009	Bamberg County, SC	2004	NA	6424	5955	469	7.3
CN4501100000000	45	011	Barnwell County, SC	2004	NA	9434	8539	895	9.5
CN4501300000000	45	013	Beaufort County, SC	2004	NA	59027	56096	2931	5
CN4501500000000	45	015	Berkeley County, SC	2004	NA	69977	66095	3882	5.5
CN4501700000000	45	017	Calhoun County, SC	2004	NA	7058	6589	469	6.6
CN4501900000000	45	019	Charleston County, SC	2004	NA	164605	155700	8905	5.4
CN4502100000000	45	021	Cherokee County, SC	2004	NA	25095	22870	2225	8.9
CN4502300000000	45	023	Chester County, SC	2004	NA	15635	14093	1542	9.9
CN4502500000000	45	025	Chesterfield County, SC	2004	NA	18250	16423	1827	10
CN4502700000000	45	027	Clarendon County, SC	2004	NA	12639	11509	1130	8.9
CN4502900000000	45	029	Colleton County, SC	2004	NA	16305	15120	1185	7.3
CN4503100000000	45	031	Darlington County, SC	2004	NA	30727	28190	2537	8.3
CN4503300000000	45	033	Dillon County, SC	2004	NA	12924	11664	1260	9.7
CN4503500000000	45	035	Dorchester County, SC	2004	NA	53399	50685	2714	5.1
CN4503700000000	45	037	Edgefield County, SC	2004	NA	10924	10285	639	5.8
CN4503900000000	45	039	Fairfield County, SC	2004	NA	11300	10398	902	8
CN4504100000000	45	041	Florence County, SC	2004	NA	61160	56018	5142	8.4
CN4504300000000	45	043	Georgetown County, SC	2004	NA	27911	25248	2663	9.5
CN4504500000000	45	045	Greenville County, SC	2004	NA	206423	194272	12151	5.9
CN4504700000000	45	047	Greenwood County, SC	2004	NA	32323	29495	2828	8.7
CN4504900000000	45	049	Hampton County, SC	2004	NA	7722	6998	724	9.4
CN4505100000000	45	051	Horry County, SC	2004	NA	116350	109446	6904	5.9
CN4505300000000	45	053	Jasper County, SC	2004	NA	9942	9397	545	5.5
CN4505500000000	45	055	Kershaw County, SC	2004	NA	28116	26372	1744	6.2
CN4505700000000	45	057	Lancaster County, SC	2004	NA	29691	27058	2633	8.9
CN4505900000000	45	059	Laurens County, SC	2004	NA	33106	30748	2358	7.1
CN4506100000000	45	061	Lee County, SC	2004	NA	8231	7513	718	8.7
CN4506300000000	45	063	Lexington County, SC	2004	NA	124332	118235	6097	4.9
CN4506500000000	45	065	McCormick County, SC	2004	NA	3472	3087	385	11.1
CN4506700000000	45	067	Marion County, SC	2004	NA	14192	12272	1920	13.5
CN4506900000000	45	069	Marlboro County, SC	2004	NA	12454	10838	1616	13
CN4507100000000	45	071	Newberry County, SC	2004	NA	17463	16179	1284	7.4
CN4507300000000	45	073	Oconee County, SC	2004	NA	31718	29357	2361	7.4
CN4507500000000	45	075	Orangeburg County, SC	2004	NA	39734	35985	3749	9.4
CN4507700000000	45	077	Pickens County, SC	2004	NA	56736	52894	3842	6.8
CN4507900000000	45	079	Richland County, SC	2004	NA	167717	157612	10105	6
CN4508100000000	45	081	Saluda County, SC	2004	NA	9243	8556	687	7.4
CN4508300000000	45	083	Spartanburg County, SC	2004	NA	131447	121489	9958	7.6
CN4508500000000	45	085	Sumter County, SC	2004	NA	45697	42123	3574	7.8
CN4508700000000	45	087	Union County, SC	2004	NA	13016	11439	1577	12.1
CN4508900000000	45	089	Williamsburg County, SC	2004	NA	15145	13323	1822	12
CN4509100000000	45	091	York County, SC	2004	NA	94122	87290	6832	7.3
CN4600300000000	46	003	Aurora County, SD	2004	NA	1442	1387	55	3.8
CN4600500000000	46	005	Beadle County, SD	2004	NA	8914	8565	349	3.9
CN4600700000000	46	007	Bennett County, SD	2004	NA	1432	1374	58	4.1
CN4600900000000	46	009	Bon Homme County, SD	2004	NA	3358	3238	120	3.6
CN4601100000000	46	011	Brookings County, SD	2004	NA	18074	17536	538	3
CN4601300000000	46	013	Brown County, SD	2004	NA	20703	20045	658	3.2
CN4601500000000	46	015	Brule County, SD	2004	NA	2888	2806	82	2.8
CN4601700000000	46	017	Buffalo County, SD	2004	NA	569	506	63	11.1
CN4601900000000	46	019	Butte County, SD	2004	NA	5151	4964	187	3.6
CN4602100000000	46	021	Campbell County, SD	2004	NA	927	891	36	3.9
CN4602300000000	46	023	Charles Mix County, SD	2004	NA	4264	4088	176	4.1
CN4602500000000	46	025	Clark County, SD	2004	NA	1919	1834	85	4.4
CN4602700000000	46	027	Clay County, SD	2004	NA	7335	7093	242	3.3
CN4602900000000	46	029	Codington County, SD	2004	NA	15769	15201	568	3.6
CN4603100000000	46	031	Corson County, SD	2004	NA	1453	1360	93	6.4
CN4603300000000	46	033	Custer County, SD	2004	NA	4719	4531	188	4
CN4603500000000	46	035	Davison County, SD	2004	NA	10921	10587	334	3.1
CN4603700000000	46	037	Day County, SD	2004	NA	3060	2865	195	6.4
CN4603900000000	46	039	Deuel County, SD	2004	NA	2646	2527	119	4.5
CN4604100000000	46	041	Dewey County, SD	2004	NA	2736	2498	238	8.7
CN4604300000000	46	043	Douglas County, SD	2004	NA	1824	1768	56	3.1
CN4604500000000	46	045	Edmunds County, SD	2004	NA	2079	2005	74	3.6
CN4604700000000	46	047	Fall River County, SD	2004	NA	3842	3676	166	4.3
CN4604900000000	46	049	Faulk County, SD	2004	NA	1182	1143	39	3.3
CN4605100000000	46	051	Grant County, SD	2004	NA	4196	4007	189	4.5
CN4605300000000	46	053	Gregory County, SD	2004	NA	2523	2435	88	3.5
CN4605500000000	46	055	Haakon County, SD	2004	NA	1242	1209	33	2.7
CN4605700000000	46	057	Hamlin County, SD	2004	NA	2868	2756	112	3.9
CN4605900000000	46	059	Hand County, SD	2004	NA	1941	1880	61	3.1
CN4606100000000	46	061	Hanson County, SD	2004	NA	1962	1899	63	3.2
CN4606300000000	46	063	Harding County, SD	2004	NA	812	786	26	3.2
CN4606500000000	46	065	Hughes County, SD	2004	NA	9864	9577	287	2.9
CN4606700000000	46	067	Hutchinson County, SD	2004	NA	3873	3728	145	3.7
CN4606900000000	46	069	Hyde County, SD	2004	NA	833	803	30	3.6
CN4607100000000	46	071	Jackson County, SD	2004	NA	1277	1201	76	6
CN4607300000000	46	073	Jerauld County, SD	2004	NA	1384	1340	44	3.2
CN4607500000000	46	075	Jones County, SD	2004	NA	771	752	19	2.5
CN4607700000000	46	077	Kingsbury County, SD	2004	NA	3136	3011	125	4
CN4607900000000	46	079	Lake County, SD	2004	NA	6648	6403	245	3.7
CN4608100000000	46	081	Lawrence County, SD	2004	NA	12588	12145	443	3.5
CN4608300000000	46	083	Lincoln County, SD	2004	NA	18364	17845	519	2.8
CN4608500000000	46	085	Lyman County, SD	2004	NA	2041	1942	99	4.9
CN4608700000000	46	087	McCook County, SD	2004	NA	2968	2867	101	3.4
CN4608900000000	46	089	McPherson County, SD	2004	NA	1256	1198	58	4.6
CN4609100000000	46	091	Marshall County, SD	2004	NA	2111	2004	107	5.1
CN4609300000000	46	093	Meade County, SD	2004	NA	12751	12290	461	3.6
CN4609500000000	46	095	Mellette County, SD	2004	NA	925	869	56	6.1
CN4609700000000	46	097	Miner County, SD	2004	NA	1222	1166	56	4.6
CN4609900000000	46	099	Minnehaha County, SD	2004	NA	92929	89663	3266	3.5
CN4610100000000	46	101	Moody County, SD	2004	NA	3851	3650	201	5.2
CN4610200000000	46	102	Oglala Lakota County, SD	2004	NA	3902	3543	359	9.2
CN4610300000000	46	103	Pennington County, SD	2004	NA	52187	50372	1815	3.5
CN4610500000000	46	105	Perkins County, SD	2004	NA	1774	1706	68	3.8
CN4610700000000	46	107	Potter County, SD	2004	NA	1386	1335	51	3.7
CN4610900000000	46	109	Roberts County, SD	2004	NA	4723	4473	250	5.3
CN4611100000000	46	111	Sanborn County, SD	2004	NA	1565	1512	53	3.4
CN4611500000000	46	115	Spink County, SD	2004	NA	3480	3352	128	3.7
CN4611700000000	46	117	Stanley County, SD	2004	NA	1904	1851	53	2.8
CN4611900000000	46	119	Sully County, SD	2004	NA	1022	997	25	2.4
CN4612100000000	46	121	Todd County, SD	2004	NA	3438	3231	207	6
CN4612300000000	46	123	Tripp County, SD	2004	NA	3130	3019	111	3.5
CN4612500000000	46	125	Turner County, SD	2004	NA	4606	4430	176	3.8
CN4612700000000	46	127	Union County, SD	2004	NA	7505	7154	351	4.7
CN4612900000000	46	129	Walworth County, SD	2004	NA	2757	2609	148	5.4
CN4613500000000	46	135	Yankton County, SD	2004	NA	11804	11395	409	3.5
CN4613700000000	46	137	Ziebach County, SD	2004	NA	941	874	67	7.1
CN4700100000000	47	001	Anderson County, TN	2004	NA	34442	32776	1666	4.8
CN4700300000000	47	003	Bedford County, TN	2004	NA	20881	19769	1112	5.3
CN4700500000000	47	005	Benton County, TN	2004	NA	6795	6230	565	8.3
CN4700700000000	47	007	Bledsoe County, TN	2004	NA	4743	4391	352	7.4
CN4700900000000	47	009	Blount County, TN	2004	NA	58069	55627	2442	4.2
CN4701100000000	47	011	Bradley County, TN	2004	NA	45787	43514	2273	5
CN4701300000000	47	013	Campbell County, TN	2004	NA	16757	15766	991	5.9
CN4701500000000	47	015	Cannon County, TN	2004	NA	6309	6018	291	4.6
CN4701700000000	47	017	Carroll County, TN	2004	NA	13671	12565	1106	8.1
CN4701900000000	47	019	Carter County, TN	2004	NA	28722	27041	1681	5.9
CN4702100000000	47	021	Cheatham County, TN	2004	NA	19924	19030	894	4.5
CN4702300000000	47	023	Chester County, TN	2004	NA	7436	7017	419	5.6
CN4702500000000	47	025	Claiborne County, TN	2004	NA	12600	11913	687	5.5
CN4702700000000	47	027	Clay County, TN	2004	NA	3605	3279	326	9
CN4702900000000	47	029	Cocke County, TN	2004	NA	15383	14162	1221	7.9
CN4703100000000	47	031	Coffee County, TN	2004	NA	25167	23977	1190	4.7
CN4703300000000	47	033	Crockett County, TN	2004	NA	6591	6081	510	7.7
CN4703500000000	47	035	Cumberland County, TN	2004	NA	21739	20371	1368	6.3
CN4703700000000	47	037	Davidson County, TN	2004	NA	299979	286553	13426	4.5
CN4703900000000	47	039	Decatur County, TN	2004	NA	5428	5037	391	7.2
CN4704100000000	47	041	DeKalb County, TN	2004	NA	9635	9154	481	5
CN4704300000000	47	043	Dickson County, TN	2004	NA	22445	21293	1152	5.1
CN4704500000000	47	045	Dyer County, TN	2004	NA	17611	16569	1042	5.9
CN4704700000000	47	047	Fayette County, TN	2004	NA	15457	14492	965	6.2
CN4704900000000	47	049	Fentress County, TN	2004	NA	7182	6712	470	6.5
CN4705100000000	47	051	Franklin County, TN	2004	NA	20044	19002	1042	5.2
CN4705300000000	47	053	Gibson County, TN	2004	NA	21354	19638	1716	8
CN4705500000000	47	055	Giles County, TN	2004	NA	13340	12379	961	7.2
CN4705700000000	47	057	Grainger County, TN	2004	NA	9885	9296	589	6
CN4705900000000	47	059	Greene County, TN	2004	NA	32050	29610	2440	7.6
CN4706100000000	47	061	Grundy County, TN	2004	NA	5728	5380	348	6.1
CN4706300000000	47	063	Hamblen County, TN	2004	NA	29088	27509	1579	5.4
CN4706500000000	47	065	Hamilton County, TN	2004	NA	155737	148769	6968	4.5
CN4706700000000	47	067	Hancock County, TN	2004	NA	2415	2181	234	9.7
CN4706900000000	47	069	Hardeman County, TN	2004	NA	11128	10232	896	8.1
CN4707100000000	47	071	Hardin County, TN	2004	NA	11287	10446	841	7.5
CN4707300000000	47	073	Hawkins County, TN	2004	NA	25060	23549	1511	6
CN4707500000000	47	075	Haywood County, TN	2004	NA	9305	8519	786	8.4
CN4707700000000	47	077	Henderson County, TN	2004	NA	13182	12289	893	6.8
CN4707900000000	47	079	Henry County, TN	2004	NA	14192	13064	1128	7.9
CN4708100000000	47	081	Hickman County, TN	2004	NA	10054	9444	610	6.1
CN4708300000000	47	083	Houston County, TN	2004	NA	3745	3458	287	7.7
CN4708500000000	47	085	Humphreys County, TN	2004	NA	8772	8151	621	7.1
CN4708700000000	47	087	Jackson County, TN	2004	NA	5171	4823	348	6.7
CN4708900000000	47	089	Jefferson County, TN	2004	NA	23192	21778	1414	6.1
CN4709100000000	47	091	Johnson County, TN	2004	NA	6868	6337	531	7.7
CN4709300000000	47	093	Knox County, TN	2004	NA	212136	203884	8252	3.9
CN4709500000000	47	095	Lake County, TN	2004	NA	2593	2420	173	6.7
CN4709700000000	47	097	Lauderdale County, TN	2004	NA	9890	8920	970	9.8
CN4709900000000	47	099	Lawrence County, TN	2004	NA	17896	16352	1544	8.6
CN4710100000000	47	101	Lewis County, TN	2004	NA	5192	4833	359	6.9
CN4710300000000	47	103	Lincoln County, TN	2004	NA	15855	15036	819	5.2
CN4710500000000	47	105	Loudon County, TN	2004	NA	21200	20255	945	4.5
CN4710700000000	47	107	McMinn County, TN	2004	NA	23521	21992	1529	6.5
CN4710900000000	47	109	McNairy County, TN	2004	NA	12134	11410	724	6
CN4711100000000	47	111	Macon County, TN	2004	NA	10323	9765	558	5.4
CN4711300000000	47	113	Madison County, TN	2004	NA	45970	43443	2527	5.5
CN4711500000000	47	115	Marion County, TN	2004	NA	12709	11918	791	6.2
CN4711700000000	47	117	Marshall County, TN	2004	NA	12661	11779	882	7
CN4711900000000	47	119	Maury County, TN	2004	NA	35790	33866	1924	5.4
CN4712100000000	47	121	Meigs County, TN	2004	NA	4780	4434	346	7.2
CN4712300000000	47	123	Monroe County, TN	2004	NA	17933	16787	1146	6.4
CN4712500000000	47	125	Montgomery County, TN	2004	NA	63669	60667	3002	4.7
CN4712700000000	47	127	Moore County, TN	2004	NA	3121	2986	135	4.3
CN4712900000000	47	129	Morgan County, TN	2004	NA	8065	7452	613	7.6
CN4713100000000	47	131	Obion County, TN	2004	NA	15637	14646	991	6.3
CN4713300000000	47	133	Overton County, TN	2004	NA	9808	9264	544	5.5
CN4713500000000	47	135	Perry County, TN	2004	NA	3162	2953	209	6.6
CN4713700000000	47	137	Pickett County, TN	2004	NA	1915	1751	164	8.6
CN4713900000000	47	139	Polk County, TN	2004	NA	7226	6821	405	5.6
CN4714100000000	47	141	Putnam County, TN	2004	NA	33714	32195	1519	4.5
CN4714300000000	47	143	Rhea County, TN	2004	NA	13201	12371	830	6.3
CN4714500000000	47	145	Roane County, TN	2004	NA	24979	23556	1423	5.7
CN4714700000000	47	147	Robertson County, TN	2004	NA	30819	29352	1467	4.8
CN4714900000000	47	149	Rutherford County, TN	2004	NA	113004	108394	4610	4.1
CN4715100000000	47	151	Scott County, TN	2004	NA	8333	7729	604	7.2
CN4715300000000	47	153	Sequatchie County, TN	2004	NA	5607	5309	298	5.3
CN4715500000000	47	155	Sevier County, TN	2004	NA	43722	41045	2677	6.1
CN4715700000000	47	157	Shelby County, TN	2004	NA	426615	401090	25525	6
CN4715900000000	47	159	Smith County, TN	2004	NA	8981	8386	595	6.6
CN4716100000000	47	161	Stewart County, TN	2004	NA	5831	5448	383	6.6
CN4716300000000	47	163	Sullivan County, TN	2004	NA	71578	67635	3943	5.5
CN4716500000000	47	165	Sumner County, TN	2004	NA	73439	70212	3227	4.4
CN4716700000000	47	167	Tipton County, TN	2004	NA	25738	24137	1601	6.2
CN4716900000000	47	169	Trousdale County, TN	2004	NA	3553	3351	202	5.7
CN4717100000000	47	171	Unicoi County, TN	2004	NA	8207	7696	511	6.2
CN4717300000000	47	173	Union County, TN	2004	NA	8643	8207	436	5
CN4717500000000	47	175	Van Buren County, TN	2004	NA	2462	2307	155	6.3
CN4717700000000	47	177	Warren County, TN	2004	NA	19129	18137	992	5.2
CN4717900000000	47	179	Washington County, TN	2004	NA	57105	54273	2832	5
CN4718100000000	47	181	Wayne County, TN	2004	NA	6549	5992	557	8.5
CN4718300000000	47	183	Weakley County, TN	2004	NA	15563	14428	1135	7.3
CN4718500000000	47	185	White County, TN	2004	NA	10756	10120	636	5.9
CN4718700000000	47	187	Williamson County, TN	2004	NA	77382	74595	2787	3.6
CN4718900000000	47	189	Wilson County, TN	2004	NA	52691	50322	2369	4.5
CN4800100000000	48	001	Anderson County, TX	2004	NA	20587	19165	1422	6.9
CN4800300000000	48	003	Andrews County, TX	2004	NA	6200	5910	290	4.7
CN4800500000000	48	005	Angelina County, TX	2004	NA	40159	37569	2590	6.4
CN4800700000000	48	007	Aransas County, TX	2004	NA	10995	10094	901	8.2
CN4800900000000	48	009	Archer County, TX	2004	NA	5321	5123	198	3.7
CN4801100000000	48	011	Armstrong County, TX	2004	NA	1120	1076	44	3.9
CN4801300000000	48	013	Atascosa County, TX	2004	NA	18811	17733	1078	5.7
CN4801500000000	48	015	Austin County, TX	2004	NA	12668	12000	668	5.3
CN4801700000000	48	017	Bailey County, TX	2004	NA	3494	3303	191	5.5
CN4801900000000	48	019	Bandera County, TX	2004	NA	9541	9061	480	5
CN4802100000000	48	021	Bastrop County, TX	2004	NA	33101	31195	1906	5.8
CN4802300000000	48	023	Baylor County, TX	2004	NA	2008	1900	108	5.4
CN4802500000000	48	025	Bee County, TX	2004	NA	11424	10551	873	7.6
CN4802700000000	48	027	Bell County, TX	2004	NA	110947	105164	5783	5.2
CN4802900000000	48	029	Bexar County, TX	2004	NA	703887	663941	39946	5.7
CN4803100000000	48	031	Blanco County, TX	2004	NA	4811	4600	211	4.4
CN4803300000000	48	033	Borden County, TX	2004	NA	510	490	20	3.9
CN4803500000000	48	035	Bosque County, TX	2004	NA	8416	7941	475	5.6
CN4803700000000	48	037	Bowie County, TX	2004	NA	42014	39501	2513	6
CN4803900000000	48	039	Brazoria County, TX	2004	NA	131263	122285	8978	6.8
CN4804100000000	48	041	Brazos County, TX	2004	NA	85858	82169	3689	4.3
CN4804300000000	48	043	Brewster County, TX	2004	NA	5410	5178	232	4.3
CN4804500000000	48	045	Briscoe County, TX	2004	NA	751	706	45	6
CN4804700000000	48	047	Brooks County, TX	2004	NA	3248	3007	241	7.4
CN4804900000000	48	049	Brown County, TX	2004	NA	18352	17348	1004	5.5
CN4805100000000	48	051	Burleson County, TX	2004	NA	8575	8125	450	5.2
CN4805300000000	48	053	Burnet County, TX	2004	NA	20612	19607	1005	4.9
CN4805500000000	48	055	Caldwell County, TX	2004	NA	16028	15007	1021	6.4
CN4805700000000	48	057	Calhoun County, TX	2004	NA	9254	8596	658	7.1
CN4805900000000	48	059	Callahan County, TX	2004	NA	6856	6540	316	4.6
CN4806100000000	48	061	Cameron County, TX	2004	NA	141646	129413	12233	8.6
CN4806300000000	48	063	Camp County, TX	2004	NA	5484	5159	325	5.9
CN4806500000000	48	065	Carson County, TX	2004	NA	3499	3355	144	4.1
CN4806700000000	48	067	Cass County, TX	2004	NA	13703	12749	954	7
CN4806900000000	48	069	Castro County, TX	2004	NA	3683	3501	182	4.9
CN4807100000000	48	071	Chambers County, TX	2004	NA	13771	12977	794	5.8
CN4807300000000	48	073	Cherokee County, TX	2004	NA	21066	19912	1154	5.5
CN4807500000000	48	075	Childress County, TX	2004	NA	3207	3024	183	5.7
CN4807700000000	48	077	Clay County, TX	2004	NA	6360	6110	250	3.9
CN4807900000000	48	079	Cochran County, TX	2004	NA	1602	1494	108	6.7
CN4808100000000	48	081	Coke County, TX	2004	NA	1499	1410	89	5.9
CN4808300000000	48	083	Coleman County, TX	2004	NA	4279	4043	236	5.5
CN4808500000000	48	085	Collin County, TX	2004	NA	351740	334267	17473	5
CN4808700000000	48	087	Collingsworth County, TX	2004	NA	1655	1572	83	5
CN4808900000000	48	089	Colorado County, TX	2004	NA	10294	9770	524	5.1
CN4809100000000	48	091	Comal County, TX	2004	NA	46893	44458	2435	5.2
CN4809300000000	48	093	Comanche County, TX	2004	NA	6799	6463	336	4.9
CN4809500000000	48	095	Concho County, TX	2004	NA	1395	1310	85	6.1
CN4809700000000	48	097	Cooke County, TX	2004	NA	19337	18382	955	4.9
CN4809900000000	48	099	Coryell County, TX	2004	NA	24887	23302	1585	6.4
CN4810100000000	48	101	Cottle County, TX	2004	NA	910	860	50	5.5
CN4810300000000	48	103	Crane County, TX	2004	NA	1586	1491	95	6
CN4810500000000	48	105	Crockett County, TX	2004	NA	2090	2011	79	3.8
CN4810700000000	48	107	Crosby County, TX	2004	NA	2914	2741	173	5.9
CN4810900000000	48	109	Culberson County, TX	2004	NA	1545	1464	81	5.2
CN4811100000000	48	111	Dallam County, TX	2004	NA	3272	3148	124	3.8
CN4811300000000	48	113	Dallas County, TX	2004	NA	1147253	1072514	74739	6.5
CN4811500000000	48	115	Dawson County, TX	2004	NA	5497	5110	387	7
CN4811700000000	48	117	Deaf Smith County, TX	2004	NA	8064	7643	421	5.2
CN4811900000000	48	119	Delta County, TX	2004	NA	2474	2302	172	7
CN4812100000000	48	121	Denton County, TX	2004	NA	300921	287278	13643	4.5
CN4812300000000	48	123	DeWitt County, TX	2004	NA	9375	8861	514	5.5
CN4812500000000	48	125	Dickens County, TX	2004	NA	1142	1073	69	6
CN4812700000000	48	127	Dimmit County, TX	2004	NA	3991	3636	355	8.9
CN4812900000000	48	129	Donley County, TX	2004	NA	1932	1826	106	5.5
CN4813100000000	48	131	Duval County, TX	2004	NA	5273	4914	359	6.8
CN4813300000000	48	133	Eastland County, TX	2004	NA	8554	8074	480	5.6
CN4813500000000	48	135	Ector County, TX	2004	NA	61296	57801	3495	5.7
CN4813700000000	48	137	Edwards County, TX	2004	NA	1105	1060	45	4.1
CN4813900000000	48	139	Ellis County, TX	2004	NA	64162	60563	3599	5.6
CN4814100000000	48	141	El Paso County, TX	2004	NA	288551	266962	21589	7.5
CN4814300000000	48	143	Erath County, TX	2004	NA	17529	16753	776	4.4
CN4814500000000	48	145	Falls County, TX	2004	NA	7526	7062	464	6.2
CN4814700000000	48	147	Fannin County, TX	2004	NA	13930	12971	959	6.9
CN4814900000000	48	149	Fayette County, TX	2004	NA	12091	11596	495	4.1
CN4815100000000	48	151	Fisher County, TX	2004	NA	2114	2008	106	5
CN4815300000000	48	153	Floyd County, TX	2004	NA	3487	3262	225	6.5
CN4815500000000	48	155	Foard County, TX	2004	NA	737	692	45	6.1
CN4815700000000	48	157	Fort Bend County, TX	2004	NA	224488	212229	12259	5.5
CN4815900000000	48	159	Franklin County, TX	2004	NA	5163	4929	234	4.5
CN4816100000000	48	161	Freestone County, TX	2004	NA	9792	9327	465	4.7
CN4816300000000	48	163	Frio County, TX	2004	NA	6489	6038	451	7
CN4816500000000	48	165	Gaines County, TX	2004	NA	6619	6289	330	5
CN4816700000000	48	167	Galveston County, TX	2004	NA	136302	127098	9204	6.8
CN4816900000000	48	169	Garza County, TX	2004	NA	2326	2202	124	5.3
CN4817100000000	48	171	Gillespie County, TX	2004	NA	12189	11735	454	3.7
CN4817300000000	48	173	Glasscock County, TX	2004	NA	679	653	26	3.8
CN4817500000000	48	175	Goliad County, TX	2004	NA	3344	3158	186	5.6
CN4817700000000	48	177	Gonzales County, TX	2004	NA	9795	9346	449	4.6
CN4817900000000	48	179	Gray County, TX	2004	NA	10405	9876	529	5.1
CN4818100000000	48	181	Grayson County, TX	2004	NA	56897	53431	3466	6.1
CN4818300000000	48	183	Gregg County, TX	2004	NA	59950	56477	3473	5.8
CN4818500000000	48	185	Grimes County, TX	2004	NA	10295	9581	714	6.9
CN4818700000000	48	187	Guadalupe County, TX	2004	NA	49907	47495	2412	4.8
CN4818900000000	48	189	Hale County, TX	2004	NA	17302	16283	1019	5.9
CN4819100000000	48	191	Hall County, TX	2004	NA	1659	1551	108	6.5
CN4819300000000	48	193	Hamilton County, TX	2004	NA	4277	4083	194	4.5
CN4819500000000	48	195	Hansford County, TX	2004	NA	2692	2592	100	3.7
CN4819700000000	48	197	Hardeman County, TX	2004	NA	2272	2157	115	5.1
CN4819900000000	48	199	Hardin County, TX	2004	NA	24363	22577	1786	7.3
CN4820100000000	48	201	Harris County, TX	2004	NA	1805276	1693835	111441	6.2
CN4820300000000	48	203	Harrison County, TX	2004	NA	31257	29489	1768	5.7
CN4820500000000	48	205	Hartley County, TX	2004	NA	2421	2330	91	3.8
CN4820700000000	48	207	Haskell County, TX	2004	NA	3203	3064	139	4.3
CN4820900000000	48	209	Hays County, TX	2004	NA	64411	61133	3278	5.1
CN4821100000000	48	211	Hemphill County, TX	2004	NA	2328	2254	74	3.2
CN4821300000000	48	213	Henderson County, TX	2004	NA	34969	32840	2129	6.1
CN4821500000000	48	215	Hidalgo County, TX	2004	NA	254273	231420	22853	9
CN4821700000000	48	217	Hill County, TX	2004	NA	15370	14374	996	6.5
CN4821900000000	48	219	Hockley County, TX	2004	NA	11287	10745	542	4.8
CN4822100000000	48	221	Hood County, TX	2004	NA	22538	21208	1330	5.9
CN4822300000000	48	223	Hopkins County, TX	2004	NA	17067	16176	891	5.2
CN4822500000000	48	225	Houston County, TX	2004	NA	9388	8752	636	6.8
CN4822700000000	48	227	Howard County, TX	2004	NA	13730	12949	781	5.7
CN4822900000000	48	229	Hudspeth County, TX	2004	NA	1353	1265	88	6.5
CN4823100000000	48	231	Hunt County, TX	2004	NA	38360	36080	2280	5.9
CN4823300000000	48	233	Hutchinson County, TX	2004	NA	10528	9871	657	6.2
CN4823500000000	48	235	Irion County, TX	2004	NA	950	908	42	4.4
CN4823700000000	48	237	Jack County, TX	2004	NA	3913	3720	193	4.9
CN4823900000000	48	239	Jackson County, TX	2004	NA	6709	6323	386	5.8
CN4824100000000	48	241	Jasper County, TX	2004	NA	15781	14389	1392	8.8
CN4824300000000	48	243	Jeff Davis County, TX	2004	NA	1311	1262	49	3.7
CN4824500000000	48	245	Jefferson County, TX	2004	NA	111850	102830	9020	8.1
CN4824700000000	48	247	Jim Hogg County, TX	2004	NA	2562	2437	125	4.9
CN4824900000000	48	249	Jim Wells County, TX	2004	NA	19684	18434	1250	6.4
CN4825100000000	48	251	Johnson County, TX	2004	NA	71219	67068	4151	5.8
CN4825300000000	48	253	Jones County, TX	2004	NA	7933	7469	464	5.8
CN4825500000000	48	255	Karnes County, TX	2004	NA	5613	5233	380	6.8
CN4825700000000	48	257	Kaufman County, TX	2004	NA	41772	39014	2758	6.6
CN4825900000000	48	259	Kendall County, TX	2004	NA	13685	13056	629	4.6
CN4826100000000	48	261	Kenedy County, TX	2004	NA	239	229	10	4.2
CN4826300000000	48	263	Kent County, TX	2004	NA	486	464	22	4.5
CN4826500000000	48	265	Kerr County, TX	2004	NA	21588	20580	1008	4.7
CN4826700000000	48	267	Kimble County, TX	2004	NA	2239	2143	96	4.3
CN4826900000000	48	269	King County, TX	2004	NA	214	207	7	3.3
CN4827100000000	48	271	Kinney County, TX	2004	NA	1470	1376	94	6.4
CN4827300000000	48	273	Kleberg County, TX	2004	NA	15975	15090	885	5.5
CN4827500000000	48	275	Knox County, TX	2004	NA	1945	1843	102	5.2
CN4827700000000	48	277	Lamar County, TX	2004	NA	23439	21947	1492	6.4
CN4827900000000	48	279	Lamb County, TX	2004	NA	7471	7049	422	5.6
CN4828100000000	48	281	Lampasas County, TX	2004	NA	10342	9878	464	4.5
CN4828300000000	48	283	La Salle County, TX	2004	NA	2342	2188	154	6.6
CN4828500000000	48	285	Lavaca County, TX	2004	NA	10214	9850	364	3.6
CN4828700000000	48	287	Lee County, TX	2004	NA	8740	8340	400	4.6
CN4828900000000	48	289	Leon County, TX	2004	NA	7705	7227	478	6.2
CN4829100000000	48	291	Liberty County, TX	2004	NA	31833	29056	2777	8.7
CN4829300000000	48	293	Limestone County, TX	2004	NA	10497	9943	554	5.3
CN4829500000000	48	295	Lipscomb County, TX	2004	NA	1729	1668	61	3.5
CN4829700000000	48	297	Live Oak County, TX	2004	NA	5087	4830	257	5.1
CN4829900000000	48	299	Llano County, TX	2004	NA	7936	7481	455	5.7
CN4830100000000	48	301	Loving County, TX	2004	NA	58	54	4	6.9
CN4830300000000	48	303	Lubbock County, TX	2004	NA	136707	130613	6094	4.5
CN4830500000000	48	305	Lynn County, TX	2004	NA	2990	2819	171	5.7
CN4830700000000	48	307	McCulloch County, TX	2004	NA	3863	3625	238	6.2
CN4830900000000	48	309	McLennan County, TX	2004	NA	109975	104145	5830	5.3
CN4831100000000	48	311	McMullen County, TX	2004	NA	433	412	21	4.8
CN4831300000000	48	313	Madison County, TX	2004	NA	5035	4730	305	6.1
CN4831500000000	48	315	Marion County, TX	2004	NA	4883	4580	303	6.2
CN4831700000000	48	317	Martin County, TX	2004	NA	2232	2123	109	4.9
CN4831900000000	48	319	Mason County, TX	2004	NA	2280	2200	80	3.5
CN4832100000000	48	321	Matagorda County, TX	2004	NA	17000	15416	1584	9.3
CN4832300000000	48	323	Maverick County, TX	2004	NA	18651	15908	2743	14.7
CN4832500000000	48	325	Medina County, TX	2004	NA	19154	18100	1054	5.5
CN4832700000000	48	327	Menard County, TX	2004	NA	1145	1081	64	5.6
CN4832900000000	48	329	Midland County, TX	2004	NA	63962	61201	2761	4.3
CN4833100000000	48	331	Milam County, TX	2004	NA	11840	11152	688	5.8
CN4833300000000	48	333	Mills County, TX	2004	NA	2693	2582	111	4.1
CN4833500000000	48	335	Mitchell County, TX	2004	NA	3444	3203	241	7
CN4833700000000	48	337	Montague County, TX	2004	NA	9627	9130	497	5.2
CN4833900000000	48	339	Montgomery County, TX	2004	NA	181827	172362	9465	5.2
CN4834100000000	48	341	Moore County, TX	2004	NA	10350	9913	437	4.2
CN4834300000000	48	343	Morris County, TX	2004	NA	5991	5545	446	7.4
CN4834500000000	48	345	Motley County, TX	2004	NA	702	670	32	4.6
CN4834700000000	48	347	Nacogdoches County, TX	2004	NA	31596	29906	1690	5.3
CN4834900000000	48	349	Navarro County, TX	2004	NA	21410	20012	1398	6.5
CN4835100000000	48	351	Newton County, TX	2004	NA	5895	5271	624	10.6
CN4835300000000	48	353	Nolan County, TX	2004	NA	7586	7182	404	5.3
CN4835500000000	48	355	Nueces County, TX	2004	NA	156366	146986	9380	6
CN4835700000000	48	357	Ochiltree County, TX	2004	NA	4925	4756	169	3.4
CN4835900000000	48	359	Oldham County, TX	2004	NA	1157	1112	45	3.9
CN4836100000000	48	361	Orange County, TX	2004	NA	40826	37285	3541	8.7
CN4836300000000	48	363	Palo Pinto County, TX	2004	NA	13626	12903	723	5.3
CN4836500000000	48	365	Panola County, TX	2004	NA	11317	10681	636	5.6
CN4836700000000	48	367	Parker County, TX	2004	NA	49545	47007	2538	5.1
CN4836900000000	48	369	Parmer County, TX	2004	NA	4849	4631	218	4.5
CN4837100000000	48	371	Pecos County, TX	2004	NA	7114	6695	419	5.9
CN4837300000000	48	373	Polk County, TX	2004	NA	17309	16078	1231	7.1
CN4837500000000	48	375	Potter County, TX	2004	NA	57194	54067	3127	5.5
CN4837700000000	48	377	Presidio County, TX	2004	NA	3512	3016	496	14.1
CN4837900000000	48	379	Rains County, TX	2004	NA	4884	4581	303	6.2
CN4838100000000	48	381	Randall County, TX	2004	NA	65375	63302	2073	3.2
CN4838300000000	48	383	Reagan County, TX	2004	NA	1924	1862	62	3.2
CN4838500000000	48	385	Real County, TX	2004	NA	1387	1315	72	5.2
CN4838700000000	48	387	Red River County, TX	2004	NA	6446	6020	426	6.6
CN4838900000000	48	389	Reeves County, TX	2004	NA	4385	4012	373	8.5
CN4839100000000	48	391	Refugio County, TX	2004	NA	3930	3722	208	5.3
CN4839300000000	48	393	Roberts County, TX	2004	NA	536	515	21	3.9
CN4839500000000	48	395	Robertson County, TX	2004	NA	7453	7055	398	5.3
CN4839700000000	48	397	Rockwall County, TX	2004	NA	30244	28672	1572	5.2
CN4839900000000	48	399	Runnels County, TX	2004	NA	4843	4603	240	5
CN4840100000000	48	401	Rusk County, TX	2004	NA	22492	21222	1270	5.6
CN4840300000000	48	403	Sabine County, TX	2004	NA	3762	3341	421	11.2
CN4840500000000	48	405	San Augustine County, TX	2004	NA	3806	3540	266	7
CN4840700000000	48	407	San Jacinto County, TX	2004	NA	10075	9429	646	6.4
CN4840900000000	48	409	San Patricio County, TX	2004	NA	29412	27180	2232	7.6
CN4841100000000	48	411	San Saba County, TX	2004	NA	2761	2617	144	5.2
CN4841300000000	48	413	Schleicher County, TX	2004	NA	1442	1387	55	3.8
CN4841500000000	48	415	Scurry County, TX	2004	NA	7212	6825	387	5.4
CN4841700000000	48	417	Shackelford County, TX	2004	NA	2058	1994	64	3.1
CN4841900000000	48	419	Shelby County, TX	2004	NA	12175	11431	744	6.1
CN4842100000000	48	421	Sherman County, TX	2004	NA	1580	1524	56	3.5
CN4842300000000	48	423	Smith County, TX	2004	NA	94369	89387	4982	5.3
CN4842500000000	48	425	Somervell County, TX	2004	NA	3723	3520	203	5.5
CN4842700000000	48	427	Starr County, TX	2004	NA	21337	18286	3051	14.3
CN4842900000000	48	429	Stephens County, TX	2004	NA	4233	4021	212	5
CN4843100000000	48	431	Sterling County, TX	2004	NA	882	853	29	3.3
CN4843300000000	48	433	Stonewall County, TX	2004	NA	852	815	37	4.3
CN4843500000000	48	435	Sutton County, TX	2004	NA	2588	2513	75	2.9
CN4843700000000	48	437	Swisher County, TX	2004	NA	3882	3672	210	5.4
CN4843900000000	48	439	Tarrant County, TX	2004	NA	829589	783919	45670	5.5
CN4844100000000	48	441	Taylor County, TX	2004	NA	64786	61854	2932	4.5
CN4844300000000	48	443	Terrell County, TX	2004	NA	417	392	25	6
CN4844500000000	48	445	Terry County, TX	2004	NA	5705	5349	356	6.2
CN4844700000000	48	447	Throckmorton County, TX	2004	NA	978	940	38	3.9
CN4844900000000	48	449	Titus County, TX	2004	NA	14784	14050	734	5
CN4845100000000	48	451	Tom Green County, TX	2004	NA	52101	49659	2442	4.7
CN4845300000000	48	453	Travis County, TX	2004	NA	492613	467543	25070	5.1
CN4845500000000	48	455	Trinity County, TX	2004	NA	5977	5564	413	6.9
CN4845700000000	48	457	Tyler County, TX	2004	NA	8524	7842	682	8
CN4845900000000	48	459	Upshur County, TX	2004	NA	18383	17343	1040	5.7
CN4846100000000	48	461	Upton County, TX	2004	NA	1562	1489	73	4.7
CN4846300000000	48	463	Uvalde County, TX	2004	NA	12089	11245	844	7
CN4846500000000	48	465	Val Verde County, TX	2004	NA	19658	18271	1387	7.1
CN4846700000000	48	467	Van Zandt County, TX	2004	NA	24971	23622	1349	5.4
CN4846900000000	48	469	Victoria County, TX	2004	NA	43302	41052	2250	5.2
CN4847100000000	48	471	Walker County, TX	2004	NA	26132	24580	1552	5.9
CN4847300000000	48	473	Waller County, TX	2004	NA	15891	14907	984	6.2
CN4847500000000	48	475	Ward County, TX	2004	NA	4385	4103	282	6.4
CN4847700000000	48	477	Washington County, TX	2004	NA	15888	15093	795	5
CN4847900000000	48	479	Webb County, TX	2004	NA	83109	77585	5524	6.6
CN4848100000000	48	481	Wharton County, TX	2004	NA	21401	20198	1203	5.6
CN4848300000000	48	483	Wheeler County, TX	2004	NA	2795	2689	106	3.8
CN4848500000000	48	485	Wichita County, TX	2004	NA	62691	59474	3217	5.1
CN4848700000000	48	487	Wilbarger County, TX	2004	NA	7407	7088	319	4.3
CN4848900000000	48	489	Willacy County, TX	2004	NA	7385	6557	828	11.2
CN4849100000000	48	491	Williamson County, TX	2004	NA	170837	162914	7923	4.6
CN4849300000000	48	493	Wilson County, TX	2004	NA	17301	16433	868	5
CN4849500000000	48	495	Winkler County, TX	2004	NA	3072	2886	186	6.1
CN4849700000000	48	497	Wise County, TX	2004	NA	27104	25711	1393	5.1
CN4849900000000	48	499	Wood County, TX	2004	NA	17433	16376	1057	6.1
CN4850100000000	48	501	Yoakum County, TX	2004	NA	3311	3144	167	5
CN4850300000000	48	503	Young County, TX	2004	NA	9011	8550	461	5.1
CN4850500000000	48	505	Zapata County, TX	2004	NA	4886	4533	353	7.2
CN4850700000000	48	507	Zavala County, TX	2004	NA	4014	3516	498	12.4
CN4900100000000	49	001	Beaver County, UT	2004	NA	3043	2907	136	4.5
CN4900300000000	49	003	Box Elder County, UT	2004	NA	22033	20924	1109	5
CN4900500000000	49	005	Cache County, UT	2004	NA	56173	54129	2044	3.6
CN4900700000000	49	007	Carbon County, UT	2004	NA	9305	8692	613	6.6
CN4900900000000	49	009	Daggett County, UT	2004	NA	499	472	27	5.4
CN4901100000000	49	011	Davis County, UT	2004	NA	132408	126235	6173	4.7
CN4901300000000	49	013	Duchesne County, UT	2004	NA	7278	6870	408	5.6
CN4901500000000	49	015	Emery County, UT	2004	NA	5119	4770	349	6.8
CN4901700000000	49	017	Garfield County, UT	2004	NA	2656	2448	208	7.8
CN4901900000000	49	019	Grand County, UT	2004	NA	4826	4472	354	7.3
CN4902100000000	49	021	Iron County, UT	2004	NA	18764	17902	862	4.6
CN4902300000000	49	023	Juab County, UT	2004	NA	3826	3583	243	6.4
CN4902500000000	49	025	Kane County, UT	2004	NA	3246	3065	181	5.6
CN4902700000000	49	027	Millard County, UT	2004	NA	6142	5847	295	4.8
CN4902900000000	49	029	Morgan County, UT	2004	NA	3683	3506	177	4.8
CN4903100000000	49	031	Piute County, UT	2004	NA	868	830	38	4.4
CN4903300000000	49	033	Rich County, UT	2004	NA	1338	1293	45	3.4
CN4903500000000	49	035	Salt Lake County, UT	2004	NA	500677	475564	25113	5
CN4903700000000	49	037	San Juan County, UT	2004	NA	4853	4408	445	9.2
CN4903900000000	49	039	Sanpete County, UT	2004	NA	10470	9818	652	6.2
CN4904100000000	49	041	Sevier County, UT	2004	NA	9233	8755	478	5.2
CN4904300000000	49	043	Summit County, UT	2004	NA	20464	19401	1063	5.2
CN4904500000000	49	045	Tooele County, UT	2004	NA	23967	22658	1309	5.5
CN4904700000000	49	047	Uintah County, UT	2004	NA	13803	13104	699	5.1
CN4904900000000	49	049	Utah County, UT	2004	NA	197086	187702	9384	4.8
CN4905100000000	49	051	Wasatch County, UT	2004	NA	8788	8312	476	5.4
CN4905300000000	49	053	Washington County, UT	2004	NA	52089	49571	2518	4.8
CN4905500000000	49	055	Wayne County, UT	2004	NA	1354	1265	89	6.6
CN4905700000000	49	057	Weber County, UT	2004	NA	107171	101293	5878	5.5
CN5000100000000	50	001	Addison County, VT	2004	NA	20997	20267	730	3.5
CN5000300000000	50	003	Bennington County, VT	2004	NA	19774	18989	785	4
CN5000500000000	50	005	Caledonia County, VT	2004	NA	16381	15690	691	4.2
CN5000700000000	50	007	Chittenden County, VT	2004	NA	87043	84276	2767	3.2
CN5000900000000	50	009	Essex County, VT	2004	NA	3242	3112	130	4
CN5001100000000	50	011	Franklin County, VT	2004	NA	25732	24696	1036	4
CN5001300000000	50	013	Grand Isle County, VT	2004	NA	4187	3990	197	4.7
CN5001500000000	50	015	Lamoille County, VT	2004	NA	14320	13732	588	4.1
CN5001700000000	50	017	Orange County, VT	2004	NA	16162	15611	551	3.4
CN5001900000000	50	019	Orleans County, VT	2004	NA	13973	13260	713	5.1
CN5002100000000	50	021	Rutland County, VT	2004	NA	35108	33692	1416	4
CN5002300000000	50	023	Washington County, VT	2004	NA	33898	32617	1281	3.8
CN5002500000000	50	025	Windham County, VT	2004	NA	24720	23860	860	3.5
CN5002700000000	50	027	Windsor County, VT	2004	NA	32134	31103	1031	3.2
CN5100100000000	51	001	Accomack County, VA	2004	NA	19062	18160	902	4.7
CN5100300000000	51	003	Albemarle County, VA	2004	NA	45638	44201	1437	3.1
CN5100500000000	51	005	Alleghany County, VA	2004	NA	7458	7103	355	4.8
CN5100700000000	51	007	Amelia County, VA	2004	NA	6086	5865	221	3.6
CN5100900000000	51	009	Amherst County, VA	2004	NA	15033	14336	697	4.6
CN5101100000000	51	011	Appomattox County, VA	2004	NA	6686	6377	309	4.6
CN5101300000000	51	013	Arlington County, VA	2004	NA	121992	118967	3025	2.5
CN5101500000000	51	015	Augusta County, VA	2004	NA	35322	34209	1113	3.2
CN5101700000000	51	017	Bath County, VA	2004	NA	2797	2694	103	3.7
CN5101900000000	51	019	Bedford County, VA	2004	NA	35313	33930	1383	3.9
CN5102100000000	51	021	Bland County, VA	2004	NA	2951	2814	137	4.6
CN5102300000000	51	023	Botetourt County, VA	2004	NA	16656	16095	561	3.4
CN5102500000000	51	025	Brunswick County, VA	2004	NA	6731	6285	446	6.6
CN5102700000000	51	027	Buchanan County, VA	2004	NA	8317	7834	483	5.8
CN5102900000000	51	029	Buckingham County, VA	2004	NA	6666	6377	289	4.3
CN5103100000000	51	031	Campbell County, VA	2004	NA	25990	24834	1156	4.4
CN5103300000000	51	033	Caroline County, VA	2004	NA	11947	11463	484	4.1
CN5103500000000	51	035	Carroll County, VA	2004	NA	14464	13732	732	5.1
CN5103600000000	51	036	Charles City County, VA	2004	NA	3743	3551	192	5.1
CN5103700000000	51	037	Charlotte County, VA	2004	NA	5511	5175	336	6.1
CN5104100000000	51	041	Chesterfield County, VA	2004	NA	153616	148428	5188	3.4
CN5104300000000	51	043	Clarke County, VA	2004	NA	7387	7174	213	2.9
CN5104500000000	51	045	Craig County, VA	2004	NA	2471	2372	99	4
CN5104700000000	51	047	Culpeper County, VA	2004	NA	17939	17294	645	3.6
CN5104900000000	51	049	Cumberland County, VA	2004	NA	4310	4136	174	4
CN5105100000000	51	051	Dickenson County, VA	2004	NA	5558	5206	352	6.3
CN5105300000000	51	053	Dinwiddie County, VA	2004	NA	12280	11798	482	3.9
CN5105700000000	51	057	Essex County, VA	2004	NA	5341	5109	232	4.3
CN5105900000000	51	059	Fairfax County, VA	2004	NA	554326	538900	15426	2.8
CN5106100000000	51	061	Fauquier County, VA	2004	NA	33627	32674	953	2.8
CN5106300000000	51	063	Floyd County, VA	2004	NA	6884	6599	285	4.1
CN5106500000000	51	065	Fluvanna County, VA	2004	NA	12041	11663	378	3.1
CN5106700000000	51	067	Franklin County, VA	2004	NA	24682	23700	982	4
CN5106900000000	51	069	Frederick County, VA	2004	NA	36941	35803	1138	3.1
CN5107100000000	51	071	Giles County, VA	2004	NA	8154	7734	420	5.2
CN5107300000000	51	073	Gloucester County, VA	2004	NA	19083	18485	598	3.1
CN5107500000000	51	075	Goochland County, VA	2004	NA	9876	9543	333	3.4
CN5107700000000	51	077	Grayson County, VA	2004	NA	7536	7165	371	4.9
CN5107900000000	51	079	Greene County, VA	2004	NA	9246	8953	293	3.2
CN5108100000000	51	081	Greensville County, VA	2004	NA	3930	3673	257	6.5
CN5108300000000	51	083	Halifax County, VA	2004	NA	15502	14289	1213	7.8
CN5108500000000	51	085	Hanover County, VA	2004	NA	52220	50582	1638	3.1
CN5108700000000	51	087	Henrico County, VA	2004	NA	152373	146955	5418	3.6
CN5108900000000	51	089	Henry County, VA	2004	NA	26140	23659	2481	9.5
CN5109100000000	51	091	Highland County, VA	2004	NA	1189	1147	42	3.5
CN5109300000000	51	093	Isle of Wight County, VA	2004	NA	16608	16025	583	3.5
CN5109500000000	51	095	James City County, VA	2004	NA	27307	26372	935	3.4
CN5109700000000	51	097	King and Queen County, VA	2004	NA	3206	3082	124	3.9
CN5109900000000	51	099	King George County, VA	2004	NA	9151	8860	291	3.2
CN5110100000000	51	101	King William County, VA	2004	NA	7604	7341	263	3.5
CN5110300000000	51	103	Lancaster County, VA	2004	NA	5102	4809	293	5.7
CN5110500000000	51	105	Lee County, VA	2004	NA	9299	8773	526	5.7
CN5110700000000	51	107	Loudoun County, VA	2004	NA	135147	131510	3637	2.7
CN5110900000000	51	109	Louisa County, VA	2004	NA	14350	13796	554	3.9
CN5111100000000	51	111	Lunenburg County, VA	2004	NA	5419	5147	272	5
CN5111300000000	51	113	Madison County, VA	2004	NA	7004	6790	214	3.1
CN5111500000000	51	115	Mathews County, VA	2004	NA	4300	4167	133	3.1
CN5111700000000	51	117	Mecklenburg County, VA	2004	NA	13015	12121	894	6.9
CN5111900000000	51	119	Middlesex County, VA	2004	NA	4860	4692	168	3.5
CN5112100000000	51	121	Montgomery County, VA	2004	NA	42396	40808	1588	3.7
CN5112500000000	51	125	Nelson County, VA	2004	NA	7221	6955	266	3.7
CN5112700000000	51	127	New Kent County, VA	2004	NA	8371	8080	291	3.5
CN5113100000000	51	131	Northampton County, VA	2004	NA	5902	5621	281	4.8
CN5113300000000	51	133	Northumberland County, VA	2004	NA	5927	5625	302	5.1
CN5113500000000	51	135	Nottoway County, VA	2004	NA	6266	5983	283	4.5
CN5113700000000	51	137	Orange County, VA	2004	NA	14093	13611	482	3.4
CN5113900000000	51	139	Page County, VA	2004	NA	11332	10696	636	5.6
CN5114100000000	51	141	Patrick County, VA	2004	NA	9023	8318	705	7.8
CN5114300000000	51	143	Pittsylvania County, VA	2004	NA	31626	29615	2011	6.4
CN5114500000000	51	145	Powhatan County, VA	2004	NA	12938	12554	384	3
CN5114700000000	51	147	Prince Edward County, VA	2004	NA	8290	7815	475	5.7
CN5114900000000	51	149	Prince George County, VA	2004	NA	14704	14157	547	3.7
CN5115300000000	51	153	Prince William County, VA	2004	NA	179226	173907	5319	3
CN5115500000000	51	155	Pulaski County, VA	2004	NA	18041	16958	1083	6
CN5115700000000	51	157	Rappahannock County, VA	2004	NA	4049	3941	108	2.7
CN5115900000000	51	159	Richmond County, VA	2004	NA	3464	3279	185	5.3
CN5116100000000	51	161	Roanoke County, VA	2004	NA	45699	44184	1515	3.3
CN5116300000000	51	163	Rockbridge County, VA	2004	NA	10884	10521	363	3.3
CN5116500000000	51	165	Rockingham County, VA	2004	NA	39649	38419	1230	3.1
CN5116700000000	51	167	Russell County, VA	2004	NA	11521	10840	681	5.9
CN5116900000000	51	169	Scott County, VA	2004	NA	9715	9161	554	5.7
CN5117100000000	51	171	Shenandoah County, VA	2004	NA	19018	18378	640	3.4
CN5117300000000	51	173	Smyth County, VA	2004	NA	15375	14564	811	5.3
CN5117500000000	51	175	Southampton County, VA	2004	NA	7420	7099	321	4.3
CN5117700000000	51	177	Spotsylvania County, VA	2004	NA	58122	56431	1691	2.9
CN5117900000000	51	179	Stafford County, VA	2004	NA	58475	56801	1674	2.9
CN5118100000000	51	181	Surry County, VA	2004	NA	3536	3386	150	4.2
CN5118300000000	51	183	Sussex County, VA	2004	NA	4409	4142	267	6.1
CN5118500000000	51	185	Tazewell County, VA	2004	NA	19269	18346	923	4.8
CN5118700000000	51	187	Warren County, VA	2004	NA	17704	17098	606	3.4
CN5119100000000	51	191	Washington County, VA	2004	NA	25579	24326	1253	4.9
CN5119300000000	51	193	Westmoreland County, VA	2004	NA	7836	7465	371	4.7
CN5119500000000	51	195	Wise County, VA	2004	NA	16837	15944	893	5.3
CN5119700000000	51	197	Wythe County, VA	2004	NA	14484	13779	705	4.9
CN5119900000000	51	199	York County, VA	2004	NA	29502	28589	913	3.1
CN5151000000000	51	510	Alexandria city, VA	2004	NA	83784	81478	2306	2.8
CN5152000000000	51	520	Bristol city, VA	2004	NA	7713	7230	483	6.3
CN5153000000000	51	530	Buena Vista city, VA	2004	NA	3353	3214	139	4.1
CN5154000000000	51	540	Charlottesville city, VA	2004	NA	19583	18769	814	4.2
CN5155000000000	51	550	Chesapeake city, VA	2004	NA	107580	103541	4039	3.8
CN5157000000000	51	570	Colonial Heights city, VA	2004	NA	8899	8535	364	4.1
CN5158000000000	51	580	Covington city, VA	2004	NA	2865	2702	163	5.7
CN5159000000000	51	590	Danville city, VA	2004	NA	20837	18862	1975	9.5
CN5159500000000	51	595	Emporia city, VA	2004	NA	2466	2286	180	7.3
CN5160000000000	51	600	Fairfax city, VA	2004	NA	12513	12169	344	2.7
CN5161000000000	51	610	Falls Church city, VA	2004	NA	6157	5952	205	3.3
CN5162000000000	51	620	Franklin city, VA	2004	NA	3643	3458	185	5.1
CN5163000000000	51	630	Fredericksburg city, VA	2004	NA	11045	10503	542	4.9
CN5164000000000	51	640	Galax city, VA	2004	NA	3138	2960	178	5.7
CN5165000000000	51	650	Hampton city, VA	2004	NA	65417	62275	3142	4.8
CN5166000000000	51	660	Harrisonburg city, VA	2004	NA	21083	20247	836	4
CN5167000000000	51	670	Hopewell city, VA	2004	NA	10015	9449	566	5.7
CN5167800000000	51	678	Lexington city, VA	2004	NA	2276	2148	128	5.6
CN5168000000000	51	680	Lynchburg city, VA	2004	NA	30584	29000	1584	5.2
CN5168300000000	51	683	Manassas city, VA	2004	NA	20146	19513	633	3.1
CN5168500000000	51	685	Manassas Park city, VA	2004	NA	6306	6130	176	2.8
CN5169000000000	51	690	Martinsville city, VA	2004	NA	6023	5279	744	12.4
CN5170000000000	51	700	Newport News city, VA	2004	NA	85745	81820	3925	4.6
CN5171000000000	51	710	Norfolk city, VA	2004	NA	96978	91903	5075	5.2
CN5172000000000	51	720	Norton city, VA	2004	NA	1535	1450	85	5.5
CN5173000000000	51	730	Petersburg city, VA	2004	NA	13945	12848	1097	7.9
CN5173500000000	51	735	Poquoson city, VA	2004	NA	5985	5801	184	3.1
CN5174000000000	51	740	Portsmouth city, VA	2004	NA	43692	41271	2421	5.5
CN5175000000000	51	750	Radford city, VA	2004	NA	7234	6849	385	5.3
CN5176000000000	51	760	Richmond city, VA	2004	NA	94900	89426	5474	5.8
CN5177000000000	51	770	Roanoke city, VA	2004	NA	44680	42604	2076	4.6
CN5177500000000	51	775	Salem city, VA	2004	NA	12479	12045	434	3.5
CN5179000000000	51	790	Staunton city, VA	2004	NA	10980	10599	381	3.5
CN5180000000000	51	800	Suffolk city, VA	2004	NA	35979	34462	1517	4.2
CN5181000000000	51	810	Virginia Beach city, VA	2004	NA	216704	209047	7657	3.5
CN5182000000000	51	820	Waynesboro city, VA	2004	NA	9510	9140	370	3.9
CN5183000000000	51	830	Williamsburg city, VA	2004	NA	4600	4243	357	7.8
CN5184000000000	51	840	Winchester city, VA	2004	NA	13595	13145	450	3.3
CN5300100000000	53	001	Adams County, WA	2004	NA	8168	7512	656	8
CN5300300000000	53	003	Asotin County, WA	2004	NA	10177	9508	669	6.6
CN5300500000000	53	005	Benton County, WA	2004	NA	84452	79307	5145	6.1
CN5300700000000	53	007	Chelan County, WA	2004	NA	38460	35737	2723	7.1
CN5300900000000	53	009	Clallam County, WA	2004	NA	28224	26163	2061	7.3
CN5301100000000	53	011	Clark County, WA	2004	NA	195607	180734	14873	7.6
CN5301300000000	53	013	Columbia County, WA	2004	NA	1645	1508	137	8.3
CN5301500000000	53	015	Cowlitz County, WA	2004	NA	42763	39058	3705	8.7
CN5301700000000	53	017	Douglas County, WA	2004	NA	19379	18122	1257	6.5
CN5301900000000	53	019	Ferry County, WA	2004	NA	2988	2662	326	10.9
CN5302100000000	53	021	Franklin County, WA	2004	NA	27950	25811	2139	7.7
CN5302300000000	53	023	Garfield County, WA	2004	NA	1087	1025	62	5.7
CN5302500000000	53	025	Grant County, WA	2004	NA	37422	34279	3143	8.4
CN5302700000000	53	027	Grays Harbor County, WA	2004	NA	30907	28286	2621	8.5
CN5302900000000	53	029	Island County, WA	2004	NA	31509	29299	2210	7
CN5303100000000	53	031	Jefferson County, WA	2004	NA	13409	12556	853	6.4
CN5303300000000	53	033	King County, WA	2004	NA	993258	943793	49465	5
CN5303500000000	53	035	Kitsap County, WA	2004	NA	118477	111484	6993	5.9
CN5303700000000	53	037	Kittitas County, WA	2004	NA	18823	17499	1324	7
CN5303900000000	53	039	Klickitat County, WA	2004	NA	9470	8578	892	9.4
CN5304100000000	53	041	Lewis County, WA	2004	NA	30759	28150	2609	8.5
CN5304300000000	53	043	Lincoln County, WA	2004	NA	4808	4482	326	6.8
CN5304500000000	53	045	Mason County, WA	2004	NA	23622	21832	1790	7.6
CN5304700000000	53	047	Okanogan County, WA	2004	NA	20311	18665	1646	8.1
CN5304900000000	53	049	Pacific County, WA	2004	NA	9267	8550	717	7.7
CN5305100000000	53	051	Pend Oreille County, WA	2004	NA	5011	4557	454	9.1
CN5305300000000	53	053	Pierce County, WA	2004	NA	360651	334881	25770	7.1
CN5305500000000	53	055	San Juan County, WA	2004	NA	8229	7827	402	4.9
CN5305700000000	53	057	Skagit County, WA	2004	NA	55123	51212	3911	7.1
CN5305900000000	53	059	Skamania County, WA	2004	NA	4940	4511	429	8.7
CN5306100000000	53	061	Snohomish County, WA	2004	NA	337515	318653	18862	5.6
CN5306300000000	53	063	Spokane County, WA	2004	NA	219136	204452	14684	6.7
CN5306500000000	53	065	Stevens County, WA	2004	NA	18026	16512	1514	8.4
CN5306700000000	53	067	Thurston County, WA	2004	NA	119267	112249	7018	5.9
CN5306900000000	53	069	Wahkiakum County, WA	2004	NA	1606	1478	128	8
CN5307100000000	53	071	Walla Walla County, WA	2004	NA	29223	27374	1849	6.3
CN5307300000000	53	073	Whatcom County, WA	2004	NA	99224	93295	5929	6
CN5307500000000	53	075	Whitman County, WA	2004	NA	20107	19193	914	4.5
CN5307700000000	53	077	Yakima County, WA	2004	NA	116105	106008	10097	8.7
CN5400100000000	54	001	Barbour County, WV	2004	NA	6525	6105	420	6.4
CN5400300000000	54	003	Berkeley County, WV	2004	NA	41670	39878	1792	4.3
CN5400500000000	54	005	Boone County, WV	2004	NA	9288	8825	463	5
CN5400700000000	54	007	Braxton County, WV	2004	NA	5834	5487	347	5.9
CN5400900000000	54	009	Brooke County, WV	2004	NA	11163	10339	824	7.4
CN5401100000000	54	011	Cabell County, WV	2004	NA	43994	41900	2094	4.8
CN5401300000000	54	013	Calhoun County, WV	2004	NA	2806	2546	260	9.3
CN5401500000000	54	015	Clay County, WV	2004	NA	3489	3228	261	7.5
CN5401700000000	54	017	Doddridge County, WV	2004	NA	2812	2672	140	5
CN5401900000000	54	019	Fayette County, WV	2004	NA	17668	16582	1086	6.1
CN5402100000000	54	021	Gilmer County, WV	2004	NA	2974	2833	141	4.7
CN5402300000000	54	023	Grant County, WV	2004	NA	4871	4545	326	6.7
CN5402500000000	54	025	Greenbrier County, WV	2004	NA	14877	14016	861	5.8
CN5402700000000	54	027	Hampshire County, WV	2004	NA	9274	8846	428	4.6
CN5402900000000	54	029	Hancock County, WV	2004	NA	14705	13586	1119	7.6
CN5403100000000	54	031	Hardy County, WV	2004	NA	6817	6542	275	4
CN5403300000000	54	033	Harrison County, WV	2004	NA	30368	28762	1606	5.3
CN5403500000000	54	035	Jackson County, WV	2004	NA	11585	10861	724	6.2
CN5403700000000	54	037	Jefferson County, WV	2004	NA	23523	22729	794	3.4
CN5403900000000	54	039	Kanawha County, WV	2004	NA	90926	86585	4341	4.8
CN5404100000000	54	041	Lewis County, WV	2004	NA	7137	6759	378	5.3
CN5404300000000	54	043	Lincoln County, WV	2004	NA	7810	7321	489	6.3
CN5404500000000	54	045	Logan County, WV	2004	NA	12681	11974	707	5.6
CN5404700000000	54	047	McDowell County, WV	2004	NA	6406	5777	629	9.8
CN5404900000000	54	049	Marion County, WV	2004	NA	25097	23850	1247	5
CN5405100000000	54	051	Marshall County, WV	2004	NA	14938	14026	912	6.1
CN5405300000000	54	053	Mason County, WV	2004	NA	10141	9329	812	8
CN5405500000000	54	055	Mercer County, WV	2004	NA	23937	22586	1351	5.6
CN5405700000000	54	057	Mineral County, WV	2004	NA	13218	12448	770	5.8
CN5405900000000	54	059	Mingo County, WV	2004	NA	7940	7406	534	6.7
CN5406100000000	54	061	Monongalia County, WV	2004	NA	43167	41523	1644	3.8
CN5406300000000	54	063	Monroe County, WV	2004	NA	5763	5517	246	4.3
CN5406500000000	54	065	Morgan County, WV	2004	NA	6856	6568	288	4.2
CN5406700000000	54	067	Nicholas County, WV	2004	NA	10319	9766	553	5.4
CN5406900000000	54	069	Ohio County, WV	2004	NA	20739	19685	1054	5.1
CN5407100000000	54	071	Pendleton County, WV	2004	NA	3748	3607	141	3.8
CN5407300000000	54	073	Pleasants County, WV	2004	NA	3223	3027	196	6.1
CN5407500000000	54	075	Pocahontas County, WV	2004	NA	3835	3598	237	6.2
CN5407700000000	54	077	Preston County, WV	2004	NA	13934	13189	745	5.3
CN5407900000000	54	079	Putnam County, WV	2004	NA	26080	24865	1215	4.7
CN5408100000000	54	081	Raleigh County, WV	2004	NA	31401	29736	1665	5.3
CN5408300000000	54	083	Randolph County, WV	2004	NA	12541	11852	689	5.5
CN5408500000000	54	085	Ritchie County, WV	2004	NA	4452	4157	295	6.6
CN5408700000000	54	087	Roane County, WV	2004	NA	5409	4988	421	7.8
CN5408900000000	54	089	Summers County, WV	2004	NA	4699	4403	296	6.3
CN5409100000000	54	091	Taylor County, WV	2004	NA	6809	6477	332	4.9
CN5409300000000	54	093	Tucker County, WV	2004	NA	3066	2866	200	6.5
CN5409500000000	54	095	Tyler County, WV	2004	NA	3582	3321	261	7.3
CN5409700000000	54	097	Upshur County, WV	2004	NA	10489	9920	569	5.4
CN5409900000000	54	099	Wayne County, WV	2004	NA	17555	16623	932	5.3
CN5410100000000	54	101	Webster County, WV	2004	NA	3350	3162	188	5.6
CN5410300000000	54	103	Wetzel County, WV	2004	NA	6600	6029	571	8.7
CN5410500000000	54	105	Wirt County, WV	2004	NA	2487	2312	175	7
CN5410700000000	54	107	Wood County, WV	2004	NA	41109	38876	2233	5.4
CN5410900000000	54	109	Wyoming County, WV	2004	NA	7986	7487	499	6.2
CN5500100000000	55	001	Adams County, WI	2004	NA	9482	8828	654	6.9
CN5500300000000	55	003	Ashland County, WI	2004	NA	9287	8731	556	6
CN5500500000000	55	005	Barron County, WI	2004	NA	25624	24196	1428	5.6
CN5500700000000	55	007	Bayfield County, WI	2004	NA	8226	7701	525	6.4
CN5500900000000	55	009	Brown County, WI	2004	NA	137003	130606	6397	4.7
CN5501100000000	55	011	Buffalo County, WI	2004	NA	8102	7742	360	4.4
CN5501300000000	55	013	Burnett County, WI	2004	NA	8437	7962	475	5.6
CN5501500000000	55	015	Calumet County, WI	2004	NA	25151	24118	1033	4.1
CN5501700000000	55	017	Chippewa County, WI	2004	NA	32127	30307	1820	5.7
CN5501900000000	55	019	Clark County, WI	2004	NA	17725	16725	1000	5.6
CN5502100000000	55	021	Columbia County, WI	2004	NA	31420	29943	1477	4.7
CN5502300000000	55	023	Crawford County, WI	2004	NA	9436	8930	506	5.4
CN5502500000000	55	025	Dane County, WI	2004	NA	283220	274073	9147	3.2
CN5502700000000	55	027	Dodge County, WI	2004	NA	47041	44535	2506	5.3
CN5502900000000	55	029	Door County, WI	2004	NA	16755	15732	1023	6.1
CN5503100000000	55	031	Douglas County, WI	2004	NA	22891	21555	1336	5.8
CN5503300000000	55	033	Dunn County, WI	2004	NA	23965	22856	1109	4.6
CN5503500000000	55	035	Eau Claire County, WI	2004	NA	53909	51559	2350	4.4
CN5503700000000	55	037	Florence County, WI	2004	NA	2642	2473	169	6.4
CN5503900000000	55	039	Fond du Lac County, WI	2004	NA	56512	53847	2665	4.7
CN5504100000000	55	041	Forest County, WI	2004	NA	5017	4701	316	6.3
CN5504300000000	55	043	Grant County, WI	2004	NA	27420	26163	1257	4.6
CN5504500000000	55	045	Green County, WI	2004	NA	19617	18732	885	4.5
CN5504700000000	55	047	Green Lake County, WI	2004	NA	10624	10003	621	5.8
CN5504900000000	55	049	Iowa County, WI	2004	NA	14145	13577	568	4
CN5505100000000	55	051	Iron County, WI	2004	NA	3307	3008	299	9
CN5505300000000	55	053	Jackson County, WI	2004	NA	9899	9349	550	5.6
CN5505500000000	55	055	Jefferson County, WI	2004	NA	43320	41149	2171	5
CN5505700000000	55	057	Juneau County, WI	2004	NA	13151	12312	839	6.4
CN5505900000000	55	059	Kenosha County, WI	2004	NA	82459	77653	4806	5.8
CN5506100000000	55	061	Kewaunee County, WI	2004	NA	11919	11380	539	4.5
CN5506300000000	55	063	La Crosse County, WI	2004	NA	62297	59744	2553	4.1
CN5506500000000	55	065	Lafayette County, WI	2004	NA	9025	8626	399	4.4
CN5506700000000	55	067	Langlade County, WI	2004	NA	10900	10182	718	6.6
CN5506900000000	55	069	Lincoln County, WI	2004	NA	15996	15091	905	5.7
CN5507100000000	55	071	Manitowoc County, WI	2004	NA	45800	43047	2753	6
CN5507300000000	55	073	Marathon County, WI	2004	NA	73460	70258	3202	4.4
CN5507500000000	55	075	Marinette County, WI	2004	NA	22884	21394	1490	6.5
CN5507700000000	55	077	Marquette County, WI	2004	NA	7918	7394	524	6.6
CN5507800000000	55	078	Menominee County, WI	2004	NA	1662	1477	185	11.1
CN5507900000000	55	079	Milwaukee County, WI	2004	NA	458562	429695	28867	6.3
CN5508100000000	55	081	Monroe County, WI	2004	NA	23207	22228	979	4.2
CN5508300000000	55	083	Oconto County, WI	2004	NA	20608	19297	1311	6.4
CN5508500000000	55	085	Oneida County, WI	2004	NA	20643	19392	1251	6.1
CN5508700000000	55	087	Outagamie County, WI	2004	NA	95123	90514	4609	4.8
CN5508900000000	55	089	Ozaukee County, WI	2004	NA	47675	45916	1759	3.7
CN5509100000000	55	091	Pepin County, WI	2004	NA	3949	3746	203	5.1
CN5509300000000	55	093	Pierce County, WI	2004	NA	23181	22212	969	4.2
CN5509500000000	55	095	Polk County, WI	2004	NA	23660	22354	1306	5.5
CN5509700000000	55	097	Portage County, WI	2004	NA	40532	38538	1994	4.9
CN5509900000000	55	099	Price County, WI	2004	NA	8593	8185	408	4.7
CN5510100000000	55	101	Racine County, WI	2004	NA	99736	93731	6005	6
CN5510300000000	55	103	Richland County, WI	2004	NA	10050	9579	471	4.7
CN5510500000000	55	105	Rock County, WI	2004	NA	83115	78443	4672	5.6
CN5510700000000	55	107	Rusk County, WI	2004	NA	7865	7363	502	6.4
CN5510900000000	55	109	St. Croix County, WI	2004	NA	43486	41352	2134	4.9
CN5511100000000	55	111	Sauk County, WI	2004	NA	34338	32804	1534	4.5
CN5511300000000	55	113	Sawyer County, WI	2004	NA	9225	8663	562	6.1
CN5511500000000	55	115	Shawano County, WI	2004	NA	22410	21263	1147	5.1
CN5511700000000	55	117	Sheboygan County, WI	2004	NA	64083	61221	2862	4.5
CN5511900000000	55	119	Taylor County, WI	2004	NA	11402	10796	606	5.3
CN5512100000000	55	121	Trempealeau County, WI	2004	NA	15806	15044	762	4.8
CN5512300000000	55	123	Vernon County, WI	2004	NA	14762	14062	700	4.7
CN5512500000000	55	125	Vilas County, WI	2004	NA	11847	11090	757	6.4
CN5512700000000	55	127	Walworth County, WI	2004	NA	56264	53787	2477	4.4
CN5512900000000	55	129	Washburn County, WI	2004	NA	8243	7725	518	6.3
CN5513100000000	55	131	Washington County, WI	2004	NA	71547	68328	3219	4.5
CN5513300000000	55	133	Waukesha County, WI	2004	NA	212347	203341	9006	4.2
CN5513500000000	55	135	Waupaca County, WI	2004	NA	28232	26744	1488	5.3
CN5513700000000	55	137	Waushara County, WI	2004	NA	12556	11802	754	6
CN5513900000000	55	139	Winnebago County, WI	2004	NA	91465	87216	4249	4.6
CN5514100000000	55	141	Wood County, WI	2004	NA	40303	37978	2325	5.8
CN5600100000000	56	001	Albany County, WY	2004	NA	19829	19248	581	2.9
CN5600300000000	56	003	Big Horn County, WY	2004	NA	5313	5067	246	4.6
CN5600500000000	56	005	Campbell County, WY	2004	NA	21925	21262	663	3
CN5600700000000	56	007	Carbon County, WY	2004	NA	7606	7274	332	4.4
CN5600900000000	56	009	Converse County, WY	2004	NA	6539	6282	257	3.9
CN5601100000000	56	011	Crook County, WY	2004	NA	3211	3089	122	3.8
CN5601300000000	56	013	Fremont County, WY	2004	NA	17697	16804	893	5
CN5601500000000	56	015	Goshen County, WY	2004	NA	5792	5543	249	4.3
CN5601700000000	56	017	Hot Springs County, WY	2004	NA	2357	2266	91	3.9
CN5601900000000	56	019	Johnson County, WY	2004	NA	3712	3578	134	3.6
CN5602100000000	56	021	Laramie County, WY	2004	NA	41577	39737	1840	4.4
CN5602300000000	56	023	Lincoln County, WY	2004	NA	8021	7707	314	3.9
CN5602500000000	56	025	Natrona County, WY	2004	NA	38893	37474	1419	3.6
CN5602700000000	56	027	Niobrara County, WY	2004	NA	1132	1089	43	3.8
CN5602900000000	56	029	Park County, WY	2004	NA	14523	13935	588	4
CN5603100000000	56	031	Platte County, WY	2004	NA	4101	3895	206	5
CN5603300000000	56	033	Sheridan County, WY	2004	NA	15036	14458	578	3.8
CN5603500000000	56	035	Sublette County, WY	2004	NA	4493	4386	107	2.4
CN5603700000000	56	037	Sweetwater County, WY	2004	NA	21326	20633	693	3.2
CN5603900000000	56	039	Teton County, WY	2004	NA	13713	13291	422	3.1
CN5604100000000	56	041	Uinta County, WY	2004	NA	10642	10240	402	3.8
CN5604300000000	56	043	Washakie County, WY	2004	NA	4221	4052	169	4
CN5604500000000	56	045	Weston County, WY	2004	NA	3139	3014	125	4
CN7200100000000	72	001	Adjuntas Municipio, PR	2004	NA	5261	4618	643	12.2
CN7200300000000	72	003	Aguada Municipio, PR	2004	NA	15212	13280	1932	12.7
CN7200500000000	72	005	Aguadilla Municipio, PR	2004	NA	21451	18723	2728	12.7
CN7200700000000	72	007	Aguas Buenas Municipio, PR	2004	NA	9391	8297	1094	11.6
CN7200900000000	72	009	Aibonito Municipio, PR	2004	NA	7896	6905	991	12.6
CN7201100000000	72	011	Anasco Municipio, PR	2004	NA	10510	9151	1359	12.9
CN7201300000000	72	013	Arecibo Municipio, PR	2004	NA	33495	29641	3854	11.5
CN7201500000000	72	015	Arroyo Municipio, PR	2004	NA	5411	4497	914	16.9
CN7201700000000	72	017	Barceloneta Municipio, PR	2004	NA	7208	6275	933	12.9
CN7201900000000	72	019	Barranquitas Municipio, PR	2004	NA	7600	6746	854	11.2
CN7202100000000	72	021	Bayamon Municipio, PR	2004	NA	83842	77189	6653	7.9
CN7202300000000	72	023	Cabo Rojo Municipio, PR	2004	NA	19577	17833	1744	8.9
CN7202500000000	72	025	Caguas Municipio, PR	2004	NA	54214	48827	5387	9.9
CN7202700000000	72	027	Camuy Municipio, PR	2004	NA	12611	11252	1359	10.8
CN7202900000000	72	029	Canovanas Municipio, PR	2004	NA	14339	12417	1922	13.4
CN7203100000000	72	031	Carolina Municipio, PR	2004	NA	78165	71718	6447	8.2
CN7203300000000	72	033	Catano Municipio, PR	2004	NA	8345	7489	856	10.3
CN7203500000000	72	035	Cayey Municipio, PR	2004	NA	15894	13982	1912	12
CN7203700000000	72	037	Ceiba Municipio, PR	2004	NA	5902	5032	870	14.7
CN7203900000000	72	039	Ciales Municipio, PR	2004	NA	5195	4379	816	15.7
CN7204100000000	72	041	Cidra Municipio, PR	2004	NA	15103	13427	1676	11.1
CN7204300000000	72	043	Coamo Municipio, PR	2004	NA	11120	9541	1579	14.2
CN7204500000000	72	045	Comerio Municipio, PR	2004	NA	4874	4214	660	13.5
CN7204700000000	72	047	Corozal Municipio, PR	2004	NA	10444	9279	1165	11.2
CN7204900000000	72	049	Culebra Municipio, PR	2004	NA	897	851	46	5.1
CN7205100000000	72	051	Dorado Municipio, PR	2004	NA	12632	11500	1132	9
CN7205300000000	72	053	Fajardo Municipio, PR	2004	NA	14575	12541	2034	14
CN7205400000000	72	054	Florida Municipio, PR	2004	NA	3960	3413	547	13.8
CN7205500000000	72	055	Guanica Municipio, PR	2004	NA	6129	5161	968	15.8
CN7205700000000	72	057	Guayama Municipio, PR	2004	NA	13973	11787	2186	15.6
CN7205900000000	72	059	Guayanilla Municipio, PR	2004	NA	6546	5558	988	15.1
CN7206100000000	72	061	Guaynabo Municipio, PR	2004	NA	44594	41978	2616	5.9
CN7206300000000	72	063	Gurabo Municipio, PR	2004	NA	14841	13399	1442	9.7
CN7206500000000	72	065	Hatillo Municipio, PR	2004	NA	12579	11126	1453	11.6
CN7206700000000	72	067	Hormigueros Municipio, PR	2004	NA	6420	5746	674	10.5
CN7206900000000	72	069	Humacao Municipio, PR	2004	NA	21000	17966	3034	14.4
CN7207100000000	72	071	Isabela Municipio, PR	2004	NA	15209	13305	1904	12.5
CN7207300000000	72	073	Jayuya Municipio, PR	2004	NA	5018	4470	548	10.9
CN7207500000000	72	075	Juana Diaz Municipio, PR	2004	NA	16122	14276	1846	11.5
CN7207700000000	72	077	Juncos Municipio, PR	2004	NA	12770	11234	1536	12
CN7207900000000	72	079	Lajas Municipio, PR	2004	NA	8709	7617	1092	12.5
CN7208100000000	72	081	Lares Municipio, PR	2004	NA	11229	9930	1299	11.6
CN7208300000000	72	083	Las Marias Municipio, PR	2004	NA	4022	3557	465	11.6
CN7208500000000	72	085	Las Piedras Municipio, PR	2004	NA	12455	10853	1602	12.9
CN7208700000000	72	087	Loiza Municipio, PR	2004	NA	8835	7661	1174	13.3
CN7208900000000	72	089	Luquillo Municipio, PR	2004	NA	6848	5813	1035	15.1
CN7209100000000	72	091	Manati Municipio, PR	2004	NA	14611	12612	1999	13.7
CN7209300000000	72	093	Maricao Municipio, PR	2004	NA	2268	2019	249	11
CN7209500000000	72	095	Maunabo Municipio, PR	2004	NA	3673	3037	636	17.3
CN7209700000000	72	097	Mayaguez Municipio, PR	2004	NA	30540	26611	3929	12.9
CN7209900000000	72	099	Moca Municipio, PR	2004	NA	14466	12709	1757	12.1
CN7210100000000	72	101	Morovis Municipio, PR	2004	NA	9012	7788	1224	13.6
CN7210300000000	72	103	Naguabo Municipio, PR	2004	NA	7618	6420	1198	15.7
CN7210500000000	72	105	Naranjito Municipio, PR	2004	NA	8598	7717	881	10.2
CN7210700000000	72	107	Orocovis Municipio, PR	2004	NA	5346	4640	706	13.2
CN7210900000000	72	109	Patillas Municipio, PR	2004	NA	5806	4790	1016	17.5
CN7211100000000	72	111	Penuelas Municipio, PR	2004	NA	8277	7108	1169	14.1
CN7211300000000	72	113	Ponce Municipio, PR	2004	NA	61939	55368	6571	10.6
CN7211500000000	72	115	Quebradillas Municipio, PR	2004	NA	8496	7542	954	11.2
CN7211700000000	72	117	Rincon Municipio, PR	2004	NA	5331	4669	662	12.4
CN7211900000000	72	119	Rio Grande Municipio, PR	2004	NA	17742	15778	1964	11.1
CN7212100000000	72	121	Sabana Grande Municipio, PR	2004	NA	9199	8009	1190	12.9
CN7212300000000	72	123	Salinas Municipio, PR	2004	NA	9704	8275	1429	14.7
CN7212500000000	72	125	San German Municipio, PR	2004	NA	12977	11306	1671	12.9
CN7212700000000	72	127	San Juan Municipio, PR	2004	NA	173652	160465	13187	7.6
CN7212900000000	72	129	San Lorenzo Municipio, PR	2004	NA	14106	12528	1578	11.2
CN7213100000000	72	131	San Sebastian Municipio, PR	2004	NA	14967	13000	1967	13.1
CN7213300000000	72	133	Santa Isabel Municipio, PR	2004	NA	8667	7631	1036	12
CN7213500000000	72	135	Toa Alta Municipio, PR	2004	NA	27535	25495	2040	7.4
CN7213700000000	72	137	Toa Baja Municipio, PR	2004	NA	35808	32924	2884	8.1
CN7213900000000	72	139	Trujillo Alto Municipio, PR	2004	NA	33815	31459	2356	7
CN7214100000000	72	141	Utuado Municipio, PR	2004	NA	9697	8378	1319	13.6
CN7214300000000	72	143	Vega Alta Municipio, PR	2004	NA	12377	11090	1287	10.4
CN7214500000000	72	145	Vega Baja Municipio, PR	2004	NA	20607	18218	2389	11.6
CN7214700000000	72	147	Vieques Municipio, PR	2004	NA	2554	2237	317	12.4
CN7214900000000	72	149	Villalba Municipio, PR	2004	NA	8622	7522	1100	12.8
CN7215100000000	72	151	Yabucoa Municipio, PR	2004	NA	11170	9244	1926	17.2
CN7215300000000	72	153	Yauco Municipio, PR	2004	NA	15446	13493	1953	12.6
NA	NA	NA	NA	NA	NA	NA	NA	NA	NA
SOURCE:  BLS, LAUS	NA	NA	NA	NA	NA	NA	NA	NA	NA
March 18, 2016	NA	NA	NA	NA	NA	NA	NA	NA	NA
