LAUS_CODE	STATE_FIPS	COUNTY_FIPS	COUNTY	YEAR	ESTIMATED	LABOR_FORCE	EMPLOYED	UNEMPLOYED_LEVEL	UNEMPLOYED_RATE
CN0100100000000	01	001	Autauga County, AL	2018	NA	26196	25261	935	3.6
CN0100300000000	01	003	Baldwin County, AL	2018	NA	95233	91809	3424	3.6
CN0100500000000	01	005	Barbour County, AL	2018	NA	8414	7987	427	5.1
CN0100700000000	01	007	Bibb County, AL	2018	NA	8605	8268	337	3.9
CN0100900000000	01	009	Blount County, AL	2018	NA	25069	24201	868	3.5
CN0101100000000	01	011	Bullock County, AL	2018	NA	4791	4571	220	4.6
CN0101300000000	01	013	Butler County, AL	2018	NA	8973	8553	420	4.7
CN0101500000000	01	015	Calhoun County, AL	2018	NA	46307	44191	2116	4.6
CN0101700000000	01	017	Chambers County, AL	2018	NA	15366	14775	591	3.8
CN0101900000000	01	019	Cherokee County, AL	2018	NA	11688	11276	412	3.5
CN0102100000000	01	021	Chilton County, AL	2018	NA	19624	18924	700	3.6
CN0102300000000	01	023	Choctaw County, AL	2018	NA	4749	4493	256	5.4
CN0102500000000	01	025	Clarke County, AL	2018	NA	7659	7096	563	7.4
CN0102700000000	01	027	Clay County, AL	2018	NA	6010	5784	226	3.8
CN0102900000000	01	029	Cleburne County, AL	2018	NA	5795	5552	243	4.2
CN0103100000000	01	031	Coffee County, AL	2018	NA	21007	20193	814	3.9
CN0103300000000	01	033	Colbert County, AL	2018	NA	23541	22478	1063	4.5
CN0103500000000	01	035	Conecuh County, AL	2018	NA	4512	4281	231	5.1
CN0103700000000	01	037	Coosa County, AL	2018	NA	4426	4246	180	4.1
CN0103900000000	01	039	Covington County, AL	2018	NA	15652	14945	707	4.5
CN0104100000000	01	041	Crenshaw County, AL	2018	NA	6369	6114	255	4
CN0104300000000	01	043	Cullman County, AL	2018	NA	38113	36879	1234	3.2
CN0104500000000	01	045	Dale County, AL	2018	NA	20257	19424	833	4.1
CN0104700000000	01	047	Dallas County, AL	2018	NA	14880	13927	953	6.4
CN0104900000000	01	049	DeKalb County, AL	2018	NA	30289	29153	1136	3.8
CN0105100000000	01	051	Elmore County, AL	2018	NA	37590	36313	1277	3.4
CN0105300000000	01	053	Escambia County, AL	2018	NA	14423	13780	643	4.5
CN0105500000000	01	055	Etowah County, AL	2018	NA	43252	41502	1750	4
CN0105700000000	01	057	Fayette County, AL	2018	NA	6529	6267	262	4
CN0105900000000	01	059	Franklin County, AL	2018	NA	14291	13768	523	3.7
CN0106100000000	01	061	Geneva County, AL	2018	NA	10872	10450	422	3.9
CN0106300000000	01	063	Greene County, AL	2018	NA	2860	2672	188	6.6
CN0106500000000	01	065	Hale County, AL	2018	NA	5979	5680	299	5
CN0106700000000	01	067	Henry County, AL	2018	NA	6830	6531	299	4.4
CN0106900000000	01	069	Houston County, AL	2018	NA	45580	43764	1816	4
CN0107100000000	01	071	Jackson County, AL	2018	NA	23412	22468	944	4
CN0107300000000	01	073	Jefferson County, AL	2018	NA	315793	304248	11545	3.7
CN0107500000000	01	075	Lamar County, AL	2018	NA	5743	5528	215	3.7
CN0107700000000	01	077	Lauderdale County, AL	2018	NA	42390	40644	1746	4.1
CN0107900000000	01	079	Lawrence County, AL	2018	NA	14044	13469	575	4.1
CN0108100000000	01	081	Lee County, AL	2018	NA	75243	72541	2702	3.6
CN0108300000000	01	083	Limestone County, AL	2018	NA	42979	41472	1507	3.5
CN0108500000000	01	085	Lowndes County, AL	2018	NA	3614	3354	260	7.2
CN0108700000000	01	087	Macon County, AL	2018	NA	7862	7442	420	5.3
CN0108900000000	01	089	Madison County, AL	2018	NA	181565	175352	6213	3.4
CN0109100000000	01	091	Marengo County, AL	2018	NA	7608	7237	371	4.9
CN0109300000000	01	093	Marion County, AL	2018	NA	12621	12114	507	4
CN0109500000000	01	095	Marshall County, AL	2018	NA	42925	41496	1429	3.3
CN0109700000000	01	097	Mobile County, AL	2018	NA	189004	180293	8711	4.6
CN0109900000000	01	099	Monroe County, AL	2018	NA	7187	6753	434	6
CN0110100000000	01	101	Montgomery County, AL	2018	NA	105953	101782	4171	3.9
CN0110300000000	01	103	Morgan County, AL	2018	NA	57158	55192	1966	3.4
CN0110500000000	01	105	Perry County, AL	2018	NA	3411	3192	219	6.4
CN0110700000000	01	107	Pickens County, AL	2018	NA	7745	7395	350	4.5
CN0110900000000	01	109	Pike County, AL	2018	NA	15260	14579	681	4.5
CN0111100000000	01	111	Randolph County, AL	2018	NA	9581	9202	379	4
CN0111300000000	01	113	Russell County, AL	2018	NA	24019	23067	952	4
CN0111500000000	01	115	St. Clair County, AL	2018	NA	40120	38742	1378	3.4
CN0111700000000	01	117	Shelby County, AL	2018	NA	114634	111425	3209	2.8
CN0111900000000	01	119	Sumter County, AL	2018	NA	4820	4543	277	5.7
CN0112100000000	01	121	Talladega County, AL	2018	NA	35332	33847	1485	4.2
CN0112300000000	01	123	Tallapoosa County, AL	2018	NA	17959	17226	733	4.1
CN0112500000000	01	125	Tuscaloosa County, AL	2018	NA	102508	98826	3682	3.6
CN0112700000000	01	127	Walker County, AL	2018	NA	25128	24078	1050	4.2
CN0112900000000	01	129	Washington County, AL	2018	NA	6711	6327	384	5.7
CN0113100000000	01	131	Wilcox County, AL	2018	NA	2756	2498	258	9.4
CN0113300000000	01	133	Winston County, AL	2018	NA	9810	9405	405	4.1
CN0201300000000	02	013	Aleutians East Borough, AK	2018	NA	2292	2222	70	3.1
CN0201600000000	02	016	Aleutians West Census Area, AK	2018	NA	3602	3477	125	3.5
CN0202000000000	02	020	Anchorage Borough/municipality, AK	2018	NA	149431	141363	8068	5.4
CN0205000000000	02	050	Bethel Census Area, AK	2018	NA	7111	6209	902	12.7
CN0206000000000	02	060	Bristol Bay Borough, AK	2018	NA	444	417	27	6.1
CN0206800000000	02	068	Denali Borough, AK	2018	NA	1057	975	82	7.8
CN0207000000000	02	070	Dillingham Census Area, AK	2018	NA	2004	1844	160	8
CN0209000000000	02	090	Fairbanks North Star Borough, AK	2018	NA	45476	42901	2575	5.7
CN0210000000000	02	100	Haines Borough, AK	2018	NA	1097	992	105	9.6
CN0210500000000	02	105	Hoonah-Angoon Census Area, AK	2018	NA	1146	1004	142	12.4
CN0211000000000	02	110	Juneau Borough/city, AK	2018	NA	17045	16305	740	4.3
CN0212200000000	02	122	Kenai Peninsula Borough, AK	2018	NA	26372	24384	1988	7.5
CN0213000000000	02	130	Ketchikan Gateway Borough, AK	2018	NA	6971	6556	415	6
CN0215000000000	02	150	Kodiak Island Borough, AK	2018	NA	6099	5744	355	5.8
CN0215800000000	02	158	Kusilvak Census Area, AK	2018	NA	2685	2160	525	19.6
CN0216400000000	02	164	Lake and Peninsula Borough, AK	2018	NA	741	660	81	10.9
CN0217000000000	02	170	Matanuska-Susitna Borough, AK	2018	NA	47728	44184	3544	7.4
CN0218000000000	02	180	Nome Census Area, AK	2018	NA	4082	3622	460	11.3
CN0218500000000	02	185	North Slope Borough, AK	2018	NA	3387	3157	230	6.8
CN0218800000000	02	188	Northwest Arctic Borough, AK	2018	NA	2916	2518	398	13.6
CN0219500000000	02	195	Petersburg Borough, AK	2018	NA	1379	1261	118	8.6
CN0219800000000	02	198	Prince of Wales-Hyder Census Area, AK	2018	NA	2872	2567	305	10.6
CN0222000000000	02	220	Sitka Borough/city, AK	2018	NA	4331	4152	179	4.1
CN0223000000000	02	230	Skagway Municipality, AK	2018	NA	830	752	78	9.4
CN0224000000000	02	240	Southeast Fairbanks Census Area, AK	2018	NA	2925	2647	278	9.5
CN0226100000000	02	261	Valdez-Cordova Census Area, AK	2018	NA	4828	4478	350	7.2
CN0227500000000	02	275	Wrangell Borough/city, AK	2018	NA	1033	962	71	6.9
CN0228200000000	02	282	Yakutat Borough/city, AK	2018	NA	246	226	20	8.1
CN0229000000000	02	290	Yukon-Koyukuk Census Area, AK	2018	NA	2536	2165	371	14.6
CN0400100000000	04	001	Apache County, AZ	2018	NA	20491	18485	2006	9.8
CN0400300000000	04	003	Cochise County, AZ	2018	NA	49482	46751	2731	5.5
CN0400500000000	04	005	Coconino County, AZ	2018	NA	76133	72001	4132	5.4
CN0400700000000	04	007	Gila County, AZ	2018	NA	21357	20133	1224	5.7
CN0400900000000	04	009	Graham County, AZ	2018	NA	14813	14071	742	5
CN0401100000000	04	011	Greenlee County, AZ	2018	NA	4263	4089	174	4.1
CN0401200000000	04	012	La Paz County, AZ	2018	NA	8896	8351	545	6.1
CN0401300000000	04	013	Maricopa County, AZ	2018	NA	2217163	2127021	90142	4.1
CN0401500000000	04	015	Mohave County, AZ	2018	NA	84938	80173	4765	5.6
CN0401700000000	04	017	Navajo County, AZ	2018	NA	40224	37173	3051	7.6
CN0401900000000	04	019	Pima County, AZ	2018	NA	484209	463057	21152	4.4
CN0402100000000	04	021	Pinal County, AZ	2018	NA	179801	170951	8850	4.9
CN0402300000000	04	023	Santa Cruz County, AZ	2018	NA	19252	17505	1747	9.1
CN0402500000000	04	025	Yavapai County, AZ	2018	NA	104598	100023	4575	4.4
CN0402700000000	04	027	Yuma County, AZ	2018	NA	96960	80735	16225	16.7
CN0500100000000	05	001	Arkansas County, AR	2018	NA	9079	8779	300	3.3
CN0500300000000	05	003	Ashley County, AR	2018	NA	7836	7425	411	5.2
CN0500500000000	05	005	Baxter County, AR	2018	NA	16398	15729	669	4.1
CN0500700000000	05	007	Benton County, AR	2018	NA	134760	130888	3872	2.9
CN0500900000000	05	009	Boone County, AR	2018	NA	15912	15361	551	3.5
CN0501100000000	05	011	Bradley County, AR	2018	NA	4486	4293	193	4.3
CN0501300000000	05	013	Calhoun County, AR	2018	NA	2445	2352	93	3.8
CN0501500000000	05	015	Carroll County, AR	2018	NA	12619	12217	402	3.2
CN0501700000000	05	017	Chicot County, AR	2018	NA	3359	3134	225	6.7
CN0501900000000	05	019	Clark County, AR	2018	NA	9700	9346	354	3.6
CN0502100000000	05	021	Clay County, AR	2018	NA	5806	5556	250	4.3
CN0502300000000	05	023	Cleburne County, AR	2018	NA	9129	8721	408	4.5
CN0502500000000	05	025	Cleveland County, AR	2018	NA	3268	3144	124	3.8
CN0502700000000	05	027	Columbia County, AR	2018	NA	9025	8603	422	4.7
CN0502900000000	05	029	Conway County, AR	2018	NA	8174	7821	353	4.3
CN0503100000000	05	031	Craighead County, AR	2018	NA	54562	52919	1643	3
CN0503300000000	05	033	Crawford County, AR	2018	NA	27004	26054	950	3.5
CN0503500000000	05	035	Crittenden County, AR	2018	NA	21204	20294	910	4.3
CN0503700000000	05	037	Cross County, AR	2018	NA	7453	7150	303	4.1
CN0503900000000	05	039	Dallas County, AR	2018	NA	2850	2730	120	4.2
CN0504100000000	05	041	Desha County, AR	2018	NA	5427	5186	241	4.4
CN0504300000000	05	043	Drew County, AR	2018	NA	7847	7468	379	4.8
CN0504500000000	05	045	Faulkner County, AR	2018	NA	62050	60058	1992	3.2
CN0504700000000	05	047	Franklin County, AR	2018	NA	7385	7125	260	3.5
CN0504900000000	05	049	Fulton County, AR	2018	NA	4823	4632	191	4
CN0505100000000	05	051	Garland County, AR	2018	NA	40826	39199	1627	4
CN0505300000000	05	053	Grant County, AR	2018	NA	8335	8079	256	3.1
CN0505500000000	05	055	Greene County, AR	2018	NA	19849	19165	684	3.4
CN0505700000000	05	057	Hempstead County, AR	2018	NA	9951	9607	344	3.5
CN0505900000000	05	059	Hot Spring County, AR	2018	NA	13967	13447	520	3.7
CN0506100000000	05	061	Howard County, AR	2018	NA	5907	5706	201	3.4
CN0506300000000	05	063	Independence County, AR	2018	NA	16301	15648	653	4
CN0506500000000	05	065	Izard County, AR	2018	NA	4874	4610	264	5.4
CN0506700000000	05	067	Jackson County, AR	2018	NA	5784	5437	347	6
CN0506900000000	05	069	Jefferson County, AR	2018	NA	28045	26595	1450	5.2
CN0507100000000	05	071	Johnson County, AR	2018	NA	10401	9932	469	4.5
CN0507300000000	05	073	Lafayette County, AR	2018	NA	2492	2365	127	5.1
CN0507500000000	05	075	Lawrence County, AR	2018	NA	6826	6562	264	3.9
CN0507700000000	05	077	Lee County, AR	2018	NA	2903	2765	138	4.8
CN0507900000000	05	079	Lincoln County, AR	2018	NA	4013	3843	170	4.2
CN0508100000000	05	081	Little River County, AR	2018	NA	5465	5182	283	5.2
CN0508300000000	05	083	Logan County, AR	2018	NA	8744	8397	347	4
CN0508500000000	05	085	Lonoke County, AR	2018	NA	34206	33131	1075	3.1
CN0508700000000	05	087	Madison County, AR	2018	NA	7351	7140	211	2.9
CN0508900000000	05	089	Marion County, AR	2018	NA	6497	6231	266	4.1
CN0509100000000	05	091	Miller County, AR	2018	NA	19535	18602	933	4.8
CN0509300000000	05	093	Mississippi County, AR	2018	NA	17358	16386	972	5.6
CN0509500000000	05	095	Monroe County, AR	2018	NA	2743	2629	114	4.2
CN0509700000000	05	097	Montgomery County, AR	2018	NA	3055	2912	143	4.7
CN0509900000000	05	099	Nevada County, AR	2018	NA	3649	3524	125	3.4
CN0510100000000	05	101	Newton County, AR	2018	NA	3305	3195	110	3.3
CN0510300000000	05	103	Ouachita County, AR	2018	NA	9767	9323	444	4.5
CN0510500000000	05	105	Perry County, AR	2018	NA	4248	4075	173	4.1
CN0510700000000	05	107	Phillips County, AR	2018	NA	6580	6185	395	6
CN0510900000000	05	109	Pike County, AR	2018	NA	4302	4129	173	4
CN0511100000000	05	111	Poinsett County, AR	2018	NA	10141	9756	385	3.8
CN0511300000000	05	113	Polk County, AR	2018	NA	8074	7745	329	4.1
CN0511500000000	05	115	Pope County, AR	2018	NA	29014	27739	1275	4.4
CN0511700000000	05	117	Prairie County, AR	2018	NA	3560	3424	136	3.8
CN0511900000000	05	119	Pulaski County, AR	2018	NA	188642	182165	6477	3.4
CN0512100000000	05	121	Randolph County, AR	2018	NA	7169	6886	283	3.9
CN0512300000000	05	123	St. Francis County, AR	2018	NA	8294	7876	418	5
CN0512500000000	05	125	Saline County, AR	2018	NA	58734	56950	1784	3
CN0512700000000	05	127	Scott County, AR	2018	NA	4393	4235	158	3.6
CN0512900000000	05	129	Searcy County, AR	2018	NA	2928	2802	126	4.3
CN0513100000000	05	131	Sebastian County, AR	2018	NA	56858	54852	2006	3.5
CN0513300000000	05	133	Sevier County, AR	2018	NA	5601	5347	254	4.5
CN0513500000000	05	135	Sharp County, AR	2018	NA	5788	5514	274	4.7
CN0513700000000	05	137	Stone County, AR	2018	NA	4793	4579	214	4.5
CN0513900000000	05	139	Union County, AR	2018	NA	15983	15113	870	5.4
CN0514100000000	05	141	Van Buren County, AR	2018	NA	5891	5583	308	5.2
CN0514300000000	05	143	Washington County, AR	2018	NA	122628	119442	3186	2.6
CN0514500000000	05	145	White County, AR	2018	NA	33643	32189	1454	4.3
CN0514700000000	05	147	Woodruff County, AR	2018	NA	2804	2673	131	4.7
CN0514900000000	05	149	Yell County, AR	2018	NA	8494	8142	352	4.1
CN0600100000000	06	001	Alameda County, CA	2018	NA	842427	816611	25816	3.1
CN0600300000000	06	003	Alpine County, CA	2018	NA	547	522	25	4.6
CN0600500000000	06	005	Amador County, CA	2018	NA	14686	14084	602	4.1
CN0600700000000	06	007	Butte County, CA	2018	NA	101932	96749	5183	5.1
CN0600900000000	06	009	Calaveras County, CA	2018	NA	21188	20329	859	4.1
CN0601100000000	06	011	Colusa County, CA	2018	NA	10861	9421	1440	13.3
CN0601300000000	06	013	Contra Costa County, CA	2018	NA	560913	542812	18101	3.2
CN0601500000000	06	015	Del Norte County, CA	2018	NA	9722	9163	559	5.7
CN0601700000000	06	017	El Dorado County, CA	2018	NA	91131	87804	3327	3.7
CN0601900000000	06	019	Fresno County, CA	2018	NA	446744	412795	33949	7.6
CN0602100000000	06	021	Glenn County, CA	2018	NA	12782	11938	844	6.6
CN0602300000000	06	023	Humboldt County, CA	2018	NA	62605	60329	2276	3.6
CN0602500000000	06	025	Imperial County, CA	2018	NA	71243	57811	13432	18.9
CN0602700000000	06	027	Inyo County, CA	2018	NA	8712	8371	341	3.9
CN0602900000000	06	029	Kern County, CA	2018	NA	386234	354890	31344	8.1
CN0603100000000	06	031	Kings County, CA	2018	NA	57568	53018	4550	7.9
CN0603300000000	06	033	Lake County, CA	2018	NA	29105	27558	1547	5.3
CN0603500000000	06	035	Lassen County, CA	2018	NA	9866	9388	478	4.8
CN0603700000000	06	037	Los Angeles County, CA	2018	NA	5095504	4860309	235195	4.6
CN0603900000000	06	039	Madera County, CA	2018	NA	61331	56955	4376	7.1
CN0604100000000	06	041	Marin County, CA	2018	NA	139858	136433	3425	2.4
CN0604300000000	06	043	Mariposa County, CA	2018	NA	7659	7248	411	5.4
CN0604500000000	06	045	Mendocino County, CA	2018	NA	39500	37913	1587	4
CN0604700000000	06	047	Merced County, CA	2018	NA	115380	105638	9742	8.4
CN0604900000000	06	049	Modoc County, CA	2018	NA	3159	2919	240	7.6
CN0605100000000	06	051	Mono County, CA	2018	NA	8435	8092	343	4.1
CN0605300000000	06	053	Monterey County, CA	2018	NA	222156	207917	14239	6.4
CN0605500000000	06	055	Napa County, CA	2018	NA	73861	71664	2197	3
CN0605700000000	06	057	Nevada County, CA	2018	NA	48618	46904	1714	3.5
CN0605900000000	06	059	Orange County, CA	2018	NA	1617879	1569753	48126	3
CN0606100000000	06	061	Placer County, CA	2018	NA	185830	179858	5972	3.2
CN0606300000000	06	063	Plumas County, CA	2018	NA	7823	7228	595	7.6
CN0606500000000	06	065	Riverside County, CA	2018	NA	1091375	1042673	48702	4.5
CN0606700000000	06	067	Sacramento County, CA	2018	NA	704967	677544	27423	3.9
CN0606900000000	06	069	San Benito County, CA	2018	NA	31236	29644	1592	5.1
CN0607100000000	06	071	San Bernardino County, CA	2018	NA	956083	916705	39378	4.1
CN0607300000000	06	073	San Diego County, CA	2018	NA	1581525	1528064	53461	3.4
CN0607500000000	06	075	San Francisco County/city, CA	2018	NA	569323	555609	13714	2.4
CN0607700000000	06	077	San Joaquin County, CA	2018	NA	324531	304620	19911	6.1
CN0607900000000	06	079	San Luis Obispo County, CA	2018	NA	140257	136020	4237	3
CN0608100000000	06	081	San Mateo County, CA	2018	NA	449479	439322	10157	2.3
CN0608300000000	06	083	Santa Barbara County, CA	2018	NA	215479	206909	8570	4
CN0608500000000	06	085	Santa Clara County, CA	2018	NA	1043641	1015929	27712	2.7
CN0608700000000	06	087	Santa Cruz County, CA	2018	NA	141429	134349	7080	5
CN0608900000000	06	089	Shasta County, CA	2018	NA	73978	70254	3724	5
CN0609100000000	06	091	Sierra County, CA	2018	NA	1279	1201	78	6.1
CN0609300000000	06	093	Siskiyou County, CA	2018	NA	17383	16205	1178	6.8
CN0609500000000	06	095	Solano County, CA	2018	NA	209280	200997	8283	4
CN0609700000000	06	097	Sonoma County, CA	2018	NA	260893	253626	7267	2.8
CN0609900000000	06	099	Stanislaus County, CA	2018	NA	243356	227524	15832	6.5
CN0610100000000	06	101	Sutter County, CA	2018	NA	44890	41449	3441	7.7
CN0610300000000	06	103	Tehama County, CA	2018	NA	25517	24046	1471	5.8
CN0610500000000	06	105	Trinity County, CA	2018	NA	4680	4410	270	5.8
CN0610700000000	06	107	Tulare County, CA	2018	NA	203267	183303	19964	9.8
CN0610900000000	06	109	Tuolumne County, CA	2018	NA	21212	20217	995	4.7
CN0611100000000	06	111	Ventura County, CA	2018	NA	423557	407278	16279	3.8
CN0611300000000	06	113	Yolo County, CA	2018	NA	107666	103019	4647	4.3
CN0611500000000	06	115	Yuba County, CA	2018	NA	29275	27381	1894	6.5
CN0800100000000	08	001	Adams County, CO	2018	NA	269228	260239	8989	3.3
CN0800300000000	08	003	Alamosa County, CO	2018	NA	8566	8232	334	3.9
CN0800500000000	08	005	Arapahoe County, CO	2018	NA	360142	349003	11139	3.1
CN0800700000000	08	007	Archuleta County, CO	2018	NA	6869	6640	229	3.3
CN0800900000000	08	009	Baca County, CO	2018	NA	2172	2133	39	1.8
CN0801100000000	08	011	Bent County, CO	2018	NA	1907	1847	60	3.1
CN0801300000000	08	013	Boulder County, CO	2018	NA	192810	187527	5283	2.7
CN0801400000000	08	014	Broomfield County/city, CO	2018	NA	39581	38465	1116	2.8
CN0801500000000	08	015	Chaffee County, CO	2018	NA	9620	9369	251	2.6
CN0801700000000	08	017	Cheyenne County, CO	2018	NA	1140	1120	20	1.8
CN0801900000000	08	019	Clear Creek County, CO	2018	NA	5977	5802	175	2.9
CN0802100000000	08	021	Conejos County, CO	2018	NA	4098	3930	168	4.1
CN0802300000000	08	023	Costilla County, CO	2018	NA	1841	1762	79	4.3
CN0802500000000	08	025	Crowley County, CO	2018	NA	1493	1430	63	4.2
CN0802700000000	08	027	Custer County, CO	2018	NA	2083	2009	74	3.6
CN0802900000000	08	029	Delta County, CO	2018	NA	14412	13852	560	3.9
CN0803100000000	08	031	Denver County/city, CO	2018	NA	411594	399026	12568	3.1
CN0803300000000	08	033	Dolores County, CO	2018	NA	1148	1116	32	2.8
CN0803500000000	08	035	Douglas County, CO	2018	NA	191729	186463	5266	2.7
CN0803700000000	08	037	Eagle County, CO	2018	NA	36137	35195	942	2.6
CN0803900000000	08	039	Elbert County, CO	2018	NA	15034	14628	406	2.7
CN0804100000000	08	041	El Paso County, CO	2018	NA	335225	322516	12709	3.8
CN0804300000000	08	043	Fremont County, CO	2018	NA	15054	14295	759	5
CN0804500000000	08	045	Garfield County, CO	2018	NA	32376	31380	996	3.1
CN0804700000000	08	047	Gilpin County, CO	2018	NA	3724	3633	91	2.4
CN0804900000000	08	049	Grand County, CO	2018	NA	9912	9656	256	2.6
CN0805100000000	08	051	Gunnison County, CO	2018	NA	11349	11076	273	2.4
CN0805300000000	08	053	Hinsdale County, CO	2018	NA	444	432	12	2.7
CN0805500000000	08	055	Huerfano County, CO	2018	NA	2584	2419	165	6.4
CN0805700000000	08	057	Jackson County, CO	2018	NA	989	963	26	2.6
CN0805900000000	08	059	Jefferson County, CO	2018	NA	330997	321346	9651	2.9
CN0806100000000	08	061	Kiowa County, CO	2018	NA	944	927	17	1.8
CN0806300000000	08	063	Kit Carson County, CO	2018	NA	4292	4207	85	2
CN0806500000000	08	065	Lake County, CO	2018	NA	4801	4678	123	2.6
CN0806700000000	08	067	La Plata County, CO	2018	NA	32278	31354	924	2.9
CN0806900000000	08	069	Larimer County, CO	2018	NA	201302	195848	5454	2.7
CN0807100000000	08	071	Las Animas County, CO	2018	NA	6553	6256	297	4.5
CN0807300000000	08	073	Lincoln County, CO	2018	NA	2460	2402	58	2.4
CN0807500000000	08	075	Logan County, CO	2018	NA	11216	10913	303	2.7
CN0807700000000	08	077	Mesa County, CO	2018	NA	75614	72652	2962	3.9
CN0807900000000	08	079	Mineral County, CO	2018	NA	511	498	13	2.5
CN0808100000000	08	081	Moffat County, CO	2018	NA	7435	7171	264	3.6
CN0808300000000	08	083	Montezuma County, CO	2018	NA	12982	12379	603	4.6
CN0808500000000	08	085	Montrose County, CO	2018	NA	21631	20861	770	3.6
CN0808700000000	08	087	Morgan County, CO	2018	NA	16352	15892	460	2.8
CN0808900000000	08	089	Otero County, CO	2018	NA	8401	7990	411	4.9
CN0809100000000	08	091	Ouray County, CO	2018	NA	2387	2307	80	3.4
CN0809300000000	08	093	Park County, CO	2018	NA	11031	10729	302	2.7
CN0809500000000	08	095	Phillips County, CO	2018	NA	2594	2546	48	1.9
CN0809700000000	08	097	Pitkin County, CO	2018	NA	11234	10821	413	3.7
CN0809900000000	08	099	Prowers County, CO	2018	NA	6288	6087	201	3.2
CN0810100000000	08	101	Pueblo County, CO	2018	NA	75547	72004	3543	4.7
CN0810300000000	08	103	Rio Blanco County, CO	2018	NA	2940	2820	120	4.1
CN0810500000000	08	105	Rio Grande County, CO	2018	NA	5425	5167	258	4.8
CN0810700000000	08	107	Routt County, CO	2018	NA	16238	15815	423	2.6
CN0810900000000	08	109	Saguache County, CO	2018	NA	3535	3374	161	4.6
CN0811100000000	08	111	San Juan County, CO	2018	NA	523	508	15	2.9
CN0811300000000	08	113	San Miguel County, CO	2018	NA	5563	5377	186	3.3
CN0811500000000	08	115	Sedgwick County, CO	2018	NA	1189	1159	30	2.5
CN0811700000000	08	117	Summit County, CO	2018	NA	22506	22030	476	2.1
CN0811900000000	08	119	Teller County, CO	2018	NA	12542	12096	446	3.6
CN0812100000000	08	121	Washington County, CO	2018	NA	3055	2982	73	2.4
CN0812300000000	08	123	Weld County, CO	2018	NA	165053	160252	4801	2.9
CN0812500000000	08	125	Yuma County, CO	2018	NA	6009	5893	116	1.9
CN0900100000000	09	001	Fairfield County, CT	2018	NA	479179	460045	19134	4
CN0900300000000	09	003	Hartford County, CT	2018	NA	478660	458138	20522	4.3
CN0900500000000	09	005	Litchfield County, CT	2018	NA	104604	100568	4036	3.9
CN0900700000000	09	007	Middlesex County, CT	2018	NA	92811	89517	3294	3.5
CN0900900000000	09	009	New Haven County, CT	2018	NA	458799	438485	20314	4.4
CN0901100000000	09	011	New London County, CT	2018	NA	136856	131394	5462	4
CN0901300000000	09	013	Tolland County, CT	2018	NA	86174	83055	3119	3.6
CN0901500000000	09	015	Windham County, CT	2018	NA	63584	60689	2895	4.6
CN1000100000000	10	001	Kent County, DE	2018	NA	78063	74802	3261	4.2
CN1000300000000	10	003	New Castle County, DE	2018	NA	297784	286811	10973	3.7
CN1000500000000	10	005	Sussex County, DE	2018	NA	105928	101930	3998	3.8
CN1100100000000	11	001	District of Columbia	2018	NA	404739	381703	23036	5.7
CN1200100000000	12	001	Alachua County, FL	2018	NA	137170	132623	4547	3.3
CN1200300000000	12	003	Baker County, FL	2018	NA	11631	11225	406	3.5
CN1200500000000	12	005	Bay County, FL	2018	NA	87904	84286	3618	4.1
CN1200700000000	12	007	Bradford County, FL	2018	NA	11132	10751	381	3.4
CN1200900000000	12	009	Brevard County, FL	2018	NA	276377	266476	9901	3.6
CN1201100000000	12	011	Broward County, FL	2018	NA	1031169	995853	35316	3.4
CN1201300000000	12	013	Calhoun County, FL	2018	NA	4938	4725	213	4.3
CN1201500000000	12	015	Charlotte County, FL	2018	NA	70712	67821	2891	4.1
CN1201700000000	12	017	Citrus County, FL	2018	NA	47451	44929	2522	5.3
CN1201900000000	12	019	Clay County, FL	2018	NA	105706	102156	3550	3.4
CN1202100000000	12	021	Collier County, FL	2018	NA	177521	171288	6233	3.5
CN1202300000000	12	023	Columbia County, FL	2018	NA	29385	28259	1126	3.8
CN1202700000000	12	027	DeSoto County, FL	2018	NA	13694	13145	549	4
CN1202900000000	12	029	Dixie County, FL	2018	NA	5772	5526	246	4.3
CN1203100000000	12	031	Duval County, FL	2018	NA	482972	465288	17684	3.7
CN1203300000000	12	033	Escambia County, FL	2018	NA	142919	137719	5200	3.6
CN1203500000000	12	035	Flagler County, FL	2018	NA	46602	44659	1943	4.2
CN1203700000000	12	037	Franklin County, FL	2018	NA	4720	4553	167	3.5
CN1203900000000	12	039	Gadsden County, FL	2018	NA	18356	17506	850	4.6
CN1204100000000	12	041	Gilchrist County, FL	2018	NA	7021	6753	268	3.8
CN1204300000000	12	043	Glades County, FL	2018	NA	5221	5012	209	4
CN1204500000000	12	045	Gulf County, FL	2018	NA	5991	5719	272	4.5
CN1204700000000	12	047	Hamilton County, FL	2018	NA	4366	4181	185	4.2
CN1204900000000	12	049	Hardee County, FL	2018	NA	8797	8332	465	5.3
CN1205100000000	12	051	Hendry County, FL	2018	NA	15609	14639	970	6.2
CN1205300000000	12	053	Hernando County, FL	2018	NA	70560	67306	3254	4.6
CN1205500000000	12	055	Highlands County, FL	2018	NA	36444	34647	1797	4.9
CN1205700000000	12	057	Hillsborough County, FL	2018	NA	735639	710221	25418	3.5
CN1205900000000	12	059	Holmes County, FL	2018	NA	6877	6601	276	4
CN1206100000000	12	061	Indian River County, FL	2018	NA	64872	62028	2844	4.4
CN1206300000000	12	063	Jackson County, FL	2018	NA	17221	16520	701	4.1
CN1206500000000	12	065	Jefferson County, FL	2018	NA	5564	5351	213	3.8
CN1206700000000	12	067	Lafayette County, FL	2018	NA	2825	2728	97	3.4
CN1206900000000	12	069	Lake County, FL	2018	NA	155380	149768	5612	3.6
CN1207100000000	12	071	Lee County, FL	2018	NA	340936	329035	11901	3.5
CN1207300000000	12	073	Leon County, FL	2018	NA	153740	148467	5273	3.4
CN1207500000000	12	075	Levy County, FL	2018	NA	16794	16132	662	3.9
CN1207700000000	12	077	Liberty County, FL	2018	NA	2611	2507	104	4
CN1207900000000	12	079	Madison County, FL	2018	NA	7283	6994	289	4
CN1208100000000	12	081	Manatee County, FL	2018	NA	177851	171675	6176	3.5
CN1208300000000	12	083	Marion County, FL	2018	NA	135616	129674	5942	4.4
CN1208500000000	12	085	Martin County, FL	2018	NA	72776	70156	2620	3.6
CN1208600000000	12	086	Miami-Dade County, FL	2018	NA	1362691	1315474	47217	3.5
CN1208700000000	12	087	Monroe County, FL	2018	NA	45069	43899	1170	2.6
CN1208900000000	12	089	Nassau County, FL	2018	NA	40458	39138	1320	3.3
CN1209100000000	12	091	Okaloosa County, FL	2018	NA	95157	92257	2900	3
CN1209300000000	12	093	Okeechobee County, FL	2018	NA	17692	17027	665	3.8
CN1209500000000	12	095	Orange County, FL	2018	NA	745550	721134	24416	3.3
CN1209700000000	12	097	Osceola County, FL	2018	NA	180406	173698	6708	3.7
CN1209900000000	12	099	Palm Beach County, FL	2018	NA	726179	699716	26463	3.6
CN1210100000000	12	101	Pasco County, FL	2018	NA	233273	224130	9143	3.9
CN1210300000000	12	103	Pinellas County, FL	2018	NA	484489	468188	16301	3.4
CN1210500000000	12	105	Polk County, FL	2018	NA	298486	285973	12513	4.2
CN1210700000000	12	107	Putnam County, FL	2018	NA	26723	25403	1320	4.9
CN1210900000000	12	109	St. Johns County, FL	2018	NA	130005	126180	3825	2.9
CN1211100000000	12	111	St. Lucie County, FL	2018	NA	142566	136183	6383	4.5
CN1211300000000	12	113	Santa Rosa County, FL	2018	NA	81240	78497	2743	3.4
CN1211500000000	12	115	Sarasota County, FL	2018	NA	186958	180505	6453	3.5
CN1211700000000	12	117	Seminole County, FL	2018	NA	249896	241721	8175	3.3
CN1211900000000	12	119	Sumter County, FL	2018	NA	31285	29649	1636	5.2
CN1212100000000	12	121	Suwannee County, FL	2018	NA	18150	17469	681	3.8
CN1212300000000	12	123	Taylor County, FL	2018	NA	8649	8314	335	3.9
CN1212500000000	12	125	Union County, FL	2018	NA	4608	4457	151	3.3
CN1212700000000	12	127	Volusia County, FL	2018	NA	252444	242811	9633	3.8
CN1212900000000	12	129	Wakulla County, FL	2018	NA	14724	14254	470	3.2
CN1213100000000	12	131	Walton County, FL	2018	NA	30972	29984	988	3.2
CN1213300000000	12	133	Washington County, FL	2018	NA	9746	9363	383	3.9
CN1300100000000	13	001	Appling County, GA	2018	NA	9003	8616	387	4.3
CN1300300000000	13	003	Atkinson County, GA	2018	NA	4334	4182	152	3.5
CN1300500000000	13	005	Bacon County, GA	2018	NA	5007	4818	189	3.8
CN1300700000000	13	007	Baker County, GA	2018	NA	1157	1096	61	5.3
CN1300900000000	13	009	Baldwin County, GA	2018	NA	17583	16715	868	4.9
CN1301100000000	13	011	Banks County, GA	2018	NA	9492	9194	298	3.1
CN1301300000000	13	013	Barrow County, GA	2018	NA	39906	38596	1310	3.3
CN1301500000000	13	015	Bartow County, GA	2018	NA	49962	48075	1887	3.8
CN1301700000000	13	017	Ben Hill County, GA	2018	NA	5453	5133	320	5.9
CN1301900000000	13	019	Berrien County, GA	2018	NA	7431	7122	309	4.2
CN1302100000000	13	021	Bibb County, GA	2018	NA	68732	65631	3101	4.5
CN1302300000000	13	023	Bleckley County, GA	2018	NA	4587	4323	264	5.8
CN1302500000000	13	025	Brantley County, GA	2018	NA	7329	7002	327	4.5
CN1302700000000	13	027	Brooks County, GA	2018	NA	6929	6656	273	3.9
CN1302900000000	13	029	Bryan County, GA	2018	NA	18232	17618	614	3.4
CN1303100000000	13	031	Bulloch County, GA	2018	NA	36878	35309	1569	4.3
CN1303300000000	13	033	Burke County, GA	2018	NA	9215	8656	559	6.1
CN1303500000000	13	035	Butts County, GA	2018	NA	10636	10204	432	4.1
CN1303700000000	13	037	Calhoun County, GA	2018	NA	2233	2139	94	4.2
CN1303900000000	13	039	Camden County, GA	2018	NA	20799	19929	870	4.2
CN1304300000000	13	043	Candler County, GA	2018	NA	5320	5139	181	3.4
CN1304500000000	13	045	Carroll County, GA	2018	NA	54655	52470	2185	4
CN1304700000000	13	047	Catoosa County, GA	2018	NA	33304	32173	1131	3.4
CN1304900000000	13	049	Charlton County, GA	2018	NA	4782	4576	206	4.3
CN1305100000000	13	051	Chatham County, GA	2018	NA	139311	134128	5183	3.7
CN1305300000000	13	053	Chattahoochee County, GA	2018	NA	2024	1913	111	5.5
CN1305500000000	13	055	Chattooga County, GA	2018	NA	10441	10016	425	4.1
CN1305700000000	13	057	Cherokee County, GA	2018	NA	134188	130011	4177	3.1
CN1305900000000	13	059	Clarke County, GA	2018	NA	60536	58133	2403	4
CN1306100000000	13	061	Clay County, GA	2018	NA	844	781	63	7.5
CN1306300000000	13	063	Clayton County, GA	2018	NA	136452	129776	6676	4.9
CN1306500000000	13	065	Clinch County, GA	2018	NA	2747	2623	124	4.5
CN1306700000000	13	067	Cobb County, GA	2018	NA	420300	405949	14351	3.4
CN1306900000000	13	069	Coffee County, GA	2018	NA	18725	17886	839	4.5
CN1307100000000	13	071	Colquitt County, GA	2018	NA	21425	20623	802	3.7
CN1307300000000	13	073	Columbia County, GA	2018	NA	75301	72695	2606	3.5
CN1307500000000	13	075	Cook County, GA	2018	NA	7807	7513	294	3.8
CN1307700000000	13	077	Coweta County, GA	2018	NA	73745	71217	2528	3.4
CN1307900000000	13	079	Crawford County, GA	2018	NA	5664	5429	235	4.1
CN1308100000000	13	081	Crisp County, GA	2018	NA	9349	8898	451	4.8
CN1308300000000	13	083	Dade County, GA	2018	NA	8174	7876	298	3.6
CN1308500000000	13	085	Dawson County, GA	2018	NA	12194	11789	405	3.3
CN1308700000000	13	087	Decatur County, GA	2018	NA	11434	10902	532	4.7
CN1308900000000	13	089	DeKalb County, GA	2018	NA	395355	379404	15951	4
CN1309100000000	13	091	Dodge County, GA	2018	NA	7126	6758	368	5.2
CN1309300000000	13	093	Dooly County, GA	2018	NA	5095	4858	237	4.7
CN1309500000000	13	095	Dougherty County, GA	2018	NA	38394	36337	2057	5.4
CN1309700000000	13	097	Douglas County, GA	2018	NA	72492	69493	2999	4.1
CN1309900000000	13	099	Early County, GA	2018	NA	4510	4303	207	4.6
CN1310100000000	13	101	Echols County, GA	2018	NA	1908	1847	61	3.2
CN1310300000000	13	103	Effingham County, GA	2018	NA	30787	29785	1002	3.3
CN1310500000000	13	105	Elbert County, GA	2018	NA	7790	7417	373	4.8
CN1310700000000	13	107	Emanuel County, GA	2018	NA	8284	7795	489	5.9
CN1310900000000	13	109	Evans County, GA	2018	NA	4881	4701	180	3.7
CN1311100000000	13	111	Fannin County, GA	2018	NA	11230	10786	444	4
CN1311300000000	13	113	Fayette County, GA	2018	NA	57325	55327	1998	3.5
CN1311500000000	13	115	Floyd County, GA	2018	NA	44146	42261	1885	4.3
CN1311700000000	13	117	Forsyth County, GA	2018	NA	120607	116807	3800	3.2
CN1311900000000	13	119	Franklin County, GA	2018	NA	9973	9592	381	3.8
CN1312100000000	13	121	Fulton County, GA	2018	NA	551054	528836	22218	4
CN1312300000000	13	123	Gilmer County, GA	2018	NA	11927	11428	499	4.2
CN1312500000000	13	125	Glascock County, GA	2018	NA	1281	1228	53	4.1
CN1312700000000	13	127	Glynn County, GA	2018	NA	39741	38277	1464	3.7
CN1312900000000	13	129	Gordon County, GA	2018	NA	27362	26310	1052	3.8
CN1313100000000	13	131	Grady County, GA	2018	NA	10591	10184	407	3.8
CN1313300000000	13	133	Greene County, GA	2018	NA	7001	6703	298	4.3
CN1313500000000	13	135	Gwinnett County, GA	2018	NA	484335	467318	17017	3.5
CN1313700000000	13	137	Habersham County, GA	2018	NA	19318	18598	720	3.7
CN1313900000000	13	139	Hall County, GA	2018	NA	101542	98304	3238	3.2
CN1314100000000	13	141	Hancock County, GA	2018	NA	2455	2309	146	5.9
CN1314300000000	13	143	Haralson County, GA	2018	NA	12428	11950	478	3.8
CN1314500000000	13	145	Harris County, GA	2018	NA	16785	16216	569	3.4
CN1314700000000	13	147	Hart County, GA	2018	NA	11661	11238	423	3.6
CN1314900000000	13	149	Heard County, GA	2018	NA	5191	4990	201	3.9
CN1315100000000	13	151	Henry County, GA	2018	NA	114216	109509	4707	4.1
CN1315300000000	13	153	Houston County, GA	2018	NA	69830	67030	2800	4
CN1315500000000	13	155	Irwin County, GA	2018	NA	3304	3118	186	5.6
CN1315700000000	13	157	Jackson County, GA	2018	NA	36179	35069	1110	3.1
CN1315900000000	13	159	Jasper County, GA	2018	NA	6858	6618	240	3.5
CN1316100000000	13	161	Jeff Davis County, GA	2018	NA	6047	5754	293	4.8
CN1316300000000	13	163	Jefferson County, GA	2018	NA	6674	6321	353	5.3
CN1316500000000	13	165	Jenkins County, GA	2018	NA	3164	2995	169	5.3
CN1316700000000	13	167	Johnson County, GA	2018	NA	4076	3916	160	3.9
CN1316900000000	13	169	Jones County, GA	2018	NA	13836	13333	503	3.6
CN1317100000000	13	171	Lamar County, GA	2018	NA	8168	7791	377	4.6
CN1317300000000	13	173	Lanier County, GA	2018	NA	3771	3603	168	4.5
CN1317500000000	13	175	Laurens County, GA	2018	NA	19344	18417	927	4.8
CN1317700000000	13	177	Lee County, GA	2018	NA	14725	14200	525	3.6
CN1317900000000	13	179	Liberty County, GA	2018	NA	25717	24622	1095	4.3
CN1318100000000	13	181	Lincoln County, GA	2018	NA	3579	3404	175	4.9
CN1318300000000	13	183	Long County, GA	2018	NA	8006	7690	316	3.9
CN1318500000000	13	185	Lowndes County, GA	2018	NA	51501	49411	2090	4.1
CN1318700000000	13	187	Lumpkin County, GA	2018	NA	16628	16037	591	3.6
CN1318900000000	13	189	McDuffie County, GA	2018	NA	8873	8379	494	5.6
CN1319100000000	13	191	McIntosh County, GA	2018	NA	6220	5973	247	4
CN1319300000000	13	193	Macon County, GA	2018	NA	4673	4384	289	6.2
CN1319500000000	13	195	Madison County, GA	2018	NA	13610	13131	479	3.5
CN1319700000000	13	197	Marion County, GA	2018	NA	3353	3180	173	5.2
CN1319900000000	13	199	Meriwether County, GA	2018	NA	8817	8376	441	5
CN1320100000000	13	201	Miller County, GA	2018	NA	2755	2654	101	3.7
CN1320500000000	13	205	Mitchell County, GA	2018	NA	8324	7876	448	5.4
CN1320700000000	13	207	Monroe County, GA	2018	NA	13121	12644	477	3.6
CN1320900000000	13	209	Montgomery County, GA	2018	NA	3837	3617	220	5.7
CN1321100000000	13	211	Morgan County, GA	2018	NA	9142	8816	326	3.6
CN1321300000000	13	213	Murray County, GA	2018	NA	15904	15064	840	5.3
CN1321500000000	13	215	Muscogee County, GA	2018	NA	78351	74367	3984	5.1
CN1321700000000	13	217	Newton County, GA	2018	NA	51666	49358	2308	4.5
CN1321900000000	13	219	Oconee County, GA	2018	NA	19976	19387	589	2.9
CN1322100000000	13	221	Oglethorpe County, GA	2018	NA	7086	6825	261	3.7
CN1322300000000	13	223	Paulding County, GA	2018	NA	84923	82010	2913	3.4
CN1322500000000	13	225	Peach County, GA	2018	NA	11793	11184	609	5.2
CN1322700000000	13	227	Pickens County, GA	2018	NA	15108	14574	534	3.5
CN1322900000000	13	229	Pierce County, GA	2018	NA	8675	8348	327	3.8
CN1323100000000	13	231	Pike County, GA	2018	NA	8811	8495	316	3.6
CN1323300000000	13	233	Polk County, GA	2018	NA	18444	17671	773	4.2
CN1323500000000	13	235	Pulaski County, GA	2018	NA	4017	3842	175	4.4
CN1323700000000	13	237	Putnam County, GA	2018	NA	8211	7804	407	5
CN1323900000000	13	239	Quitman County, GA	2018	NA	821	775	46	5.6
CN1324100000000	13	241	Rabun County, GA	2018	NA	7080	6798	282	4
CN1324300000000	13	243	Randolph County, GA	2018	NA	2468	2331	137	5.6
CN1324500000000	13	245	Richmond County, GA	2018	NA	85448	81021	4427	5.2
CN1324700000000	13	247	Rockdale County, GA	2018	NA	44312	42360	1952	4.4
CN1324900000000	13	249	Schley County, GA	2018	NA	2183	2083	100	4.6
CN1325100000000	13	251	Screven County, GA	2018	NA	5255	4972	283	5.4
CN1325300000000	13	253	Seminole County, GA	2018	NA	3026	2865	161	5.3
CN1325500000000	13	255	Spalding County, GA	2018	NA	28417	27079	1338	4.7
CN1325700000000	13	257	Stephens County, GA	2018	NA	10892	10395	497	4.6
CN1325900000000	13	259	Stewart County, GA	2018	NA	2353	2240	113	4.8
CN1326100000000	13	261	Sumter County, GA	2018	NA	12629	11880	749	5.9
CN1326300000000	13	263	Talbot County, GA	2018	NA	2817	2676	141	5
CN1326500000000	13	265	Taliaferro County, GA	2018	NA	565	535	30	5.3
CN1326700000000	13	267	Tattnall County, GA	2018	NA	9630	9226	404	4.2
CN1326900000000	13	269	Taylor County, GA	2018	NA	2768	2589	179	6.5
CN1327100000000	13	271	Telfair County, GA	2018	NA	4333	4043	290	6.7
CN1327300000000	13	273	Terrell County, GA	2018	NA	3553	3316	237	6.7
CN1327500000000	13	275	Thomas County, GA	2018	NA	16783	15999	784	4.7
CN1327700000000	13	277	Tift County, GA	2018	NA	19241	18474	767	4
CN1327900000000	13	279	Toombs County, GA	2018	NA	11799	11115	684	5.8
CN1328100000000	13	281	Towns County, GA	2018	NA	3890	3672	218	5.6
CN1328300000000	13	283	Treutlen County, GA	2018	NA	2692	2536	156	5.8
CN1328500000000	13	285	Troup County, GA	2018	NA	36464	35125	1339	3.7
CN1328700000000	13	287	Turner County, GA	2018	NA	3156	2997	159	5
CN1328900000000	13	289	Twiggs County, GA	2018	NA	2906	2735	171	5.9
CN1329100000000	13	291	Union County, GA	2018	NA	10272	9896	376	3.7
CN1329300000000	13	293	Upson County, GA	2018	NA	11308	10813	495	4.4
CN1329500000000	13	295	Walker County, GA	2018	NA	31113	29917	1196	3.8
CN1329700000000	13	297	Walton County, GA	2018	NA	45479	43862	1617	3.6
CN1329900000000	13	299	Ware County, GA	2018	NA	15489	14883	606	3.9
CN1330100000000	13	301	Warren County, GA	2018	NA	2738	2603	135	4.9
CN1330300000000	13	303	Washington County, GA	2018	NA	7107	6752	355	5
CN1330500000000	13	305	Wayne County, GA	2018	NA	11334	10807	527	4.6
CN1330700000000	13	307	Webster County, GA	2018	NA	993	931	62	6.2
CN1330900000000	13	309	Wheeler County, GA	2018	NA	1657	1536	121	7.3
CN1331100000000	13	311	White County, GA	2018	NA	16072	15585	487	3
CN1331300000000	13	313	Whitfield County, GA	2018	NA	44754	42628	2126	4.8
CN1331500000000	13	315	Wilcox County, GA	2018	NA	2665	2526	139	5.2
CN1331700000000	13	317	Wilkes County, GA	2018	NA	3802	3626	176	4.6
CN1331900000000	13	319	Wilkinson County, GA	2018	NA	3822	3653	169	4.4
CN1332100000000	13	321	Worth County, GA	2018	NA	8898	8503	395	4.4
CN1500100000000	15	001	Hawaii County, HI	2018	NA	92451	89660	2791	3
CN1500300000000	15	003	Honolulu County/city, HI	2018	NA	458052	446999	11053	2.4
CN1500700000000	15	007	Kauai County, HI	2018	NA	36599	35672	927	2.5
CN1500900000000	15	009	Maui County, HI	2018	NA	88083	85925	2158	2.4
CN1600100000000	16	001	Ada County, ID	2018	NA	244766	238575	6191	2.5
CN1600300000000	16	003	Adams County, ID	2018	NA	1719	1624	95	5.5
CN1600500000000	16	005	Bannock County, ID	2018	NA	41733	40564	1169	2.8
CN1600700000000	16	007	Bear Lake County, ID	2018	NA	2856	2773	83	2.9
CN1600900000000	16	009	Benewah County, ID	2018	NA	4018	3831	187	4.7
CN1601100000000	16	011	Bingham County, ID	2018	NA	23303	22657	646	2.8
CN1601300000000	16	013	Blaine County, ID	2018	NA	12336	12036	300	2.4
CN1601500000000	16	015	Boise County, ID	2018	NA	3388	3243	145	4.3
CN1601700000000	16	017	Bonner County, ID	2018	NA	19675	18851	824	4.2
CN1601900000000	16	019	Bonneville County, ID	2018	NA	55200	53842	1358	2.5
CN1602100000000	16	021	Boundary County, ID	2018	NA	5265	5028	237	4.5
CN1602300000000	16	023	Butte County, ID	2018	NA	1363	1318	45	3.3
CN1602500000000	16	025	Camas County, ID	2018	NA	688	672	16	2.3
CN1602700000000	16	027	Canyon County, ID	2018	NA	100631	97447	3184	3.2
CN1602900000000	16	029	Caribou County, ID	2018	NA	3871	3761	110	2.8
CN1603100000000	16	031	Cassia County, ID	2018	NA	11783	11516	267	2.3
CN1603300000000	16	033	Clark County, ID	2018	NA	381	370	11	2.9
CN1603500000000	16	035	Clearwater County, ID	2018	NA	2916	2714	202	6.9
CN1603700000000	16	037	Custer County, ID	2018	NA	2186	2095	91	4.2
CN1603900000000	16	039	Elmore County, ID	2018	NA	11402	11022	380	3.3
CN1604100000000	16	041	Franklin County, ID	2018	NA	6871	6720	151	2.2
CN1604300000000	16	043	Fremont County, ID	2018	NA	7776	7584	192	2.5
CN1604500000000	16	045	Gem County, ID	2018	NA	8054	7769	285	3.5
CN1604700000000	16	047	Gooding County, ID	2018	NA	8096	7898	198	2.4
CN1604900000000	16	049	Idaho County, ID	2018	NA	6433	6128	305	4.7
CN1605100000000	16	051	Jefferson County, ID	2018	NA	13611	13297	314	2.3
CN1605300000000	16	053	Jerome County, ID	2018	NA	11977	11667	310	2.6
CN1605500000000	16	055	Kootenai County, ID	2018	NA	77763	74997	2766	3.6
CN1605700000000	16	057	Latah County, ID	2018	NA	20185	19674	511	2.5
CN1605900000000	16	059	Lemhi County, ID	2018	NA	3508	3349	159	4.5
CN1606100000000	16	061	Lewis County, ID	2018	NA	1620	1528	92	5.7
CN1606300000000	16	063	Lincoln County, ID	2018	NA	2705	2611	94	3.5
CN1606500000000	16	065	Madison County, ID	2018	NA	21641	21262	379	1.8
CN1606700000000	16	067	Minidoka County, ID	2018	NA	11033	10752	281	2.5
CN1606900000000	16	069	Nez Perce County, ID	2018	NA	20961	20373	588	2.8
CN1607100000000	16	071	Oneida County, ID	2018	NA	2331	2279	52	2.2
CN1607300000000	16	073	Owyhee County, ID	2018	NA	5411	5212	199	3.7
CN1607500000000	16	075	Payette County, ID	2018	NA	11553	11130	423	3.7
CN1607700000000	16	077	Power County, ID	2018	NA	4080	3959	121	3
CN1607900000000	16	079	Shoshone County, ID	2018	NA	5073	4776	297	5.9
CN1608100000000	16	081	Teton County, ID	2018	NA	6412	6264	148	2.3
CN1608300000000	16	083	Twin Falls County, ID	2018	NA	40660	39542	1118	2.7
CN1608500000000	16	085	Valley County, ID	2018	NA	5349	5144	205	3.8
CN1608700000000	16	087	Washington County, ID	2018	NA	4628	4434	194	4.2
CN1700100000000	17	001	Adams County, IL	2018	NA	32935	31689	1246	3.8
CN1700300000000	17	003	Alexander County, IL	2018	NA	2070	1904	166	8
CN1700500000000	17	005	Bond County, IL	2018	NA	7809	7474	335	4.3
CN1700700000000	17	007	Boone County, IL	2018	NA	26624	25129	1495	5.6
CN1700900000000	17	009	Brown County, IL	2018	NA	2886	2812	74	2.6
CN1701100000000	17	011	Bureau County, IL	2018	NA	17510	16659	851	4.9
CN1701300000000	17	013	Calhoun County, IL	2018	NA	2332	2210	122	5.2
CN1701500000000	17	015	Carroll County, IL	2018	NA	7484	7157	327	4.4
CN1701700000000	17	017	Cass County, IL	2018	NA	6138	5867	271	4.4
CN1701900000000	17	019	Champaign County, IL	2018	NA	108065	103473	4592	4.2
CN1702100000000	17	021	Christian County, IL	2018	NA	14822	14060	762	5.1
CN1702300000000	17	023	Clark County, IL	2018	NA	7804	7409	395	5.1
CN1702500000000	17	025	Clay County, IL	2018	NA	6687	6343	344	5.1
CN1702700000000	17	027	Clinton County, IL	2018	NA	20465	19750	715	3.5
CN1702900000000	17	029	Coles County, IL	2018	NA	24227	23106	1121	4.6
CN1703100000000	17	031	Cook County, IL	2018	NA	2602134	2494216	107918	4.1
CN1703300000000	17	033	Crawford County, IL	2018	NA	8728	8271	457	5.2
CN1703500000000	17	035	Cumberland County, IL	2018	NA	6106	5867	239	3.9
CN1703700000000	17	037	DeKalb County, IL	2018	NA	55294	52902	2392	4.3
CN1703900000000	17	039	De Witt County, IL	2018	NA	7575	7200	375	5
CN1704100000000	17	041	Douglas County, IL	2018	NA	10305	9895	410	4
CN1704300000000	17	043	DuPage County, IL	2018	NA	508812	492484	16328	3.2
CN1704500000000	17	045	Edgar County, IL	2018	NA	9289	8866	423	4.6
CN1704700000000	17	047	Edwards County, IL	2018	NA	2782	2660	122	4.4
CN1704900000000	17	049	Effingham County, IL	2018	NA	19207	18505	702	3.7
CN1705100000000	17	051	Fayette County, IL	2018	NA	9811	9308	503	5.1
CN1705300000000	17	053	Ford County, IL	2018	NA	6441	6142	299	4.6
CN1705500000000	17	055	Franklin County, IL	2018	NA	16908	15884	1024	6.1
CN1705700000000	17	057	Fulton County, IL	2018	NA	15283	14355	928	6.1
CN1705900000000	17	059	Gallatin County, IL	2018	NA	2444	2307	137	5.6
CN1706100000000	17	061	Greene County, IL	2018	NA	6019	5732	287	4.8
CN1706300000000	17	063	Grundy County, IL	2018	NA	25504	24284	1220	4.8
CN1706500000000	17	065	Hamilton County, IL	2018	NA	4482	4288	194	4.3
CN1706700000000	17	067	Hancock County, IL	2018	NA	8505	8115	390	4.6
CN1706900000000	17	069	Hardin County, IL	2018	NA	1335	1234	101	7.6
CN1707100000000	17	071	Henderson County, IL	2018	NA	3664	3486	178	4.9
CN1707300000000	17	073	Henry County, IL	2018	NA	25120	23886	1234	4.9
CN1707500000000	17	075	Iroquois County, IL	2018	NA	14485	13855	630	4.3
CN1707700000000	17	077	Jackson County, IL	2018	NA	28082	26831	1251	4.5
CN1707900000000	17	079	Jasper County, IL	2018	NA	4617	4391	226	4.9
CN1708100000000	17	081	Jefferson County, IL	2018	NA	17781	16863	918	5.2
CN1708300000000	17	083	Jersey County, IL	2018	NA	10998	10474	524	4.8
CN1708500000000	17	085	Jo Daviess County, IL	2018	NA	11056	10585	471	4.3
CN1708700000000	17	087	Johnson County, IL	2018	NA	4120	3814	306	7.4
CN1708900000000	17	089	Kane County, IL	2018	NA	274172	260970	13202	4.8
CN1709100000000	17	091	Kankakee County, IL	2018	NA	55566	52565	3001	5.4
CN1709300000000	17	093	Kendall County, IL	2018	NA	68692	66235	2457	3.6
CN1709500000000	17	095	Knox County, IL	2018	NA	22181	21029	1152	5.2
CN1709700000000	17	097	Lake County, IL	2018	NA	377827	361032	16795	4.4
CN1709900000000	17	099	LaSalle County, IL	2018	NA	56128	52942	3186	5.7
CN1710100000000	17	101	Lawrence County, IL	2018	NA	5999	5658	341	5.7
CN1710300000000	17	103	Lee County, IL	2018	NA	17937	17164	773	4.3
CN1710500000000	17	105	Livingston County, IL	2018	NA	16675	15963	712	4.3
CN1710700000000	17	107	Logan County, IL	2018	NA	12927	12336	591	4.6
CN1710900000000	17	109	McDonough County, IL	2018	NA	13383	12731	652	4.9
CN1711100000000	17	111	McHenry County, IL	2018	NA	165900	159952	5948	3.6
CN1711300000000	17	113	McLean County, IL	2018	NA	89103	85473	3630	4.1
CN1711500000000	17	115	Macon County, IL	2018	NA	49954	47223	2731	5.5
CN1711700000000	17	117	Macoupin County, IL	2018	NA	23079	21966	1113	4.8
CN1711900000000	17	119	Madison County, IL	2018	NA	134541	128575	5966	4.4
CN1712100000000	17	121	Marion County, IL	2018	NA	17872	17014	858	4.8
CN1712300000000	17	123	Marshall County, IL	2018	NA	5437	5157	280	5.1
CN1712500000000	17	125	Mason County, IL	2018	NA	6318	5949	369	5.8
CN1712700000000	17	127	Massac County, IL	2018	NA	5722	5330	392	6.9
CN1712900000000	17	129	Menard County, IL	2018	NA	6599	6336	263	4
CN1713100000000	17	131	Mercer County, IL	2018	NA	8142	7724	418	5.1
CN1713300000000	17	133	Monroe County, IL	2018	NA	18788	18153	635	3.4
CN1713500000000	17	135	Montgomery County, IL	2018	NA	11925	11235	690	5.8
CN1713700000000	17	137	Morgan County, IL	2018	NA	16411	15698	713	4.3
CN1713900000000	17	139	Moultrie County, IL	2018	NA	7524	7241	283	3.8
CN1714100000000	17	141	Ogle County, IL	2018	NA	25482	24237	1245	4.9
CN1714300000000	17	143	Peoria County, IL	2018	NA	86510	81781	4729	5.5
CN1714500000000	17	145	Perry County, IL	2018	NA	8460	7967	493	5.8
CN1714700000000	17	147	Piatt County, IL	2018	NA	8566	8211	355	4.1
CN1714900000000	17	149	Pike County, IL	2018	NA	7223	6883	340	4.7
CN1715100000000	17	151	Pope County, IL	2018	NA	1759	1657	102	5.8
CN1715300000000	17	153	Pulaski County, IL	2018	NA	2073	1910	163	7.9
CN1715500000000	17	155	Putnam County, IL	2018	NA	3043	2885	158	5.2
CN1715700000000	17	157	Randolph County, IL	2018	NA	14212	13598	614	4.3
CN1715900000000	17	159	Richland County, IL	2018	NA	7510	7168	342	4.6
CN1716100000000	17	161	Rock Island County, IL	2018	NA	71634	67966	3668	5.1
CN1716300000000	17	163	St. Clair County, IL	2018	NA	126913	120630	6283	5
CN1716500000000	17	165	Saline County, IL	2018	NA	9865	9238	627	6.4
CN1716700000000	17	167	Sangamon County, IL	2018	NA	102571	98154	4417	4.3
CN1716900000000	17	169	Schuyler County, IL	2018	NA	3341	3196	145	4.3
CN1717100000000	17	171	Scott County, IL	2018	NA	2487	2359	128	5.1
CN1717300000000	17	173	Shelby County, IL	2018	NA	10744	10292	452	4.2
CN1717500000000	17	175	Stark County, IL	2018	NA	2591	2432	159	6.1
CN1717700000000	17	177	Stephenson County, IL	2018	NA	22192	21173	1019	4.6
CN1717900000000	17	179	Tazewell County, IL	2018	NA	64991	61874	3117	4.8
CN1718100000000	17	181	Union County, IL	2018	NA	7456	6985	471	6.3
CN1718300000000	17	183	Vermilion County, IL	2018	NA	33569	31551	2018	6
CN1718500000000	17	185	Wabash County, IL	2018	NA	5796	5533	263	4.5
CN1718700000000	17	187	Warren County, IL	2018	NA	8718	8360	358	4.1
CN1718900000000	17	189	Washington County, IL	2018	NA	9879	9593	286	2.9
CN1719100000000	17	191	Wayne County, IL	2018	NA	6915	6538	377	5.5
CN1719300000000	17	193	White County, IL	2018	NA	6724	6445	279	4.1
CN1719500000000	17	195	Whiteside County, IL	2018	NA	28620	27349	1271	4.4
CN1719700000000	17	197	Will County, IL	2018	NA	357854	343007	14847	4.1
CN1719900000000	17	199	Williamson County, IL	2018	NA	32154	30551	1603	5
CN1720100000000	17	201	Winnebago County, IL	2018	NA	141472	133567	7905	5.6
CN1720300000000	17	203	Woodford County, IL	2018	NA	19093	18326	767	4
CN1800100000000	18	001	Adams County, IN	2018	NA	17489	17026	463	2.6
CN1800300000000	18	003	Allen County, IN	2018	NA	184636	178696	5940	3.2
CN1800500000000	18	005	Bartholomew County, IN	2018	NA	45116	43908	1208	2.7
CN1800700000000	18	007	Benton County, IN	2018	NA	4561	4411	150	3.3
CN1800900000000	18	009	Blackford County, IN	2018	NA	5322	5114	208	3.9
CN1801100000000	18	011	Boone County, IN	2018	NA	36188	35194	994	2.7
CN1801300000000	18	013	Brown County, IN	2018	NA	7692	7444	248	3.2
CN1801500000000	18	015	Carroll County, IN	2018	NA	10225	9885	340	3.3
CN1801700000000	18	017	Cass County, IN	2018	NA	18254	17573	681	3.7
CN1801900000000	18	019	Clark County, IN	2018	NA	61874	59724	2150	3.5
CN1802100000000	18	021	Clay County, IN	2018	NA	12325	11837	488	4
CN1802300000000	18	023	Clinton County, IN	2018	NA	17180	16687	493	2.9
CN1802500000000	18	025	Crawford County, IN	2018	NA	4950	4725	225	4.5
CN1802700000000	18	027	Daviess County, IN	2018	NA	16508	16054	454	2.8
CN1802900000000	18	029	Dearborn County, IN	2018	NA	25872	24913	959	3.7
CN1803100000000	18	031	Decatur County, IN	2018	NA	14943	14491	452	3
CN1803300000000	18	033	DeKalb County, IN	2018	NA	22497	21850	647	2.9
CN1803500000000	18	035	Delaware County, IN	2018	NA	54144	51938	2206	4.1
CN1803700000000	18	037	Dubois County, IN	2018	NA	23328	22742	586	2.5
CN1803900000000	18	039	Elkhart County, IN	2018	NA	115999	112944	3055	2.6
CN1804100000000	18	041	Fayette County, IN	2018	NA	9156	8726	430	4.7
CN1804300000000	18	043	Floyd County, IN	2018	NA	41805	40407	1398	3.3
CN1804500000000	18	045	Fountain County, IN	2018	NA	8095	7798	297	3.7
CN1804700000000	18	047	Franklin County, IN	2018	NA	11401	10972	429	3.8
CN1804900000000	18	049	Fulton County, IN	2018	NA	9999	9658	341	3.4
CN1805100000000	18	051	Gibson County, IN	2018	NA	19427	18902	525	2.7
CN1805300000000	18	053	Grant County, IN	2018	NA	32169	30916	1253	3.9
CN1805500000000	18	055	Greene County, IN	2018	NA	13739	13124	615	4.5
CN1805700000000	18	057	Hamilton County, IN	2018	NA	182986	177963	5023	2.7
CN1805900000000	18	059	Hancock County, IN	2018	NA	40131	38898	1233	3.1
CN1806100000000	18	061	Harrison County, IN	2018	NA	20413	19699	714	3.5
CN1806300000000	18	063	Hendricks County, IN	2018	NA	89577	86951	2626	2.9
CN1806500000000	18	065	Henry County, IN	2018	NA	22418	21621	797	3.6
CN1806700000000	18	067	Howard County, IN	2018	NA	37427	35875	1552	4.1
CN1806900000000	18	069	Huntington County, IN	2018	NA	18378	17719	659	3.6
CN1807100000000	18	071	Jackson County, IN	2018	NA	22818	22158	660	2.9
CN1807300000000	18	073	Jasper County, IN	2018	NA	16469	15815	654	4
CN1807500000000	18	075	Jay County, IN	2018	NA	9777	9449	328	3.4
CN1807700000000	18	077	Jefferson County, IN	2018	NA	15107	14585	522	3.5
CN1807900000000	18	079	Jennings County, IN	2018	NA	13599	13099	500	3.7
CN1808100000000	18	081	Johnson County, IN	2018	NA	82656	80240	2416	2.9
CN1808300000000	18	083	Knox County, IN	2018	NA	18851	18246	605	3.2
CN1808500000000	18	085	Kosciusko County, IN	2018	NA	42731	41592	1139	2.7
CN1808700000000	18	087	LaGrange County, IN	2018	NA	20641	20118	523	2.5
CN1808900000000	18	089	Lake County, IN	2018	NA	231860	220240	11620	5
CN1809100000000	18	091	LaPorte County, IN	2018	NA	48085	45961	2124	4.4
CN1809300000000	18	093	Lawrence County, IN	2018	NA	21129	20307	822	3.9
CN1809500000000	18	095	Madison County, IN	2018	NA	58987	56649	2338	4
CN1809700000000	18	097	Marion County, IN	2018	NA	488698	471316	17382	3.6
CN1809900000000	18	099	Marshall County, IN	2018	NA	23363	22613	750	3.2
CN1810100000000	18	101	Martin County, IN	2018	NA	5217	5071	146	2.8
CN1810300000000	18	103	Miami County, IN	2018	NA	15830	15188	642	4.1
CN1810500000000	18	105	Monroe County, IN	2018	NA	69558	67018	2540	3.7
CN1810700000000	18	107	Montgomery County, IN	2018	NA	19104	18517	587	3.1
CN1810900000000	18	109	Morgan County, IN	2018	NA	36280	35030	1250	3.4
CN1811100000000	18	111	Newton County, IN	2018	NA	7056	6745	311	4.4
CN1811300000000	18	113	Noble County, IN	2018	NA	23649	22947	702	3
CN1811500000000	18	115	Ohio County, IN	2018	NA	3189	3075	114	3.6
CN1811700000000	18	117	Orange County, IN	2018	NA	8570	8231	339	4
CN1811900000000	18	119	Owen County, IN	2018	NA	9338	8926	412	4.4
CN1812100000000	18	121	Parke County, IN	2018	NA	7152	6861	291	4.1
CN1812300000000	18	123	Perry County, IN	2018	NA	9330	8981	349	3.7
CN1812500000000	18	125	Pike County, IN	2018	NA	6136	5919	217	3.5
CN1812700000000	18	127	Porter County, IN	2018	NA	87378	83988	3390	3.9
CN1812900000000	18	129	Posey County, IN	2018	NA	13715	13323	392	2.9
CN1813100000000	18	131	Pulaski County, IN	2018	NA	6507	6303	204	3.1
CN1813300000000	18	133	Putnam County, IN	2018	NA	16770	16126	644	3.8
CN1813500000000	18	135	Randolph County, IN	2018	NA	11615	11156	459	4
CN1813700000000	18	137	Ripley County, IN	2018	NA	14106	13592	514	3.6
CN1813900000000	18	139	Rush County, IN	2018	NA	9037	8775	262	2.9
CN1814100000000	18	141	St. Joseph County, IN	2018	NA	136494	131569	4925	3.6
CN1814300000000	18	143	Scott County, IN	2018	NA	10623	10204	419	3.9
CN1814500000000	18	145	Shelby County, IN	2018	NA	23094	22365	729	3.2
CN1814700000000	18	147	Spencer County, IN	2018	NA	10979	10614	365	3.3
CN1814900000000	18	149	Starke County, IN	2018	NA	10409	9949	460	4.4
CN1815100000000	18	151	Steuben County, IN	2018	NA	20315	19766	549	2.7
CN1815300000000	18	153	Sullivan County, IN	2018	NA	8597	8191	406	4.7
CN1815500000000	18	155	Switzerland County, IN	2018	NA	5072	4872	200	3.9
CN1815700000000	18	157	Tippecanoe County, IN	2018	NA	98133	94963	3170	3.2
CN1815900000000	18	159	Tipton County, IN	2018	NA	9234	8973	261	2.8
CN1816100000000	18	161	Union County, IN	2018	NA	3564	3450	114	3.2
CN1816300000000	18	163	Vanderburgh County, IN	2018	NA	95029	91968	3061	3.2
CN1816500000000	18	165	Vermillion County, IN	2018	NA	7161	6762	399	5.6
CN1816700000000	18	167	Vigo County, IN	2018	NA	49125	46941	2184	4.4
CN1816900000000	18	169	Wabash County, IN	2018	NA	14991	14467	524	3.5
CN1817100000000	18	171	Warren County, IN	2018	NA	4207	4070	137	3.3
CN1817300000000	18	173	Warrick County, IN	2018	NA	33209	32221	988	3
CN1817500000000	18	175	Washington County, IN	2018	NA	13828	13335	493	3.6
CN1817700000000	18	177	Wayne County, IN	2018	NA	31261	30124	1137	3.6
CN1817900000000	18	179	Wells County, IN	2018	NA	14396	13985	411	2.9
CN1818100000000	18	181	White County, IN	2018	NA	13682	13257	425	3.1
CN1818300000000	18	183	Whitley County, IN	2018	NA	17671	17157	514	2.9
CN1900100000000	19	001	Adair County, IA	2018	NA	4136	4035	101	2.4
CN1900300000000	19	003	Adams County, IA	2018	NA	2117	2075	42	2
CN1900500000000	19	005	Allamakee County, IA	2018	NA	7374	7141	233	3.2
CN1900700000000	19	007	Appanoose County, IA	2018	NA	5890	5687	203	3.4
CN1900900000000	19	009	Audubon County, IA	2018	NA	3090	3012	78	2.5
CN1901100000000	19	011	Benton County, IA	2018	NA	13339	12965	374	2.8
CN1901300000000	19	013	Black Hawk County, IA	2018	NA	68546	66567	1979	2.9
CN1901500000000	19	015	Boone County, IA	2018	NA	14843	14515	328	2.2
CN1901700000000	19	017	Bremer County, IA	2018	NA	13807	13516	291	2.1
CN1901900000000	19	019	Buchanan County, IA	2018	NA	11221	10924	297	2.6
CN1902100000000	19	021	Buena Vista County, IA	2018	NA	11541	11292	249	2.2
CN1902300000000	19	023	Butler County, IA	2018	NA	7819	7597	222	2.8
CN1902500000000	19	025	Calhoun County, IA	2018	NA	4285	4173	112	2.6
CN1902700000000	19	027	Carroll County, IA	2018	NA	10819	10611	208	1.9
CN1902900000000	19	029	Cass County, IA	2018	NA	7104	6909	195	2.7
CN1903100000000	19	031	Cedar County, IA	2018	NA	10785	10514	271	2.5
CN1903300000000	19	033	Cerro Gordo County, IA	2018	NA	23294	22665	629	2.7
CN1903500000000	19	035	Cherokee County, IA	2018	NA	5984	5851	133	2.2
CN1903700000000	19	037	Chickasaw County, IA	2018	NA	6417	6239	178	2.8
CN1903900000000	19	039	Clarke County, IA	2018	NA	4817	4676	141	2.9
CN1904100000000	19	041	Clay County, IA	2018	NA	8529	8246	283	3.3
CN1904300000000	19	043	Clayton County, IA	2018	NA	10144	9813	331	3.3
CN1904500000000	19	045	Clinton County, IA	2018	NA	22685	21931	754	3.3
CN1904700000000	19	047	Crawford County, IA	2018	NA	8166	7880	286	3.5
CN1904900000000	19	049	Dallas County, IA	2018	NA	48655	47789	866	1.8
CN1905100000000	19	051	Davis County, IA	2018	NA	4211	4094	117	2.8
CN1905300000000	19	053	Decatur County, IA	2018	NA	4332	4231	101	2.3
CN1905500000000	19	055	Delaware County, IA	2018	NA	10433	10210	223	2.1
CN1905700000000	19	057	Des Moines County, IA	2018	NA	19441	18784	657	3.4
CN1905900000000	19	059	Dickinson County, IA	2018	NA	9844	9522	322	3.3
CN1906100000000	19	061	Dubuque County, IA	2018	NA	55332	53949	1383	2.5
CN1906300000000	19	063	Emmet County, IA	2018	NA	5298	5148	150	2.8
CN1906500000000	19	065	Fayette County, IA	2018	NA	10515	10193	322	3.1
CN1906700000000	19	067	Floyd County, IA	2018	NA	8825	8580	245	2.8
CN1906900000000	19	069	Franklin County, IA	2018	NA	5779	5653	126	2.2
CN1907100000000	19	071	Fremont County, IA	2018	NA	3717	3645	72	1.9
CN1907300000000	19	073	Greene County, IA	2018	NA	5390	5264	126	2.3
CN1907500000000	19	075	Grundy County, IA	2018	NA	6507	6339	168	2.6
CN1907700000000	19	077	Guthrie County, IA	2018	NA	5539	5390	149	2.7
CN1907900000000	19	079	Hamilton County, IA	2018	NA	6947	6754	193	2.8
CN1908100000000	19	081	Hancock County, IA	2018	NA	5971	5828	143	2.4
CN1908300000000	19	083	Hardin County, IA	2018	NA	8245	8003	242	2.9
CN1908500000000	19	085	Harrison County, IA	2018	NA	7256	7089	167	2.3
CN1908700000000	19	087	Henry County, IA	2018	NA	9718	9471	247	2.5
CN1908900000000	19	089	Howard County, IA	2018	NA	5186	5051	135	2.6
CN1909100000000	19	091	Humboldt County, IA	2018	NA	5191	5057	134	2.6
CN1909300000000	19	093	Ida County, IA	2018	NA	4092	4009	83	2
CN1909500000000	19	095	Iowa County, IA	2018	NA	10427	10204	223	2.1
CN1909700000000	19	097	Jackson County, IA	2018	NA	10946	10633	313	2.9
CN1909900000000	19	099	Jasper County, IA	2018	NA	19356	18828	528	2.7
CN1910100000000	19	101	Jefferson County, IA	2018	NA	9724	9498	226	2.3
CN1910300000000	19	103	Johnson County, IA	2018	NA	85689	83976	1713	2
CN1910500000000	19	105	Jones County, IA	2018	NA	10576	10251	325	3.1
CN1910700000000	19	107	Keokuk County, IA	2018	NA	5149	4996	153	3
CN1910900000000	19	109	Kossuth County, IA	2018	NA	8508	8330	178	2.1
CN1911100000000	19	111	Lee County, IA	2018	NA	15963	15301	662	4.1
CN1911300000000	19	113	Linn County, IA	2018	NA	120292	116835	3457	2.9
CN1911500000000	19	115	Louisa County, IA	2018	NA	6055	5890	165	2.7
CN1911700000000	19	117	Lucas County, IA	2018	NA	4493	4401	92	2
CN1911900000000	19	119	Lyon County, IA	2018	NA	6983	6873	110	1.6
CN1912100000000	19	121	Madison County, IA	2018	NA	8425	8149	276	3.3
CN1912300000000	19	123	Mahaska County, IA	2018	NA	11701	11402	299	2.6
CN1912500000000	19	125	Marion County, IA	2018	NA	17876	17497	379	2.1
CN1912700000000	19	127	Marshall County, IA	2018	NA	18038	17211	827	4.6
CN1912900000000	19	129	Mills County, IA	2018	NA	7269	7111	158	2.2
CN1913100000000	19	131	Mitchell County, IA	2018	NA	5920	5810	110	1.9
CN1913300000000	19	133	Monona County, IA	2018	NA	4453	4327	126	2.8
CN1913500000000	19	135	Monroe County, IA	2018	NA	3901	3783	118	3
CN1913700000000	19	137	Montgomery County, IA	2018	NA	4927	4803	124	2.5
CN1913900000000	19	139	Muscatine County, IA	2018	NA	21771	21173	598	2.7
CN1914100000000	19	141	O'Brien County, IA	2018	NA	8109	7943	166	2
CN1914300000000	19	143	Osceola County, IA	2018	NA	3519	3449	70	2
CN1914500000000	19	145	Page County, IA	2018	NA	6394	6229	165	2.6
CN1914700000000	19	147	Palo Alto County, IA	2018	NA	4863	4753	110	2.3
CN1914900000000	19	149	Plymouth County, IA	2018	NA	14664	14375	289	2
CN1915100000000	19	151	Pocahontas County, IA	2018	NA	4345	4264	81	1.9
CN1915300000000	19	153	Polk County, IA	2018	NA	264091	257086	7005	2.7
CN1915500000000	19	155	Pottawattamie County, IA	2018	NA	47670	46511	1159	2.4
CN1915700000000	19	157	Poweshiek County, IA	2018	NA	10461	10207	254	2.4
CN1915900000000	19	159	Ringgold County, IA	2018	NA	2526	2454	72	2.9
CN1916100000000	19	161	Sac County, IA	2018	NA	5294	5165	129	2.4
CN1916300000000	19	163	Scott County, IA	2018	NA	87810	85144	2666	3
CN1916500000000	19	165	Shelby County, IA	2018	NA	6651	6514	137	2.1
CN1916700000000	19	167	Sioux County, IA	2018	NA	20487	20110	377	1.8
CN1916900000000	19	169	Story County, IA	2018	NA	57864	56909	955	1.7
CN1917100000000	19	171	Tama County, IA	2018	NA	9487	9196	291	3.1
CN1917300000000	19	173	Taylor County, IA	2018	NA	3236	3170	66	2
CN1917500000000	19	175	Union County, IA	2018	NA	6372	6139	233	3.7
CN1917700000000	19	177	Van Buren County, IA	2018	NA	3712	3610	102	2.7
CN1917900000000	19	179	Wapello County, IA	2018	NA	17677	17051	626	3.5
CN1918100000000	19	181	Warren County, IA	2018	NA	27787	27130	657	2.4
CN1918300000000	19	183	Washington County, IA	2018	NA	11969	11676	293	2.4
CN1918500000000	19	185	Wayne County, IA	2018	NA	2768	2690	78	2.8
CN1918700000000	19	187	Webster County, IA	2018	NA	19164	18519	645	3.4
CN1918900000000	19	189	Winnebago County, IA	2018	NA	5001	4867	134	2.7
CN1919100000000	19	191	Winneshiek County, IA	2018	NA	11787	11463	324	2.7
CN1919300000000	19	193	Woodbury County, IA	2018	NA	55010	53584	1426	2.6
CN1919500000000	19	195	Worth County, IA	2018	NA	4167	4050	117	2.8
CN1919700000000	19	197	Wright County, IA	2018	NA	6462	6289	173	2.7
CN2000100000000	20	001	Allen County, KS	2018	NA	6323	6076	247	3.9
CN2000300000000	20	003	Anderson County, KS	2018	NA	4113	3973	140	3.4
CN2000500000000	20	005	Atchison County, KS	2018	NA	6997	6681	316	4.5
CN2000700000000	20	007	Barber County, KS	2018	NA	2377	2318	59	2.5
CN2000900000000	20	009	Barton County, KS	2018	NA	13510	13081	429	3.2
CN2001100000000	20	011	Bourbon County, KS	2018	NA	7078	6788	290	4.1
CN2001300000000	20	013	Brown County, KS	2018	NA	5360	5200	160	3
CN2001500000000	20	015	Butler County, KS	2018	NA	31912	30836	1076	3.4
CN2001700000000	20	017	Chase County, KS	2018	NA	1464	1426	38	2.6
CN2001900000000	20	019	Chautauqua County, KS	2018	NA	1412	1357	55	3.9
CN2002100000000	20	021	Cherokee County, KS	2018	NA	10019	9652	367	3.7
CN2002300000000	20	023	Cheyenne County, KS	2018	NA	1308	1278	30	2.3
CN2002500000000	20	025	Clark County, KS	2018	NA	1061	1036	25	2.4
CN2002700000000	20	027	Clay County, KS	2018	NA	3779	3660	119	3.1
CN2002900000000	20	029	Cloud County, KS	2018	NA	3779	3652	127	3.4
CN2003100000000	20	031	Coffey County, KS	2018	NA	4080	3891	189	4.6
CN2003300000000	20	033	Comanche County, KS	2018	NA	883	862	21	2.4
CN2003500000000	20	035	Cowley County, KS	2018	NA	16769	16208	561	3.3
CN2003700000000	20	037	Crawford County, KS	2018	NA	18732	18000	732	3.9
CN2003900000000	20	039	Decatur County, KS	2018	NA	1251	1215	36	2.9
CN2004100000000	20	041	Dickinson County, KS	2018	NA	9091	8779	312	3.4
CN2004300000000	20	043	Doniphan County, KS	2018	NA	4144	3999	145	3.5
CN2004500000000	20	045	Douglas County, KS	2018	NA	65119	63156	1963	3
CN2004700000000	20	047	Edwards County, KS	2018	NA	1491	1456	35	2.3
CN2004900000000	20	049	Elk County, KS	2018	NA	1167	1128	39	3.3
CN2005100000000	20	051	Ellis County, KS	2018	NA	16886	16493	393	2.3
CN2005300000000	20	053	Ellsworth County, KS	2018	NA	2681	2608	73	2.7
CN2005500000000	20	055	Finney County, KS	2018	NA	20451	19954	497	2.4
CN2005700000000	20	057	Ford County, KS	2018	NA	17228	16801	427	2.5
CN2005900000000	20	059	Franklin County, KS	2018	NA	13999	13507	492	3.5
CN2006100000000	20	061	Geary County, KS	2018	NA	11395	10868	527	4.6
CN2006300000000	20	063	Gove County, KS	2018	NA	1415	1385	30	2.1
CN2006500000000	20	065	Graham County, KS	2018	NA	1138	1103	35	3.1
CN2006700000000	20	067	Grant County, KS	2018	NA	3335	3244	91	2.7
CN2006900000000	20	069	Gray County, KS	2018	NA	3403	3336	67	2
CN2007100000000	20	071	Greeley County, KS	2018	NA	855	838	17	2
CN2007300000000	20	073	Greenwood County, KS	2018	NA	3228	3117	111	3.4
CN2007500000000	20	075	Hamilton County, KS	2018	NA	1620	1589	31	1.9
CN2007700000000	20	077	Harper County, KS	2018	NA	2731	2655	76	2.8
CN2007900000000	20	079	Harvey County, KS	2018	NA	16719	16190	529	3.2
CN2008100000000	20	081	Haskell County, KS	2018	NA	2190	2144	46	2.1
CN2008300000000	20	083	Hodgeman County, KS	2018	NA	982	958	24	2.4
CN2008500000000	20	085	Jackson County, KS	2018	NA	7176	6965	211	2.9
CN2008700000000	20	087	Jefferson County, KS	2018	NA	10124	9803	321	3.2
CN2008900000000	20	089	Jewell County, KS	2018	NA	1282	1248	34	2.7
CN2009100000000	20	091	Johnson County, KS	2018	NA	335617	326067	9550	2.8
CN2009300000000	20	093	Kearny County, KS	2018	NA	2079	2032	47	2.3
CN2009500000000	20	095	Kingman County, KS	2018	NA	3389	3282	107	3.2
CN2009700000000	20	097	Kiowa County, KS	2018	NA	1299	1268	31	2.4
CN2009900000000	20	099	Labette County, KS	2018	NA	10181	9785	396	3.9
CN2010100000000	20	101	Lane County, KS	2018	NA	788	766	22	2.8
CN2010300000000	20	103	Leavenworth County, KS	2018	NA	36155	34856	1299	3.6
CN2010500000000	20	105	Lincoln County, KS	2018	NA	1696	1655	41	2.4
CN2010700000000	20	107	Linn County, KS	2018	NA	4402	4146	256	5.8
CN2010900000000	20	109	Logan County, KS	2018	NA	1680	1645	35	2.1
CN2011100000000	20	111	Lyon County, KS	2018	NA	16548	15975	573	3.5
CN2011300000000	20	113	McPherson County, KS	2018	NA	16468	16059	409	2.5
CN2011500000000	20	115	Marion County, KS	2018	NA	6015	5831	184	3.1
CN2011700000000	20	117	Marshall County, KS	2018	NA	5466	5326	140	2.6
CN2011900000000	20	119	Meade County, KS	2018	NA	2271	2225	46	2
CN2012100000000	20	121	Miami County, KS	2018	NA	17341	16726	615	3.5
CN2012300000000	20	123	Mitchell County, KS	2018	NA	3440	3365	75	2.2
CN2012500000000	20	125	Montgomery County, KS	2018	NA	14726	14106	620	4.2
CN2012700000000	20	127	Morris County, KS	2018	NA	2994	2914	80	2.7
CN2012900000000	20	129	Morton County, KS	2018	NA	1166	1129	37	3.2
CN2013100000000	20	131	Nemaha County, KS	2018	NA	5460	5336	124	2.3
CN2013300000000	20	133	Neosho County, KS	2018	NA	5976	5691	285	4.8
CN2013500000000	20	135	Ness County, KS	2018	NA	1330	1295	35	2.6
CN2013700000000	20	137	Norton County, KS	2018	NA	2736	2679	57	2.1
CN2013900000000	20	139	Osage County, KS	2018	NA	8003	7706	297	3.7
CN2014100000000	20	141	Osborne County, KS	2018	NA	2036	1986	50	2.5
CN2014300000000	20	143	Ottawa County, KS	2018	NA	3000	2917	83	2.8
CN2014500000000	20	145	Pawnee County, KS	2018	NA	2902	2812	90	3.1
CN2014700000000	20	147	Phillips County, KS	2018	NA	2766	2698	68	2.5
CN2014900000000	20	149	Pottawatomie County, KS	2018	NA	12442	12105	337	2.7
CN2015100000000	20	151	Pratt County, KS	2018	NA	4938	4806	132	2.7
CN2015300000000	20	153	Rawlins County, KS	2018	NA	1470	1440	30	2
CN2015500000000	20	155	Reno County, KS	2018	NA	29591	28544	1047	3.5
CN2015700000000	20	157	Republic County, KS	2018	NA	2407	2343	64	2.7
CN2015900000000	20	159	Rice County, KS	2018	NA	5272	5121	151	2.9
CN2016100000000	20	161	Riley County, KS	2018	NA	35134	34146	988	2.8
CN2016300000000	20	163	Rooks County, KS	2018	NA	2510	2432	78	3.1
CN2016500000000	20	165	Rush County, KS	2018	NA	1647	1603	44	2.7
CN2016700000000	20	167	Russell County, KS	2018	NA	3358	3261	97	2.9
CN2016900000000	20	169	Saline County, KS	2018	NA	30165	29266	899	3
CN2017100000000	20	171	Scott County, KS	2018	NA	2849	2794	55	1.9
CN2017300000000	20	173	Sedgwick County, KS	2018	NA	246776	237636	9140	3.7
CN2017500000000	20	175	Seward County, KS	2018	NA	9544	9242	302	3.2
CN2017700000000	20	177	Shawnee County, KS	2018	NA	90498	87401	3097	3.4
CN2017900000000	20	179	Sheridan County, KS	2018	NA	1418	1387	31	2.2
CN2018100000000	20	181	Sherman County, KS	2018	NA	2887	2808	79	2.7
CN2018300000000	20	183	Smith County, KS	2018	NA	1960	1913	47	2.4
CN2018500000000	20	185	Stafford County, KS	2018	NA	1966	1915	51	2.6
CN2018700000000	20	187	Stanton County, KS	2018	NA	999	974	25	2.5
CN2018900000000	20	189	Stevens County, KS	2018	NA	2592	2518	74	2.9
CN2019100000000	20	191	Sumner County, KS	2018	NA	10719	10349	370	3.5
CN2019300000000	20	193	Thomas County, KS	2018	NA	4257	4151	106	2.5
CN2019500000000	20	195	Trego County, KS	2018	NA	1376	1334	42	3.1
CN2019700000000	20	197	Wabaunsee County, KS	2018	NA	3652	3539	113	3.1
CN2019900000000	20	199	Wallace County, KS	2018	NA	819	799	20	2.4
CN2020100000000	20	201	Washington County, KS	2018	NA	2926	2849	77	2.6
CN2020300000000	20	203	Wichita County, KS	2018	NA	1314	1287	27	2.1
CN2020500000000	20	205	Wilson County, KS	2018	NA	4000	3829	171	4.3
CN2020700000000	20	207	Woodson County, KS	2018	NA	1592	1524	68	4.3
CN2020900000000	20	209	Wyandotte County, KS	2018	NA	76791	73124	3667	4.8
CN2100100000000	21	001	Adair County, KY	2018	NA	7203	6845	358	5
CN2100300000000	21	003	Allen County, KY	2018	NA	8925	8588	337	3.8
CN2100500000000	21	005	Anderson County, KY	2018	NA	11916	11487	429	3.6
CN2100700000000	21	007	Ballard County, KY	2018	NA	3538	3291	247	7
CN2100900000000	21	009	Barren County, KY	2018	NA	19055	18208	847	4.4
CN2101100000000	21	011	Bath County, KY	2018	NA	4615	4303	312	6.8
CN2101300000000	21	013	Bell County, KY	2018	NA	8489	7957	532	6.3
CN2101500000000	21	015	Boone County, KY	2018	NA	70694	68308	2386	3.4
CN2101700000000	21	017	Bourbon County, KY	2018	NA	9700	9313	387	4
CN2101900000000	21	019	Boyd County, KY	2018	NA	17944	16882	1062	5.9
CN2102100000000	21	021	Boyle County, KY	2018	NA	12575	12016	559	4.4
CN2102300000000	21	023	Bracken County, KY	2018	NA	3814	3627	187	4.9
CN2102500000000	21	025	Breathitt County, KY	2018	NA	3623	3360	263	7.3
CN2102700000000	21	027	Breckinridge County, KY	2018	NA	7954	7525	429	5.4
CN2102900000000	21	029	Bullitt County, KY	2018	NA	42769	41040	1729	4
CN2103100000000	21	031	Butler County, KY	2018	NA	5111	4859	252	4.9
CN2103300000000	21	033	Caldwell County, KY	2018	NA	5391	5134	257	4.8
CN2103500000000	21	035	Calloway County, KY	2018	NA	18760	18025	735	3.9
CN2103700000000	21	037	Campbell County, KY	2018	NA	50542	48876	1666	3.3
CN2103900000000	21	039	Carlisle County, KY	2018	NA	2258	2146	112	5
CN2104100000000	21	041	Carroll County, KY	2018	NA	5254	5038	216	4.1
CN2104300000000	21	043	Carter County, KY	2018	NA	9846	8938	908	9.2
CN2104500000000	21	045	Casey County, KY	2018	NA	6720	6405	315	4.7
CN2104700000000	21	047	Christian County, KY	2018	NA	24569	23250	1319	5.4
CN2104900000000	21	049	Clark County, KY	2018	NA	17155	16446	709	4.1
CN2105100000000	21	051	Clay County, KY	2018	NA	5220	4853	367	7
CN2105300000000	21	053	Clinton County, KY	2018	NA	3871	3660	211	5.5
CN2105500000000	21	055	Crittenden County, KY	2018	NA	3867	3668	199	5.1
CN2105700000000	21	057	Cumberland County, KY	2018	NA	3122	2983	139	4.5
CN2105900000000	21	059	Daviess County, KY	2018	NA	47505	45602	1903	4
CN2106100000000	21	061	Edmonson County, KY	2018	NA	4816	4559	257	5.3
CN2106300000000	21	063	Elliott County, KY	2018	NA	2053	1861	192	9.4
CN2106500000000	21	065	Estill County, KY	2018	NA	5324	5034	290	5.4
CN2106700000000	21	067	Fayette County, KY	2018	NA	174380	168569	5811	3.3
CN2106900000000	21	069	Fleming County, KY	2018	NA	6087	5754	333	5.5
CN2107100000000	21	071	Floyd County, KY	2018	NA	10928	10214	714	6.5
CN2107300000000	21	073	Franklin County, KY	2018	NA	25006	24075	931	3.7
CN2107500000000	21	075	Fulton County, KY	2018	NA	2034	1918	116	5.7
CN2107700000000	21	077	Gallatin County, KY	2018	NA	4071	3906	165	4.1
CN2107900000000	21	079	Garrard County, KY	2018	NA	7671	7328	343	4.5
CN2108100000000	21	081	Grant County, KY	2018	NA	11711	11207	504	4.3
CN2108300000000	21	083	Graves County, KY	2018	NA	15479	14704	775	5
CN2108500000000	21	085	Grayson County, KY	2018	NA	10968	10430	538	4.9
CN2108700000000	21	087	Green County, KY	2018	NA	5084	4868	216	4.2
CN2108900000000	21	089	Greenup County, KY	2018	NA	13448	12561	887	6.6
CN2109100000000	21	091	Hancock County, KY	2018	NA	3997	3828	169	4.2
CN2109300000000	21	093	Hardin County, KY	2018	NA	48964	46960	2004	4.1
CN2109500000000	21	095	Harlan County, KY	2018	NA	6549	6069	480	7.3
CN2109700000000	21	097	Harrison County, KY	2018	NA	8656	8298	358	4.1
CN2109900000000	21	099	Hart County, KY	2018	NA	8054	7732	322	4
CN2110100000000	21	101	Henderson County, KY	2018	NA	22011	21166	845	3.8
CN2110300000000	21	103	Henry County, KY	2018	NA	8231	7915	316	3.8
CN2110500000000	21	105	Hickman County, KY	2018	NA	1795	1693	102	5.7
CN2110700000000	21	107	Hopkins County, KY	2018	NA	18410	17561	849	4.6
CN2110900000000	21	109	Jackson County, KY	2018	NA	4096	3809	287	7
CN2111100000000	21	111	Jefferson County, KY	2018	NA	400457	384240	16217	4
CN2111300000000	21	113	Jessamine County, KY	2018	NA	26475	25510	965	3.6
CN2111500000000	21	115	Johnson County, KY	2018	NA	6769	6308	461	6.8
CN2111700000000	21	117	Kenton County, KY	2018	NA	87423	84408	3015	3.4
CN2111900000000	21	119	Knott County, KY	2018	NA	4411	4110	301	6.8
CN2112100000000	21	121	Knox County, KY	2018	NA	10012	9381	631	6.3
CN2112300000000	21	123	Larue County, KY	2018	NA	5981	5714	267	4.5
CN2112500000000	21	125	Laurel County, KY	2018	NA	24832	23561	1271	5.1
CN2112700000000	21	127	Lawrence County, KY	2018	NA	5071	4704	367	7.2
CN2112900000000	21	129	Lee County, KY	2018	NA	2086	1952	134	6.4
CN2113100000000	21	131	Leslie County, KY	2018	NA	2623	2437	186	7.1
CN2113300000000	21	133	Letcher County, KY	2018	NA	6257	5855	402	6.4
CN2113500000000	21	135	Lewis County, KY	2018	NA	4707	4314	393	8.3
CN2113700000000	21	137	Lincoln County, KY	2018	NA	9356	8884	472	5
CN2113900000000	21	139	Livingston County, KY	2018	NA	3671	3422	249	6.8
CN2114100000000	21	141	Logan County, KY	2018	NA	12428	11947	481	3.9
CN2114300000000	21	143	Lyon County, KY	2018	NA	3053	2899	154	5
CN2114500000000	21	145	McCracken County, KY	2018	NA	29206	27572	1634	5.6
CN2114700000000	21	147	McCreary County, KY	2018	NA	4637	4345	292	6.3
CN2114900000000	21	149	McLean County, KY	2018	NA	4237	4026	211	5
CN2115100000000	21	151	Madison County, KY	2018	NA	46933	45118	1815	3.9
CN2115300000000	21	153	Magoffin County, KY	2018	NA	2933	2556	377	12.9
CN2115500000000	21	155	Marion County, KY	2018	NA	9644	9282	362	3.8
CN2115700000000	21	157	Marshall County, KY	2018	NA	14971	14175	796	5.3
CN2115900000000	21	159	Martin County, KY	2018	NA	2799	2620	179	6.4
CN2116100000000	21	161	Mason County, KY	2018	NA	7187	6788	399	5.6
CN2116300000000	21	163	Meade County, KY	2018	NA	12260	11687	573	4.7
CN2116500000000	21	165	Menifee County, KY	2018	NA	2320	2143	177	7.6
CN2116700000000	21	167	Mercer County, KY	2018	NA	9911	9471	440	4.4
CN2116900000000	21	169	Metcalfe County, KY	2018	NA	4120	3947	173	4.2
CN2117100000000	21	171	Monroe County, KY	2018	NA	4700	4504	196	4.2
CN2117300000000	21	173	Montgomery County, KY	2018	NA	11680	10984	696	6
CN2117500000000	21	175	Morgan County, KY	2018	NA	4479	4194	285	6.4
CN2117700000000	21	177	Muhlenberg County, KY	2018	NA	10557	9848	709	6.7
CN2117900000000	21	179	Nelson County, KY	2018	NA	22726	21742	984	4.3
CN2118100000000	21	181	Nicholas County, KY	2018	NA	3286	3134	152	4.6
CN2118300000000	21	183	Ohio County, KY	2018	NA	9878	9314	564	5.7
CN2118500000000	21	185	Oldham County, KY	2018	NA	33311	32218	1093	3.3
CN2118700000000	21	187	Owen County, KY	2018	NA	5212	4954	258	5
CN2118900000000	21	189	Owsley County, KY	2018	NA	1139	1055	84	7.4
CN2119100000000	21	191	Pendleton County, KY	2018	NA	6991	6702	289	4.1
CN2119300000000	21	193	Perry County, KY	2018	NA	8167	7654	513	6.3
CN2119500000000	21	195	Pike County, KY	2018	NA	20001	18827	1174	5.9
CN2119700000000	21	197	Powell County, KY	2018	NA	5022	4723	299	6
CN2119900000000	21	199	Pulaski County, KY	2018	NA	26035	24726	1309	5
CN2120100000000	21	201	Robertson County, KY	2018	NA	802	763	39	4.9
CN2120300000000	21	203	Rockcastle County, KY	2018	NA	6641	6310	331	5
CN2120500000000	21	205	Rowan County, KY	2018	NA	10537	9990	547	5.2
CN2120700000000	21	207	Russell County, KY	2018	NA	6284	5920	364	5.8
CN2120900000000	21	209	Scott County, KY	2018	NA	28967	28006	961	3.3
CN2121100000000	21	211	Shelby County, KY	2018	NA	25494	24614	880	3.5
CN2121300000000	21	213	Simpson County, KY	2018	NA	8861	8511	350	3.9
CN2121500000000	21	215	Spencer County, KY	2018	NA	10219	9850	369	3.6
CN2121700000000	21	217	Taylor County, KY	2018	NA	12558	12029	529	4.2
CN2121900000000	21	219	Todd County, KY	2018	NA	5303	5091	212	4
CN2122100000000	21	221	Trigg County, KY	2018	NA	5913	5627	286	4.8
CN2122300000000	21	223	Trimble County, KY	2018	NA	3872	3707	165	4.3
CN2122500000000	21	225	Union County, KY	2018	NA	6014	5716	298	5
CN2122700000000	21	227	Warren County, KY	2018	NA	64620	62234	2386	3.7
CN2122900000000	21	229	Washington County, KY	2018	NA	6143	5918	225	3.7
CN2123100000000	21	231	Wayne County, KY	2018	NA	7586	7058	528	7
CN2123300000000	21	233	Webster County, KY	2018	NA	5782	5538	244	4.2
CN2123500000000	21	235	Whitley County, KY	2018	NA	13752	13059	693	5
CN2123700000000	21	237	Wolfe County, KY	2018	NA	1903	1757	146	7.7
CN2123900000000	21	239	Woodford County, KY	2018	NA	14767	14309	458	3.1
CN2200100000000	22	001	Acadia Parish, LA	2018	NA	23897	22614	1283	5.4
CN2200300000000	22	003	Allen Parish, LA	2018	NA	8761	8265	496	5.7
CN2200500000000	22	005	Ascension Parish, LA	2018	NA	64198	61565	2633	4.1
CN2200700000000	22	007	Assumption Parish, LA	2018	NA	8960	8365	595	6.6
CN2200900000000	22	009	Avoyelles Parish, LA	2018	NA	15303	14434	869	5.7
CN2201100000000	22	011	Beauregard Parish, LA	2018	NA	14574	13800	774	5.3
CN2201300000000	22	013	Bienville Parish, LA	2018	NA	5637	5309	328	5.8
CN2201500000000	22	015	Bossier Parish, LA	2018	NA	57953	55487	2466	4.3
CN2201700000000	22	017	Caddo Parish, LA	2018	NA	104208	98488	5720	5.5
CN2201900000000	22	019	Calcasieu Parish, LA	2018	NA	109755	105554	4201	3.8
CN2202100000000	22	021	Caldwell Parish, LA	2018	NA	3832	3612	220	5.7
CN2202300000000	22	023	Cameron Parish, LA	2018	NA	4073	3929	144	3.5
CN2202500000000	22	025	Catahoula Parish, LA	2018	NA	3357	3131	226	6.7
CN2202700000000	22	027	Claiborne Parish, LA	2018	NA	5806	5505	301	5.2
CN2202900000000	22	029	Concordia Parish, LA	2018	NA	6999	6513	486	6.9
CN2203100000000	22	031	De Soto Parish, LA	2018	NA	10891	10269	622	5.7
CN2203300000000	22	033	East Baton Rouge Parish, LA	2018	NA	231205	221219	9986	4.3
CN2203500000000	22	035	East Carroll Parish, LA	2018	NA	1952	1752	200	10.2
CN2203700000000	22	037	East Feliciana Parish, LA	2018	NA	8006	7635	371	4.6
CN2203900000000	22	039	Evangeline Parish, LA	2018	NA	12089	11397	692	5.7
CN2204100000000	22	041	Franklin Parish, LA	2018	NA	7268	6748	520	7.2
CN2204300000000	22	043	Grant Parish, LA	2018	NA	8205	7729	476	5.8
CN2204500000000	22	045	Iberia Parish, LA	2018	NA	28270	26612	1658	5.9
CN2204700000000	22	047	Iberville Parish, LA	2018	NA	14138	13264	874	6.2
CN2204900000000	22	049	Jackson Parish, LA	2018	NA	6874	6556	318	4.6
CN2205100000000	22	051	Jefferson Parish, LA	2018	NA	213281	203937	9344	4.4
CN2205300000000	22	053	Jefferson Davis Parish, LA	2018	NA	13499	12860	639	4.7
CN2205500000000	22	055	Lafayette Parish, LA	2018	NA	113928	108850	5078	4.5
CN2205700000000	22	057	Lafourche Parish, LA	2018	NA	42076	40098	1978	4.7
CN2205900000000	22	059	LaSalle Parish, LA	2018	NA	6349	6073	276	4.3
CN2206100000000	22	061	Lincoln Parish, LA	2018	NA	21979	20844	1135	5.2
CN2206300000000	22	063	Livingston Parish, LA	2018	NA	68941	66166	2775	4
CN2206500000000	22	065	Madison Parish, LA	2018	NA	3609	3310	299	8.3
CN2206700000000	22	067	Morehouse Parish, LA	2018	NA	10156	9326	830	8.2
CN2206900000000	22	069	Natchitoches Parish, LA	2018	NA	16420	15463	957	5.8
CN2207100000000	22	071	Orleans Parish, LA	2018	NA	178349	169410	8939	5
CN2207300000000	22	073	Ouachita Parish, LA	2018	NA	70832	67193	3639	5.1
CN2207500000000	22	075	Plaquemines Parish, LA	2018	NA	10051	9585	466	4.6
CN2207700000000	22	077	Pointe Coupee Parish, LA	2018	NA	9906	9374	532	5.4
CN2207900000000	22	079	Rapides Parish, LA	2018	NA	55421	52500	2921	5.3
CN2208100000000	22	081	Red River Parish, LA	2018	NA	4047	3867	180	4.4
CN2208300000000	22	083	Richland Parish, LA	2018	NA	8310	7793	517	6.2
CN2208500000000	22	085	Sabine Parish, LA	2018	NA	9028	8562	466	5.2
CN2208700000000	22	087	St. Bernard Parish, LA	2018	NA	19795	18806	989	5
CN2208900000000	22	089	St. Charles Parish, LA	2018	NA	25044	23952	1092	4.4
CN2209100000000	22	091	St. Helena Parish, LA	2018	NA	4310	4028	282	6.5
CN2209300000000	22	093	St. James Parish, LA	2018	NA	9215	8642	573	6.2
CN2209500000000	22	095	St. John the Baptist Parish, LA	2018	NA	19584	18471	1113	5.7
CN2209700000000	22	097	St. Landry Parish, LA	2018	NA	31918	29929	1989	6.2
CN2209900000000	22	099	St. Martin Parish, LA	2018	NA	22267	21100	1167	5.2
CN2210100000000	22	101	St. Mary Parish, LA	2018	NA	20056	18747	1309	6.5
CN2210300000000	22	103	St. Tammany Parish, LA	2018	NA	118816	113852	4964	4.2
CN2210500000000	22	105	Tangipahoa Parish, LA	2018	NA	54498	51501	2997	5.5
CN2210700000000	22	107	Tensas Parish, LA	2018	NA	1444	1333	111	7.7
CN2210900000000	22	109	Terrebonne Parish, LA	2018	NA	46438	44121	2317	5
CN2211100000000	22	111	Union Parish, LA	2018	NA	9194	8678	516	5.6
CN2211300000000	22	113	Vermilion Parish, LA	2018	NA	24180	22897	1283	5.3
CN2211500000000	22	115	Vernon Parish, LA	2018	NA	15919	14887	1032	6.5
CN2211700000000	22	117	Washington Parish, LA	2018	NA	16817	15849	968	5.8
CN2211900000000	22	119	Webster Parish, LA	2018	NA	14587	13698	889	6.1
CN2212100000000	22	121	West Baton Rouge Parish, LA	2018	NA	13684	13081	603	4.4
CN2212300000000	22	123	West Carroll Parish, LA	2018	NA	3999	3641	358	9
CN2212500000000	22	125	West Feliciana Parish, LA	2018	NA	5387	5178	209	3.9
CN2212700000000	22	127	Winn Parish, LA	2018	NA	4950	4644	306	6.2
CN2300100000000	23	001	Androscoggin County, ME	2018	NA	55239	53489	1750	3.2
CN2300300000000	23	003	Aroostook County, ME	2018	NA	30867	29437	1430	4.6
CN2300500000000	23	005	Cumberland County, ME	2018	NA	164612	160364	4248	2.6
CN2300700000000	23	007	Franklin County, ME	2018	NA	14383	13829	554	3.9
CN2300900000000	23	009	Hancock County, ME	2018	NA	29374	28300	1074	3.7
CN2301100000000	23	011	Kennebec County, ME	2018	NA	62180	60236	1944	3.1
CN2301300000000	23	013	Knox County, ME	2018	NA	20575	19942	633	3.1
CN2301500000000	23	015	Lincoln County, ME	2018	NA	16933	16388	545	3.2
CN2301700000000	23	017	Oxford County, ME	2018	NA	26617	25601	1016	3.8
CN2301900000000	23	019	Penobscot County, ME	2018	NA	76597	73830	2767	3.6
CN2302100000000	23	021	Piscataquis County, ME	2018	NA	7440	7143	297	4
CN2302300000000	23	023	Sagadahoc County, ME	2018	NA	19480	18972	508	2.6
CN2302500000000	23	025	Somerset County, ME	2018	NA	22732	21679	1053	4.6
CN2302700000000	23	027	Waldo County, ME	2018	NA	21123	20405	718	3.4
CN2302900000000	23	029	Washington County, ME	2018	NA	13850	13191	659	4.8
CN2303100000000	23	031	York County, ME	2018	NA	113678	110344	3334	2.9
CN2400100000000	24	001	Allegany County, MD	2018	NA	32184	30406	1778	5.5
CN2400300000000	24	003	Anne Arundel County, MD	2018	NA	313955	303453	10502	3.3
CN2400500000000	24	005	Baltimore County, MD	2018	NA	452381	433980	18401	4.1
CN2400900000000	24	009	Calvert County, MD	2018	NA	49845	48075	1770	3.6
CN2401100000000	24	011	Caroline County, MD	2018	NA	18272	17572	700	3.8
CN2401300000000	24	013	Carroll County, MD	2018	NA	95556	92453	3103	3.2
CN2401500000000	24	015	Cecil County, MD	2018	NA	52984	50629	2355	4.4
CN2401700000000	24	017	Charles County, MD	2018	NA	86841	83484	3357	3.9
CN2401900000000	24	019	Dorchester County, MD	2018	NA	15587	14776	811	5.2
CN2402100000000	24	021	Frederick County, MD	2018	NA	134003	129307	4696	3.5
CN2402300000000	24	023	Garrett County, MD	2018	NA	15597	14852	745	4.8
CN2402500000000	24	025	Harford County, MD	2018	NA	140424	135326	5098	3.6
CN2402700000000	24	027	Howard County, MD	2018	NA	186777	181148	5629	3
CN2402900000000	24	029	Kent County, MD	2018	NA	10354	9904	450	4.3
CN2403100000000	24	031	Montgomery County, MD	2018	NA	557200	539485	17715	3.2
CN2403300000000	24	033	Prince George's County, MD	2018	NA	507208	486413	20795	4.1
CN2403500000000	24	035	Queen Anne's County, MD	2018	NA	27887	26953	934	3.3
CN2403700000000	24	037	St. Mary's County, MD	2018	NA	55898	53762	2136	3.8
CN2403900000000	24	039	Somerset County, MD	2018	NA	9246	8597	649	7
CN2404100000000	24	041	Talbot County, MD	2018	NA	19739	18999	740	3.7
CN2404300000000	24	043	Washington County, MD	2018	NA	74876	71573	3303	4.4
CN2404500000000	24	045	Wicomico County, MD	2018	NA	51021	48302	2719	5.3
CN2404700000000	24	047	Worcester County, MD	2018	NA	25532	23450	2082	8.2
CN2451000000000	24	510	Baltimore city, MD	2018	NA	288238	271672	16566	5.7
CN2500100000000	25	001	Barnstable County, MA	2018	NA	115315	110350	4965	4.3
CN2500300000000	25	003	Berkshire County, MA	2018	NA	65331	62661	2670	4.1
CN2500500000000	25	005	Bristol County, MA	2018	NA	302784	289824	12960	4.3
CN2500700000000	25	007	Dukes County, MA	2018	NA	9717	9269	448	4.6
CN2500900000000	25	009	Essex County, MA	2018	NA	427449	412710	14739	3.4
CN2501100000000	25	011	Franklin County, MA	2018	NA	41118	39868	1250	3
CN2501300000000	25	013	Hampden County, MA	2018	NA	229722	219067	10655	4.6
CN2501500000000	25	015	Hampshire County, MA	2018	NA	90562	87804	2758	3
CN2501700000000	25	017	Middlesex County, MA	2018	NA	918508	893485	25023	2.7
CN2501900000000	25	019	Nantucket County/town, MA	2018	NA	7538	7205	333	4.4
CN2502100000000	25	021	Norfolk County, MA	2018	NA	390559	378881	11678	3
CN2502300000000	25	023	Plymouth County, MA	2018	NA	283373	273402	9971	3.5
CN2502500000000	25	025	Suffolk County, MA	2018	NA	455039	441272	13767	3
CN2502700000000	25	027	Worcester County, MA	2018	NA	448477	432490	15987	3.6
CN2600100000000	26	001	Alcona County, MI	2018	NA	3807	3557	250	6.6
CN2600300000000	26	003	Alger County, MI	2018	NA	3208	2954	254	7.9
CN2600500000000	26	005	Allegan County, MI	2018	NA	61917	59880	2037	3.3
CN2600700000000	26	007	Alpena County, MI	2018	NA	13333	12649	684	5.1
CN2600900000000	26	009	Antrim County, MI	2018	NA	10053	9483	570	5.7
CN2601100000000	26	011	Arenac County, MI	2018	NA	5963	5540	423	7.1
CN2601300000000	26	013	Baraga County, MI	2018	NA	3155	2962	193	6.1
CN2601500000000	26	015	Barry County, MI	2018	NA	31627	30547	1080	3.4
CN2601700000000	26	017	Bay County, MI	2018	NA	50324	47907	2417	4.8
CN2601900000000	26	019	Benzie County, MI	2018	NA	8778	8292	486	5.5
CN2602100000000	26	021	Berrien County, MI	2018	NA	73234	70071	3163	4.3
CN2602300000000	26	023	Branch County, MI	2018	NA	19314	18594	720	3.7
CN2602500000000	26	025	Calhoun County, MI	2018	NA	63021	60362	2659	4.2
CN2602700000000	26	027	Cass County, MI	2018	NA	24427	23430	997	4.1
CN2602900000000	26	029	Charlevoix County, MI	2018	NA	13098	12471	627	4.8
CN2603100000000	26	031	Cheboygan County, MI	2018	NA	10695	9711	984	9.2
CN2603300000000	26	033	Chippewa County, MI	2018	NA	16222	15142	1080	6.7
CN2603500000000	26	035	Clare County, MI	2018	NA	11800	11077	723	6.1
CN2603700000000	26	037	Clinton County, MI	2018	NA	41080	39769	1311	3.2
CN2603900000000	26	039	Crawford County, MI	2018	NA	5534	5202	332	6
CN2604100000000	26	041	Delta County, MI	2018	NA	17016	16109	907	5.3
CN2604300000000	26	043	Dickinson County, MI	2018	NA	12517	12038	479	3.8
CN2604500000000	26	045	Eaton County, MI	2018	NA	57163	55166	1997	3.5
CN2604700000000	26	047	Emmet County, MI	2018	NA	17678	16636	1042	5.9
CN2604900000000	26	049	Genesee County, MI	2018	NA	182278	173338	8940	4.9
CN2605100000000	26	051	Gladwin County, MI	2018	NA	9901	9341	560	5.7
CN2605300000000	26	053	Gogebic County, MI	2018	NA	6190	5876	314	5.1
CN2605500000000	26	055	Grand Traverse County, MI	2018	NA	49149	47325	1824	3.7
CN2605700000000	26	057	Gratiot County, MI	2018	NA	17784	16955	829	4.7
CN2605900000000	26	059	Hillsdale County, MI	2018	NA	20557	19727	830	4
CN2606100000000	26	061	Houghton County, MI	2018	NA	16148	15322	826	5.1
CN2606300000000	26	063	Huron County, MI	2018	NA	15440	14722	718	4.7
CN2606500000000	26	065	Ingham County, MI	2018	NA	151099	145594	5505	3.6
CN2606700000000	26	067	Ionia County, MI	2018	NA	29902	28868	1034	3.5
CN2606900000000	26	069	Iosco County, MI	2018	NA	10065	9423	642	6.4
CN2607100000000	26	071	Iron County, MI	2018	NA	5131	4844	287	5.6
CN2607300000000	26	073	Isabella County, MI	2018	NA	34841	33489	1352	3.9
CN2607500000000	26	075	Jackson County, MI	2018	NA	74437	71501	2936	3.9
CN2607700000000	26	077	Kalamazoo County, MI	2018	NA	133577	128995	4582	3.4
CN2607900000000	26	079	Kalkaska County, MI	2018	NA	7825	7364	461	5.9
CN2608100000000	26	081	Kent County, MI	2018	NA	359567	348807	10760	3
CN2608300000000	26	083	Keweenaw County, MI	2018	NA	881	819	62	7
CN2608500000000	26	085	Lake County, MI	2018	NA	3631	3383	248	6.8
CN2608700000000	26	087	Lapeer County, MI	2018	NA	40985	38861	2124	5.2
CN2608900000000	26	089	Leelanau County, MI	2018	NA	10410	9965	445	4.3
CN2609100000000	26	091	Lenawee County, MI	2018	NA	46807	44895	1912	4.1
CN2609300000000	26	093	Livingston County, MI	2018	NA	103175	99794	3381	3.3
CN2609500000000	26	095	Luce County, MI	2018	NA	2377	2228	149	6.3
CN2609700000000	26	097	Mackinac County, MI	2018	NA	5194	4701	493	9.5
CN2609900000000	26	099	Macomb County, MI	2018	NA	445932	427957	17975	4
CN2610100000000	26	101	Manistee County, MI	2018	NA	10335	9734	601	5.8
CN2610300000000	26	103	Marquette County, MI	2018	NA	32472	30880	1592	4.9
CN2610500000000	26	105	Mason County, MI	2018	NA	13765	13091	674	4.9
CN2610700000000	26	107	Mecosta County, MI	2018	NA	18462	17537	925	5
CN2610900000000	26	109	Menominee County, MI	2018	NA	10983	10539	444	4
CN2611100000000	26	111	Midland County, MI	2018	NA	40652	39033	1619	4
CN2611300000000	26	113	Missaukee County, MI	2018	NA	6868	6516	352	5.1
CN2611500000000	26	115	Monroe County, MI	2018	NA	75898	72709	3189	4.2
CN2611700000000	26	117	Montcalm County, MI	2018	NA	28307	27099	1208	4.3
CN2611900000000	26	119	Montmorency County, MI	2018	NA	3014	2750	264	8.8
CN2612100000000	26	121	Muskegon County, MI	2018	NA	77959	74390	3569	4.6
CN2612300000000	26	123	Newaygo County, MI	2018	NA	23168	22152	1016	4.4
CN2612500000000	26	125	Oakland County, MI	2018	NA	673420	650941	22479	3.3
CN2612700000000	26	127	Oceana County, MI	2018	NA	12021	11271	750	6.2
CN2612900000000	26	129	Ogemaw County, MI	2018	NA	8201	7633	568	6.9
CN2613100000000	26	131	Ontonagon County, MI	2018	NA	2095	1931	164	7.8
CN2613300000000	26	133	Osceola County, MI	2018	NA	10882	10398	484	4.4
CN2613500000000	26	135	Oscoda County, MI	2018	NA	2947	2757	190	6.4
CN2613700000000	26	137	Otsego County, MI	2018	NA	11589	10978	611	5.3
CN2613900000000	26	139	Ottawa County, MI	2018	NA	160745	156190	4555	2.8
CN2614100000000	26	141	Presque Isle County, MI	2018	NA	5036	4633	403	8
CN2614300000000	26	143	Roscommon County, MI	2018	NA	7844	7232	612	7.8
CN2614500000000	26	145	Saginaw County, MI	2018	NA	87068	82926	4142	4.8
CN2614700000000	26	147	St. Clair County, MI	2018	NA	75419	71837	3582	4.7
CN2614900000000	26	149	St. Joseph County, MI	2018	NA	28289	27232	1057	3.7
CN2615100000000	26	151	Sanilac County, MI	2018	NA	19209	18216	993	5.2
CN2615300000000	26	153	Schoolcraft County, MI	2018	NA	3364	3123	241	7.2
CN2615500000000	26	155	Shiawassee County, MI	2018	NA	33231	31798	1433	4.3
CN2615700000000	26	157	Tuscola County, MI	2018	NA	23758	22457	1301	5.5
CN2615900000000	26	159	Van Buren County, MI	2018	NA	35067	33345	1722	4.9
CN2616100000000	26	161	Washtenaw County, MI	2018	NA	195926	189923	6003	3.1
CN2616300000000	26	163	Wayne County, MI	2018	NA	797770	756452	41318	5.2
CN2616500000000	26	165	Wexford County, MI	2018	NA	14710	14019	691	4.7
CN2700100000000	27	001	Aitkin County, MN	2018	NA	7186	6780	406	5.6
CN2700300000000	27	003	Anoka County, MN	2018	NA	196693	191195	5498	2.8
CN2700500000000	27	005	Becker County, MN	2018	NA	18606	17938	668	3.6
CN2700700000000	27	007	Beltrami County, MN	2018	NA	24154	23158	996	4.1
CN2700900000000	27	009	Benton County, MN	2018	NA	21839	21071	768	3.5
CN2701100000000	27	011	Big Stone County, MN	2018	NA	2502	2406	96	3.8
CN2701300000000	27	013	Blue Earth County, MN	2018	NA	40304	39284	1020	2.5
CN2701500000000	27	015	Brown County, MN	2018	NA	14477	13986	491	3.4
CN2701700000000	27	017	Carlton County, MN	2018	NA	17828	17091	737	4.1
CN2701900000000	27	019	Carver County, MN	2018	NA	58287	56844	1443	2.5
CN2702100000000	27	021	Cass County, MN	2018	NA	14285	13544	741	5.2
CN2702300000000	27	023	Chippewa County, MN	2018	NA	6880	6659	221	3.2
CN2702500000000	27	025	Chisago County, MN	2018	NA	29794	28786	1008	3.4
CN2702700000000	27	027	Clay County, MN	2018	NA	35653	34622	1031	2.9
CN2702900000000	27	029	Clearwater County, MN	2018	NA	4466	4100	366	8.2
CN2703100000000	27	031	Cook County, MN	2018	NA	3046	2940	106	3.5
CN2703300000000	27	033	Cottonwood County, MN	2018	NA	5804	5596	208	3.6
CN2703500000000	27	035	Crow Wing County, MN	2018	NA	32167	30886	1281	4
CN2703700000000	27	037	Dakota County, MN	2018	NA	240364	234205	6159	2.6
CN2703900000000	27	039	Dodge County, MN	2018	NA	11771	11414	357	3
CN2704100000000	27	041	Douglas County, MN	2018	NA	20605	20018	587	2.8
CN2704300000000	27	043	Faribault County, MN	2018	NA	6989	6746	243	3.5
CN2704500000000	27	045	Fillmore County, MN	2018	NA	11480	11120	360	3.1
CN2704700000000	27	047	Freeborn County, MN	2018	NA	16023	15508	515	3.2
CN2704900000000	27	049	Goodhue County, MN	2018	NA	26781	26038	743	2.8
CN2705100000000	27	051	Grant County, MN	2018	NA	3298	3165	133	4
CN2705300000000	27	053	Hennepin County, MN	2018	NA	702946	685282	17664	2.5
CN2705500000000	27	055	Houston County, MN	2018	NA	10393	10093	300	2.9
CN2705700000000	27	057	Hubbard County, MN	2018	NA	9875	9379	496	5
CN2705900000000	27	059	Isanti County, MN	2018	NA	21201	20406	795	3.7
CN2706100000000	27	061	Itasca County, MN	2018	NA	21784	20599	1185	5.4
CN2706300000000	27	063	Jackson County, MN	2018	NA	5713	5545	168	2.9
CN2706500000000	27	065	Kanabec County, MN	2018	NA	8943	8449	494	5.5
CN2706700000000	27	067	Kandiyohi County, MN	2018	NA	24730	23996	734	3
CN2706900000000	27	069	Kittson County, MN	2018	NA	2334	2266	68	2.9
CN2707100000000	27	071	Koochiching County, MN	2018	NA	5937	5572	365	6.1
CN2707300000000	27	073	Lac qui Parle County, MN	2018	NA	3520	3391	129	3.7
CN2707500000000	27	075	Lake County, MN	2018	NA	5477	5303	174	3.2
CN2707700000000	27	077	Lake of the Woods County, MN	2018	NA	2399	2307	92	3.8
CN2707900000000	27	079	Le Sueur County, MN	2018	NA	16074	15404	670	4.2
CN2708100000000	27	081	Lincoln County, MN	2018	NA	3260	3161	99	3
CN2708300000000	27	083	Lyon County, MN	2018	NA	14757	14333	424	2.9
CN2708500000000	27	085	McLeod County, MN	2018	NA	19521	18905	616	3.2
CN2708700000000	27	087	Mahnomen County, MN	2018	NA	2323	2215	108	4.6
CN2708900000000	27	089	Marshall County, MN	2018	NA	5418	5101	317	5.9
CN2709100000000	27	091	Martin County, MN	2018	NA	10260	9935	325	3.2
CN2709300000000	27	093	Meeker County, MN	2018	NA	13159	12697	462	3.5
CN2709500000000	27	095	Mille Lacs County, MN	2018	NA	12837	12212	625	4.9
CN2709700000000	27	097	Morrison County, MN	2018	NA	17542	16711	831	4.7
CN2709900000000	27	099	Mower County, MN	2018	NA	20385	19829	556	2.7
CN2710100000000	27	101	Murray County, MN	2018	NA	4879	4695	184	3.8
CN2710300000000	27	103	Nicollet County, MN	2018	NA	20785	20322	463	2.2
CN2710500000000	27	105	Nobles County, MN	2018	NA	11291	10994	297	2.6
CN2710700000000	27	107	Norman County, MN	2018	NA	3357	3211	146	4.3
CN2710900000000	27	109	Olmsted County, MN	2018	NA	87755	85721	2034	2.3
CN2711100000000	27	111	Otter Tail County, MN	2018	NA	31356	30216	1140	3.6
CN2711300000000	27	113	Pennington County, MN	2018	NA	8765	8397	368	4.2
CN2711500000000	27	115	Pine County, MN	2018	NA	14868	14139	729	4.9
CN2711700000000	27	117	Pipestone County, MN	2018	NA	4931	4787	144	2.9
CN2711900000000	27	119	Polk County, MN	2018	NA	16696	16076	620	3.7
CN2712100000000	27	121	Pope County, MN	2018	NA	6411	6242	169	2.6
CN2712300000000	27	123	Ramsey County, MN	2018	NA	288134	280330	7804	2.7
CN2712500000000	27	125	Red Lake County, MN	2018	NA	2226	2111	115	5.2
CN2712700000000	27	127	Redwood County, MN	2018	NA	7610	7335	275	3.6
CN2712900000000	27	129	Renville County, MN	2018	NA	8714	8367	347	4
CN2713100000000	27	131	Rice County, MN	2018	NA	36904	35874	1030	2.8
CN2713300000000	27	133	Rock County, MN	2018	NA	5696	5564	132	2.3
CN2713500000000	27	135	Roseau County, MN	2018	NA	7889	7623	266	3.4
CN2713700000000	27	137	St. Louis County, MN	2018	NA	101903	98115	3788	3.7
CN2713900000000	27	139	Scott County, MN	2018	NA	83167	81074	2093	2.5
CN2714100000000	27	141	Sherburne County, MN	2018	NA	52162	50506	1656	3.2
CN2714300000000	27	143	Sibley County, MN	2018	NA	8508	8237	271	3.2
CN2714500000000	27	145	Stearns County, MN	2018	NA	90056	87384	2672	3
CN2714700000000	27	147	Steele County, MN	2018	NA	20465	19854	611	3
CN2714900000000	27	149	Stevens County, MN	2018	NA	5444	5314	130	2.4
CN2715100000000	27	151	Swift County, MN	2018	NA	5015	4830	185	3.7
CN2715300000000	27	153	Todd County, MN	2018	NA	13478	12948	530	3.9
CN2715500000000	27	155	Traverse County, MN	2018	NA	1776	1718	58	3.3
CN2715700000000	27	157	Wabasha County, MN	2018	NA	12213	11848	365	3
CN2715900000000	27	159	Wadena County, MN	2018	NA	5907	5597	310	5.2
CN2716100000000	27	161	Waseca County, MN	2018	NA	8974	8606	368	4.1
CN2716300000000	27	163	Washington County, MN	2018	NA	142624	139023	3601	2.5
CN2716500000000	27	165	Watonwan County, MN	2018	NA	6521	6294	227	3.5
CN2716700000000	27	167	Wilkin County, MN	2018	NA	3521	3415	106	3
CN2716900000000	27	169	Winona County, MN	2018	NA	28698	27941	757	2.6
CN2717100000000	27	171	Wright County, MN	2018	NA	75330	73073	2257	3
CN2717300000000	27	173	Yellow Medicine County, MN	2018	NA	5346	5185	161	3
CN2800100000000	28	001	Adams County, MS	2018	NA	11224	10511	713	6.4
CN2800300000000	28	003	Alcorn County, MS	2018	NA	16103	15431	672	4.2
CN2800500000000	28	005	Amite County, MS	2018	NA	4382	4110	272	6.2
CN2800700000000	28	007	Attala County, MS	2018	NA	6955	6561	394	5.7
CN2800900000000	28	009	Benton County, MS	2018	NA	3028	2857	171	5.6
CN2801100000000	28	011	Bolivar County, MS	2018	NA	12389	11628	761	6.1
CN2801300000000	28	013	Calhoun County, MS	2018	NA	5558	5297	261	4.7
CN2801500000000	28	015	Carroll County, MS	2018	NA	3445	3249	196	5.7
CN2801700000000	28	017	Chickasaw County, MS	2018	NA	7006	6653	353	5
CN2801900000000	28	019	Choctaw County, MS	2018	NA	3709	3526	183	4.9
CN2802100000000	28	021	Claiborne County, MS	2018	NA	3013	2735	278	9.2
CN2802300000000	28	023	Clarke County, MS	2018	NA	5947	5614	333	5.6
CN2802500000000	28	025	Clay County, MS	2018	NA	7688	7218	470	6.1
CN2802700000000	28	027	Coahoma County, MS	2018	NA	8379	7786	593	7.1
CN2802900000000	28	029	Copiah County, MS	2018	NA	11133	10508	625	5.6
CN2803100000000	28	031	Covington County, MS	2018	NA	8072	7709	363	4.5
CN2803300000000	28	033	DeSoto County, MS	2018	NA	90547	87088	3459	3.8
CN2803500000000	28	035	Forrest County, MS	2018	NA	33104	31614	1490	4.5
CN2803700000000	28	037	Franklin County, MS	2018	NA	2806	2639	167	6
CN2803900000000	28	039	George County, MS	2018	NA	8782	8206	576	6.6
CN2804100000000	28	041	Greene County, MS	2018	NA	4286	4015	271	6.3
CN2804300000000	28	043	Grenada County, MS	2018	NA	9556	9144	412	4.3
CN2804500000000	28	045	Hancock County, MS	2018	NA	18654	17699	955	5.1
CN2804700000000	28	047	Harrison County, MS	2018	NA	85854	81863	3991	4.6
CN2804900000000	28	049	Hinds County, MS	2018	NA	106905	101839	5066	4.7
CN2805100000000	28	051	Holmes County, MS	2018	NA	5685	5173	512	9
CN2805300000000	28	053	Humphreys County, MS	2018	NA	2193	1998	195	8.9
CN2805500000000	28	055	Issaquena County, MS	2018	NA	369	336	33	8.9
CN2805700000000	28	057	Itawamba County, MS	2018	NA	10378	9955	423	4.1
CN2805900000000	28	059	Jackson County, MS	2018	NA	58245	54937	3308	5.7
CN2806100000000	28	061	Jasper County, MS	2018	NA	5990	5633	357	6
CN2806300000000	28	063	Jefferson County, MS	2018	NA	2021	1754	267	13.2
CN2806500000000	28	065	Jefferson Davis County, MS	2018	NA	4096	3821	275	6.7
CN2806700000000	28	067	Jones County, MS	2018	NA	25564	24309	1255	4.9
CN2806900000000	28	069	Kemper County, MS	2018	NA	3566	3299	267	7.5
CN2807100000000	28	071	Lafayette County, MS	2018	NA	28116	27007	1109	3.9
CN2807300000000	28	073	Lamar County, MS	2018	NA	30610	29477	1133	3.7
CN2807500000000	28	075	Lauderdale County, MS	2018	NA	30752	29209	1543	5
CN2807700000000	28	077	Lawrence County, MS	2018	NA	4638	4362	276	6
CN2807900000000	28	079	Leake County, MS	2018	NA	7832	7436	396	5.1
CN2808100000000	28	081	Lee County, MS	2018	NA	40718	39130	1588	3.9
CN2808300000000	28	083	Leflore County, MS	2018	NA	9945	9250	695	7
CN2808500000000	28	085	Lincoln County, MS	2018	NA	14584	13892	692	4.7
CN2808700000000	28	087	Lowndes County, MS	2018	NA	25142	23912	1230	4.9
CN2808900000000	28	089	Madison County, MS	2018	NA	53151	51163	1988	3.7
CN2809100000000	28	091	Marion County, MS	2018	NA	10023	9503	520	5.2
CN2809300000000	28	093	Marshall County, MS	2018	NA	14350	13626	724	5
CN2809500000000	28	095	Monroe County, MS	2018	NA	15416	14658	758	4.9
CN2809700000000	28	097	Montgomery County, MS	2018	NA	4001	3787	214	5.3
CN2809900000000	28	099	Neshoba County, MS	2018	NA	10158	9645	513	5.1
CN2810100000000	28	101	Newton County, MS	2018	NA	8764	8342	422	4.8
CN2810300000000	28	103	Noxubee County, MS	2018	NA	3803	3545	258	6.8
CN2810500000000	28	105	Oktibbeha County, MS	2018	NA	22346	21282	1064	4.8
CN2810700000000	28	107	Panola County, MS	2018	NA	12826	12043	783	6.1
CN2810900000000	28	109	Pearl River County, MS	2018	NA	23505	22382	1123	4.8
CN2811100000000	28	111	Perry County, MS	2018	NA	4259	4006	253	5.9
CN2811300000000	28	113	Pike County, MS	2018	NA	14454	13608	846	5.9
CN2811500000000	28	115	Pontotoc County, MS	2018	NA	14603	14036	567	3.9
CN2811700000000	28	117	Prentiss County, MS	2018	NA	11235	10747	488	4.3
CN2811900000000	28	119	Quitman County, MS	2018	NA	2356	2173	183	7.8
CN2812100000000	28	121	Rankin County, MS	2018	NA	76098	73449	2649	3.5
CN2812300000000	28	123	Scott County, MS	2018	NA	12913	12398	515	4
CN2812500000000	28	125	Sharkey County, MS	2018	NA	1605	1487	118	7.4
CN2812700000000	28	127	Simpson County, MS	2018	NA	10726	10230	496	4.6
CN2812900000000	28	129	Smith County, MS	2018	NA	6750	6450	300	4.4
CN2813100000000	28	131	Stone County, MS	2018	NA	6712	6320	392	5.8
CN2813300000000	28	133	Sunflower County, MS	2018	NA	7774	7160	614	7.9
CN2813500000000	28	135	Tallahatchie County, MS	2018	NA	5262	4978	284	5.4
CN2813700000000	28	137	Tate County, MS	2018	NA	12259	11646	613	5
CN2813900000000	28	139	Tippah County, MS	2018	NA	9438	9026	412	4.4
CN2814100000000	28	141	Tishomingo County, MS	2018	NA	8497	8106	391	4.6
CN2814300000000	28	143	Tunica County, MS	2018	NA	4395	4156	239	5.4
CN2814500000000	28	145	Union County, MS	2018	NA	14018	13520	498	3.6
CN2814700000000	28	147	Walthall County, MS	2018	NA	5048	4722	326	6.5
CN2814900000000	28	149	Warren County, MS	2018	NA	20454	19336	1118	5.5
CN2815100000000	28	151	Washington County, MS	2018	NA	17231	16056	1175	6.8
CN2815300000000	28	153	Wayne County, MS	2018	NA	7314	6911	403	5.5
CN2815500000000	28	155	Webster County, MS	2018	NA	3898	3704	194	5
CN2815700000000	28	157	Wilkinson County, MS	2018	NA	2773	2533	240	8.7
CN2815900000000	28	159	Winston County, MS	2018	NA	7292	6874	418	5.7
CN2816100000000	28	161	Yalobusha County, MS	2018	NA	5109	4856	253	5
CN2816300000000	28	163	Yazoo County, MS	2018	NA	9357	8831	526	5.6
CN2900100000000	29	001	Adair County, MO	2018	NA	10631	10259	372	3.5
CN2900300000000	29	003	Andrew County, MO	2018	NA	9725	9472	253	2.6
CN2900500000000	29	005	Atchison County, MO	2018	NA	2768	2700	68	2.5
CN2900700000000	29	007	Audrain County, MO	2018	NA	10798	10469	329	3
CN2900900000000	29	009	Barry County, MO	2018	NA	15624	15167	457	2.9
CN2901100000000	29	011	Barton County, MO	2018	NA	5183	5025	158	3
CN2901300000000	29	013	Bates County, MO	2018	NA	7861	7561	300	3.8
CN2901500000000	29	015	Benton County, MO	2018	NA	7170	6850	320	4.5
CN2901700000000	29	017	Bollinger County, MO	2018	NA	5434	5240	194	3.6
CN2901900000000	29	019	Boone County, MO	2018	NA	97667	95474	2193	2.2
CN2902100000000	29	021	Buchanan County, MO	2018	NA	44392	43091	1301	2.9
CN2902300000000	29	023	Butler County, MO	2018	NA	18123	17305	818	4.5
CN2902500000000	29	025	Caldwell County, MO	2018	NA	4357	4221	136	3.1
CN2902700000000	29	027	Callaway County, MO	2018	NA	21145	20538	607	2.9
CN2902900000000	29	029	Camden County, MO	2018	NA	18605	17828	777	4.2
CN2903100000000	29	031	Cape Girardeau County, MO	2018	NA	40276	39183	1093	2.7
CN2903300000000	29	033	Carroll County, MO	2018	NA	4667	4522	145	3.1
CN2903500000000	29	035	Carter County, MO	2018	NA	2507	2382	125	5
CN2903700000000	29	037	Cass County, MO	2018	NA	54304	52656	1648	3
CN2903900000000	29	039	Cedar County, MO	2018	NA	5703	5510	193	3.4
CN2904100000000	29	041	Chariton County, MO	2018	NA	3767	3663	104	2.8
CN2904300000000	29	043	Christian County, MO	2018	NA	44076	42953	1123	2.5
CN2904500000000	29	045	Clark County, MO	2018	NA	3205	3083	122	3.8
CN2904700000000	29	047	Clay County, MO	2018	NA	134988	131103	3885	2.9
CN2904900000000	29	049	Clinton County, MO	2018	NA	10673	10335	338	3.2
CN2905100000000	29	051	Cole County, MO	2018	NA	38512	37566	946	2.5
CN2905300000000	29	053	Cooper County, MO	2018	NA	7425	7198	227	3.1
CN2905500000000	29	055	Crawford County, MO	2018	NA	10849	10432	417	3.8
CN2905700000000	29	057	Dade County, MO	2018	NA	3569	3474	95	2.7
CN2905900000000	29	059	Dallas County, MO	2018	NA	6955	6684	271	3.9
CN2906100000000	29	061	Daviess County, MO	2018	NA	4038	3918	120	3
CN2906300000000	29	063	DeKalb County, MO	2018	NA	4852	4702	150	3.1
CN2906500000000	29	065	Dent County, MO	2018	NA	6213	6011	202	3.3
CN2906700000000	29	067	Douglas County, MO	2018	NA	5066	4842	224	4.4
CN2906900000000	29	069	Dunklin County, MO	2018	NA	12031	11379	652	5.4
CN2907100000000	29	071	Franklin County, MO	2018	NA	52594	51005	1589	3
CN2907300000000	29	073	Gasconade County, MO	2018	NA	7746	7524	222	2.9
CN2907500000000	29	075	Gentry County, MO	2018	NA	3577	3492	85	2.4
CN2907700000000	29	077	Greene County, MO	2018	NA	148451	144698	3753	2.5
CN2907900000000	29	079	Grundy County, MO	2018	NA	4544	4383	161	3.5
CN2908100000000	29	081	Harrison County, MO	2018	NA	3846	3730	116	3
CN2908300000000	29	083	Henry County, MO	2018	NA	9794	9450	344	3.5
CN2908500000000	29	085	Hickory County, MO	2018	NA	3843	3687	156	4.1
CN2908700000000	29	087	Holt County, MO	2018	NA	2650	2588	62	2.3
CN2908900000000	29	089	Howard County, MO	2018	NA	4972	4834	138	2.8
CN2909100000000	29	091	Howell County, MO	2018	NA	16274	15704	570	3.5
CN2909300000000	29	093	Iron County, MO	2018	NA	3537	3349	188	5.3
CN2909500000000	29	095	Jackson County, MO	2018	NA	359032	345609	13423	3.7
CN2909700000000	29	097	Jasper County, MO	2018	NA	56539	54995	1544	2.7
CN2909900000000	29	099	Jefferson County, MO	2018	NA	116778	113195	3583	3.1
CN2910100000000	29	101	Johnson County, MO	2018	NA	22772	21941	831	3.6
CN2910300000000	29	103	Knox County, MO	2018	NA	1918	1864	54	2.8
CN2910500000000	29	105	Laclede County, MO	2018	NA	16792	16179	613	3.7
CN2910700000000	29	107	Lafayette County, MO	2018	NA	16757	16219	538	3.2
CN2910900000000	29	109	Lawrence County, MO	2018	NA	18090	17545	545	3
CN2911100000000	29	111	Lewis County, MO	2018	NA	5077	4935	142	2.8
CN2911300000000	29	113	Lincoln County, MO	2018	NA	28157	27255	902	3.2
CN2911500000000	29	115	Linn County, MO	2018	NA	5127	4890	237	4.6
CN2911700000000	29	117	Livingston County, MO	2018	NA	7508	7324	184	2.5
CN2911900000000	29	119	McDonald County, MO	2018	NA	10460	10143	317	3
CN2912100000000	29	121	Macon County, MO	2018	NA	7618	7395	223	2.9
CN2912300000000	29	123	Madison County, MO	2018	NA	5463	5273	190	3.5
CN2912500000000	29	125	Maries County, MO	2018	NA	3878	3752	126	3.2
CN2912700000000	29	127	Marion County, MO	2018	NA	14451	14010	441	3.1
CN2912900000000	29	129	Mercer County, MO	2018	NA	1908	1850	58	3
CN2913100000000	29	131	Miller County, MO	2018	NA	12132	11696	436	3.6
CN2913300000000	29	133	Mississippi County, MO	2018	NA	5944	5721	223	3.8
CN2913500000000	29	135	Moniteau County, MO	2018	NA	7290	7076	214	2.9
CN2913700000000	29	137	Monroe County, MO	2018	NA	3962	3823	139	3.5
CN2913900000000	29	139	Montgomery County, MO	2018	NA	5695	5532	163	2.9
CN2914100000000	29	141	Morgan County, MO	2018	NA	7972	7637	335	4.2
CN2914300000000	29	143	New Madrid County, MO	2018	NA	8036	7660	376	4.7
CN2914500000000	29	145	Newton County, MO	2018	NA	27087	26277	810	3
CN2914700000000	29	147	Nodaway County, MO	2018	NA	10660	10354	306	2.9
CN2914900000000	29	149	Oregon County, MO	2018	NA	3945	3810	135	3.4
CN2915100000000	29	151	Osage County, MO	2018	NA	7062	6895	167	2.4
CN2915300000000	29	153	Ozark County, MO	2018	NA	3446	3271	175	5.1
CN2915500000000	29	155	Pemiscot County, MO	2018	NA	6319	5978	341	5.4
CN2915700000000	29	157	Perry County, MO	2018	NA	10183	9949	234	2.3
CN2915900000000	29	159	Pettis County, MO	2018	NA	20764	19916	848	4.1
CN2916100000000	29	161	Phelps County, MO	2018	NA	19687	19089	598	3
CN2916300000000	29	163	Pike County, MO	2018	NA	7682	7407	275	3.6
CN2916500000000	29	165	Platte County, MO	2018	NA	58039	56565	1474	2.5
CN2916700000000	29	167	Polk County, MO	2018	NA	14412	13893	519	3.6
CN2916900000000	29	169	Pulaski County, MO	2018	NA	14619	14099	520	3.6
CN2917100000000	29	171	Putnam County, MO	2018	NA	2424	2341	83	3.4
CN2917300000000	29	173	Ralls County, MO	2018	NA	5619	5463	156	2.8
CN2917500000000	29	175	Randolph County, MO	2018	NA	10244	9858	386	3.8
CN2917700000000	29	177	Ray County, MO	2018	NA	10917	10525	392	3.6
CN2917900000000	29	179	Reynolds County, MO	2018	NA	3036	2942	94	3.1
CN2918100000000	29	181	Ripley County, MO	2018	NA	5100	4837	263	5.2
CN2918300000000	29	183	St. Charles County, MO	2018	NA	224590	219001	5589	2.5
CN2918500000000	29	185	St. Clair County, MO	2018	NA	3794	3631	163	4.3
CN2918600000000	29	186	Ste. Genevieve County, MO	2018	NA	9207	8952	255	2.8
CN2918700000000	29	187	St. Francois County, MO	2018	NA	26531	25577	954	3.6
CN2918900000000	29	189	St. Louis County, MO	2018	NA	526570	511002	15568	3
CN2919500000000	29	195	Saline County, MO	2018	NA	10734	10408	326	3
CN2919700000000	29	197	Schuyler County, MO	2018	NA	2012	1931	81	4
CN2919900000000	29	199	Scotland County, MO	2018	NA	2393	2326	67	2.8
CN2920100000000	29	201	Scott County, MO	2018	NA	20058	19383	675	3.4
CN2920300000000	29	203	Shannon County, MO	2018	NA	3240	3081	159	4.9
CN2920500000000	29	205	Shelby County, MO	2018	NA	3025	2933	92	3
CN2920700000000	29	207	Stoddard County, MO	2018	NA	13094	12522	572	4.4
CN2920900000000	29	209	Stone County, MO	2018	NA	13732	13096	636	4.6
CN2921100000000	29	211	Sullivan County, MO	2018	NA	2799	2712	87	3.1
CN2921300000000	29	213	Taney County, MO	2018	NA	26951	25569	1382	5.1
CN2921500000000	29	215	Texas County, MO	2018	NA	9034	8672	362	4
CN2921700000000	29	217	Vernon County, MO	2018	NA	9574	9277	297	3.1
CN2921900000000	29	219	Warren County, MO	2018	NA	17779	17288	491	2.8
CN2922100000000	29	221	Washington County, MO	2018	NA	10214	9766	448	4.4
CN2922300000000	29	223	Wayne County, MO	2018	NA	5341	5088	253	4.7
CN2922500000000	29	225	Webster County, MO	2018	NA	16987	16467	520	3.1
CN2922700000000	29	227	Worth County, MO	2018	NA	1193	1159	34	2.8
CN2922900000000	29	229	Wright County, MO	2018	NA	7427	7123	304	4.1
CN2951000000000	29	510	St. Louis city, MO	2018	NA	151245	145477	5768	3.8
CN3000100000000	30	001	Beaverhead County, MT	2018	NA	5033	4880	153	3
CN3000300000000	30	003	Big Horn County, MT	2018	NA	5091	4611	480	9.4
CN3000500000000	30	005	Blaine County, MT	2018	NA	2292	2197	95	4.1
CN3000700000000	30	007	Broadwater County, MT	2018	NA	2622	2520	102	3.9
CN3000900000000	30	009	Carbon County, MT	2018	NA	5471	5282	189	3.5
CN3001100000000	30	011	Carter County, MT	2018	NA	666	649	17	2.6
CN3001300000000	30	013	Cascade County, MT	2018	NA	37781	36453	1328	3.5
CN3001500000000	30	015	Chouteau County, MT	2018	NA	2472	2399	73	3
CN3001700000000	30	017	Custer County, MT	2018	NA	6067	5884	183	3
CN3001900000000	30	019	Daniels County, MT	2018	NA	882	864	18	2
CN3002100000000	30	021	Dawson County, MT	2018	NA	4627	4506	121	2.6
CN3002300000000	30	023	Deer Lodge County, MT	2018	NA	5124	4945	179	3.5
CN3002500000000	30	025	Fallon County, MT	2018	NA	1694	1664	30	1.8
CN3002700000000	30	027	Fergus County, MT	2018	NA	5804	5596	208	3.6
CN3002900000000	30	029	Flathead County, MT	2018	NA	47769	45514	2255	4.7
CN3003100000000	30	031	Gallatin County, MT	2018	NA	66809	65149	1660	2.5
CN3003300000000	30	033	Garfield County, MT	2018	NA	736	716	20	2.7
CN3003500000000	30	035	Glacier County, MT	2018	NA	5700	5264	436	7.6
CN3003700000000	30	037	Golden Valley County, MT	2018	NA	369	352	17	4.6
CN3003900000000	30	039	Granite County, MT	2018	NA	1692	1604	88	5.2
CN3004100000000	30	041	Hill County, MT	2018	NA	7669	7404	265	3.5
CN3004300000000	30	043	Jefferson County, MT	2018	NA	5637	5426	211	3.7
CN3004500000000	30	045	Judith Basin County, MT	2018	NA	911	881	30	3.3
CN3004700000000	30	047	Lake County, MT	2018	NA	13111	12562	549	4.2
CN3004900000000	30	049	Lewis and Clark County, MT	2018	NA	35378	34223	1155	3.3
CN3005100000000	30	051	Liberty County, MT	2018	NA	960	936	24	2.5
CN3005300000000	30	053	Lincoln County, MT	2018	NA	8062	7477	585	7.3
CN3005500000000	30	055	McCone County, MT	2018	NA	967	949	18	1.9
CN3005700000000	30	057	Madison County, MT	2018	NA	4573	4412	161	3.5
CN3005900000000	30	059	Meagher County, MT	2018	NA	956	920	36	3.8
CN3006100000000	30	061	Mineral County, MT	2018	NA	1717	1596	121	7
CN3006300000000	30	063	Missoula County, MT	2018	NA	63147	61087	2060	3.3
CN3006500000000	30	065	Musselshell County, MT	2018	NA	2279	2185	94	4.1
CN3006700000000	30	067	Park County, MT	2018	NA	8836	8504	332	3.8
CN3006900000000	30	069	Petroleum County, MT	2018	NA	281	270	11	3.9
CN3007100000000	30	071	Phillips County, MT	2018	NA	1901	1817	84	4.4
CN3007300000000	30	073	Pondera County, MT	2018	NA	2714	2607	107	3.9
CN3007500000000	30	075	Powder River County, MT	2018	NA	967	940	27	2.8
CN3007700000000	30	077	Powell County, MT	2018	NA	2914	2796	118	4
CN3007900000000	30	079	Prairie County, MT	2018	NA	487	469	18	3.7
CN3008100000000	30	081	Ravalli County, MT	2018	NA	19929	19110	819	4.1
CN3008300000000	30	083	Richland County, MT	2018	NA	5872	5698	174	3
CN3008500000000	30	085	Roosevelt County, MT	2018	NA	4466	4267	199	4.5
CN3008700000000	30	087	Rosebud County, MT	2018	NA	3860	3662	198	5.1
CN3008900000000	30	089	Sanders County, MT	2018	NA	4775	4476	299	6.3
CN3009100000000	30	091	Sheridan County, MT	2018	NA	1757	1717	40	2.3
CN3009300000000	30	093	Silver Bow County, MT	2018	NA	17223	16548	675	3.9
CN3009500000000	30	095	Stillwater County, MT	2018	NA	4938	4773	165	3.3
CN3009700000000	30	097	Sweet Grass County, MT	2018	NA	1774	1721	53	3
CN3009900000000	30	099	Teton County, MT	2018	NA	2696	2607	89	3.3
CN3010100000000	30	101	Toole County, MT	2018	NA	2128	2075	53	2.5
CN3010300000000	30	103	Treasure County, MT	2018	NA	333	324	9	2.7
CN3010500000000	30	105	Valley County, MT	2018	NA	4119	3996	123	3
CN3010700000000	30	107	Wheatland County, MT	2018	NA	800	761	39	4.9
CN3010900000000	30	109	Wibaux County, MT	2018	NA	465	449	16	3.4
CN3011100000000	30	111	Yellowstone County, MT	2018	NA	81536	78878	2658	3.3
CN3100100000000	31	001	Adams County, NE	2018	NA	16564	16069	495	3
CN3100300000000	31	003	Antelope County, NE	2018	NA	3568	3479	89	2.5
CN3100500000000	31	005	Arthur County, NE	2018	NA	221	210	11	5
CN3100700000000	31	007	Banner County, NE	2018	NA	379	365	14	3.7
CN3100900000000	31	009	Blaine County, NE	2018	NA	261	249	12	4.6
CN3101100000000	31	011	Boone County, NE	2018	NA	2911	2844	67	2.3
CN3101300000000	31	013	Box Butte County, NE	2018	NA	5401	5245	156	2.9
CN3101500000000	31	015	Boyd County, NE	2018	NA	1076	1043	33	3.1
CN3101700000000	31	017	Brown County, NE	2018	NA	1389	1341	48	3.5
CN3101900000000	31	019	Buffalo County, NE	2018	NA	27717	27041	676	2.4
CN3102100000000	31	021	Burt County, NE	2018	NA	3463	3343	120	3.5
CN3102300000000	31	023	Butler County, NE	2018	NA	4546	4436	110	2.4
CN3102500000000	31	025	Cass County, NE	2018	NA	13325	12911	414	3.1
CN3102700000000	31	027	Cedar County, NE	2018	NA	4470	4363	107	2.4
CN3102900000000	31	029	Chase County, NE	2018	NA	2275	2224	51	2.2
CN3103100000000	31	031	Cherry County, NE	2018	NA	3334	3259	75	2.2
CN3103300000000	31	033	Cheyenne County, NE	2018	NA	4696	4561	135	2.9
CN3103500000000	31	035	Clay County, NE	2018	NA	3249	3144	105	3.2
CN3103700000000	31	037	Colfax County, NE	2018	NA	5588	5449	139	2.5
CN3103900000000	31	039	Cuming County, NE	2018	NA	4689	4568	121	2.6
CN3104100000000	31	041	Custer County, NE	2018	NA	6418	6277	141	2.2
CN3104300000000	31	043	Dakota County, NE	2018	NA	10676	10285	391	3.7
CN3104500000000	31	045	Dawes County, NE	2018	NA	5019	4882	137	2.7
CN3104700000000	31	047	Dawson County, NE	2018	NA	12934	12562	372	2.9
CN3104900000000	31	049	Deuel County, NE	2018	NA	960	931	29	3
CN3105100000000	31	051	Dixon County, NE	2018	NA	3011	2916	95	3.2
CN3105300000000	31	053	Dodge County, NE	2018	NA	19402	18845	557	2.9
CN3105500000000	31	055	Douglas County, NE	2018	NA	294689	285210	9479	3.2
CN3105700000000	31	057	Dundy County, NE	2018	NA	1150	1124	26	2.3
CN3105900000000	31	059	Fillmore County, NE	2018	NA	3144	3063	81	2.6
CN3106100000000	31	061	Franklin County, NE	2018	NA	1473	1427	46	3.1
CN3106300000000	31	063	Frontier County, NE	2018	NA	1514	1474	40	2.6
CN3106500000000	31	065	Furnas County, NE	2018	NA	2624	2554	70	2.7
CN3106700000000	31	067	Gage County, NE	2018	NA	10934	10576	358	3.3
CN3106900000000	31	069	Garden County, NE	2018	NA	1182	1153	29	2.5
CN3107100000000	31	071	Garfield County, NE	2018	NA	1163	1134	29	2.5
CN3107300000000	31	073	Gosper County, NE	2018	NA	1058	1030	28	2.6
CN3107500000000	31	075	Grant County, NE	2018	NA	419	408	11	2.6
CN3107700000000	31	077	Greeley County, NE	2018	NA	1212	1179	33	2.7
CN3107900000000	31	079	Hall County, NE	2018	NA	31872	30827	1045	3.3
CN3108100000000	31	081	Hamilton County, NE	2018	NA	4744	4622	122	2.6
CN3108300000000	31	083	Harlan County, NE	2018	NA	1771	1728	43	2.4
CN3108500000000	31	085	Hayes County, NE	2018	NA	598	585	13	2.2
CN3108700000000	31	087	Hitchcock County, NE	2018	NA	1255	1211	44	3.5
CN3108900000000	31	089	Holt County, NE	2018	NA	5742	5591	151	2.6
CN3109100000000	31	091	Hooker County, NE	2018	NA	401	386	15	3.7
CN3109300000000	31	093	Howard County, NE	2018	NA	3352	3247	105	3.1
CN3109500000000	31	095	Jefferson County, NE	2018	NA	4152	4046	106	2.6
CN3109700000000	31	097	Johnson County, NE	2018	NA	2074	1998	76	3.7
CN3109900000000	31	099	Kearney County, NE	2018	NA	3755	3675	80	2.1
CN3110100000000	31	101	Keith County, NE	2018	NA	4546	4405	141	3.1
CN3110300000000	31	103	Keya Paha County, NE	2018	NA	593	580	13	2.2
CN3110500000000	31	105	Kimball County, NE	2018	NA	2019	1963	56	2.8
CN3110700000000	31	107	Knox County, NE	2018	NA	4631	4484	147	3.2
CN3110900000000	31	109	Lancaster County, NE	2018	NA	174726	170079	4647	2.7
CN3111100000000	31	111	Lincoln County, NE	2018	NA	18296	17729	567	3.1
CN3111300000000	31	113	Logan County, NE	2018	NA	466	452	14	3
CN3111500000000	31	115	Loup County, NE	2018	NA	398	385	13	3.3
CN3111700000000	31	117	McPherson County, NE	2018	NA	442	430	12	2.7
CN3111900000000	31	119	Madison County, NE	2018	NA	19463	18956	507	2.6
CN3112100000000	31	121	Merrick County, NE	2018	NA	3999	3883	116	2.9
CN3112300000000	31	123	Morrill County, NE	2018	NA	2583	2511	72	2.8
CN3112500000000	31	125	Nance County, NE	2018	NA	2010	1960	50	2.5
CN3112700000000	31	127	Nemaha County, NE	2018	NA	3610	3482	128	3.5
CN3112900000000	31	129	Nuckolls County, NE	2018	NA	2378	2312	66	2.8
CN3113100000000	31	131	Otoe County, NE	2018	NA	8159	7918	241	3
CN3113300000000	31	133	Pawnee County, NE	2018	NA	1472	1434	38	2.6
CN3113500000000	31	135	Perkins County, NE	2018	NA	1817	1781	36	2
CN3113700000000	31	137	Phelps County, NE	2018	NA	4885	4771	114	2.3
CN3113900000000	31	139	Pierce County, NE	2018	NA	4097	3986	111	2.7
CN3114100000000	31	141	Platte County, NE	2018	NA	17409	16928	481	2.8
CN3114300000000	31	143	Polk County, NE	2018	NA	2894	2823	71	2.5
CN3114500000000	31	145	Red Willow County, NE	2018	NA	5831	5688	143	2.5
CN3114700000000	31	147	Richardson County, NE	2018	NA	4237	4105	132	3.1
CN3114900000000	31	149	Rock County, NE	2018	NA	887	865	22	2.5
CN3115100000000	31	151	Saline County, NE	2018	NA	7427	7196	231	3.1
CN3115300000000	31	153	Sarpy County, NE	2018	NA	94964	92307	2657	2.8
CN3115500000000	31	155	Saunders County, NE	2018	NA	11005	10690	315	2.9
CN3115700000000	31	157	Scotts Bluff County, NE	2018	NA	18394	17777	617	3.4
CN3115900000000	31	159	Seward County, NE	2018	NA	8797	8561	236	2.7
CN3116100000000	31	161	Sheridan County, NE	2018	NA	2677	2607	70	2.6
CN3116300000000	31	163	Sherman County, NE	2018	NA	1693	1647	46	2.7
CN3116500000000	31	165	Sioux County, NE	2018	NA	741	721	20	2.7
CN3116700000000	31	167	Stanton County, NE	2018	NA	3480	3391	89	2.6
CN3116900000000	31	169	Thayer County, NE	2018	NA	2852	2786	66	2.3
CN3117100000000	31	171	Thomas County, NE	2018	NA	436	423	13	3
CN3117300000000	31	173	Thurston County, NE	2018	NA	2975	2850	125	4.2
CN3117500000000	31	175	Valley County, NE	2018	NA	2080	2018	62	3
CN3117700000000	31	177	Washington County, NE	2018	NA	11103	10779	324	2.9
CN3117900000000	31	179	Wayne County, NE	2018	NA	5687	5543	144	2.5
CN3118100000000	31	181	Webster County, NE	2018	NA	1645	1597	48	2.9
CN3118300000000	31	183	Wheeler County, NE	2018	NA	573	559	14	2.4
CN3118500000000	31	185	York County, NE	2018	NA	7301	7112	189	2.6
CN3200100000000	32	001	Churchill County, NV	2018	NA	11021	10598	423	3.8
CN3200300000000	32	003	Clark County, NV	2018	NA	1101978	1050577	51401	4.7
CN3200500000000	32	005	Douglas County, NV	2018	NA	22912	21943	969	4.2
CN3200700000000	32	007	Elko County, NV	2018	NA	27453	26595	858	3.1
CN3200900000000	32	009	Esmeralda County, NV	2018	NA	424	403	21	5
CN3201100000000	32	011	Eureka County, NV	2018	NA	1094	1066	28	2.6
CN3201300000000	32	013	Humboldt County, NV	2018	NA	8061	7791	270	3.3
CN3201500000000	32	015	Lander County, NV	2018	NA	3143	3032	111	3.5
CN3201700000000	32	017	Lincoln County, NV	2018	NA	2064	1974	90	4.4
CN3201900000000	32	019	Lyon County, NV	2018	NA	22334	21138	1196	5.4
CN3202100000000	32	021	Mineral County, NV	2018	NA	1971	1869	102	5.2
CN3202300000000	32	023	Nye County, NV	2018	NA	16705	15764	941	5.6
CN3202700000000	32	027	Pershing County, NV	2018	NA	2579	2475	104	4
CN3202900000000	32	029	Storey County, NV	2018	NA	1991	1905	86	4.3
CN3203100000000	32	031	Washoe County, NV	2018	NA	249680	240837	8843	3.5
CN3203300000000	32	033	White Pine County, NV	2018	NA	4578	4414	164	3.6
CN3251000000000	32	510	Carson City, NV	2018	NA	25697	24511	1186	4.6
CN3300100000000	33	001	Belknap County, NH	2018	NA	31262	30462	800	2.6
CN3300300000000	33	003	Carroll County, NH	2018	NA	23702	23092	610	2.6
CN3300500000000	33	005	Cheshire County, NH	2018	NA	40727	39680	1047	2.6
CN3300700000000	33	007	Coos County, NH	2018	NA	14587	14115	472	3.2
CN3300900000000	33	009	Grafton County, NH	2018	NA	49363	48318	1045	2.1
CN3301100000000	33	011	Hillsborough County, NH	2018	NA	238088	231744	6344	2.7
CN3301300000000	33	013	Merrimack County, NH	2018	NA	82970	81104	1866	2.2
CN3301500000000	33	015	Rockingham County, NH	2018	NA	185339	180155	5184	2.8
CN3301700000000	33	017	Strafford County, NH	2018	NA	73561	71853	1708	2.3
CN3301900000000	33	019	Sullivan County, NH	2018	NA	23159	22661	498	2.2
CN3400100000000	34	001	Atlantic County, NJ	2018	NA	118818	111885	6933	5.8
CN3400300000000	34	003	Bergen County, NJ	2018	NA	474700	458630	16070	3.4
CN3400500000000	34	005	Burlington County, NJ	2018	NA	227612	219125	8487	3.7
CN3400700000000	34	007	Camden County, NJ	2018	NA	250133	238635	11498	4.6
CN3400900000000	34	009	Cape May County, NJ	2018	NA	45497	41687	3810	8.4
CN3401100000000	34	011	Cumberland County, NJ	2018	NA	64566	60438	4128	6.4
CN3401300000000	34	013	Essex County, NJ	2018	NA	365106	346431	18675	5.1
CN3401500000000	34	015	Gloucester County, NJ	2018	NA	147928	141729	6199	4.2
CN3401700000000	34	017	Hudson County, NJ	2018	NA	356064	342400	13664	3.8
CN3401900000000	34	019	Hunterdon County, NJ	2018	NA	63651	61614	2037	3.2
CN3402100000000	34	021	Mercer County, NJ	2018	NA	198876	191729	7147	3.6
CN3402300000000	34	023	Middlesex County, NJ	2018	NA	432712	417089	15623	3.6
CN3402500000000	34	025	Monmouth County, NJ	2018	NA	323777	312005	11772	3.6
CN3402700000000	34	027	Morris County, NJ	2018	NA	253482	245258	8224	3.2
CN3402900000000	34	029	Ocean County, NJ	2018	NA	271226	259747	11479	4.2
CN3403100000000	34	031	Passaic County, NJ	2018	NA	239176	227105	12071	5
CN3403300000000	34	033	Salem County, NJ	2018	NA	28756	27198	1558	5.4
CN3403500000000	34	035	Somerset County, NJ	2018	NA	169154	163400	5754	3.4
CN3403700000000	34	037	Sussex County, NJ	2018	NA	73026	70178	2848	3.9
CN3403900000000	34	039	Union County, NJ	2018	NA	273348	261705	11643	4.3
CN3404100000000	34	041	Warren County, NJ	2018	NA	54912	52807	2105	3.8
CN3500100000000	35	001	Bernalillo County, NM	2018	NA	328200	313554	14646	4.5
CN3500300000000	35	003	Catron County, NM	2018	NA	1113	1043	70	6.3
CN3500500000000	35	005	Chaves County, NM	2018	NA	27056	25756	1300	4.8
CN3500600000000	35	006	Cibola County, NM	2018	NA	8897	8348	549	6.2
CN3500700000000	35	007	Colfax County, NM	2018	NA	5481	5216	265	4.8
CN3500900000000	35	009	Curry County, NM	2018	NA	21532	20677	855	4
CN3501100000000	35	011	De Baca County, NM	2018	NA	763	729	34	4.5
CN3501300000000	35	013	Dona Ana County, NM	2018	NA	96182	90766	5416	5.6
CN3501500000000	35	015	Eddy County, NM	2018	NA	31457	30421	1036	3.3
CN3501700000000	35	017	Grant County, NM	2018	NA	12254	11668	586	4.8
CN3501900000000	35	019	Guadalupe County, NM	2018	NA	1616	1528	88	5.4
CN3502100000000	35	021	Harding County, NM	2018	NA	277	263	14	5.1
CN3502300000000	35	023	Hidalgo County, NM	2018	NA	2203	2121	82	3.7
CN3502500000000	35	025	Lea County, NM	2018	NA	29889	28664	1225	4.1
CN3502700000000	35	027	Lincoln County, NM	2018	NA	8687	8296	391	4.5
CN3502800000000	35	028	Los Alamos County, NM	2018	NA	9076	8770	306	3.4
CN3502900000000	35	029	Luna County, NM	2018	NA	10104	8919	1185	11.7
CN3503100000000	35	031	McKinley County, NM	2018	NA	23738	22071	1667	7
CN3503300000000	35	033	Mora County, NM	2018	NA	2269	2132	137	6
CN3503500000000	35	035	Otero County, NM	2018	NA	24600	23403	1197	4.9
CN3503700000000	35	037	Quay County, NM	2018	NA	3201	3049	152	4.7
CN3503900000000	35	039	Rio Arriba County, NM	2018	NA	16562	15709	853	5.2
CN3504100000000	35	041	Roosevelt County, NM	2018	NA	7798	7464	334	4.3
CN3504300000000	35	043	Sandoval County, NM	2018	NA	65383	62184	3199	4.9
CN3504500000000	35	045	San Juan County, NM	2018	NA	52077	49105	2972	5.7
CN3504700000000	35	047	San Miguel County, NM	2018	NA	10879	10241	638	5.9
CN3504900000000	35	049	Santa Fe County, NM	2018	NA	73904	70875	3029	4.1
CN3505100000000	35	051	Sierra County, NM	2018	NA	4078	3796	282	6.9
CN3505300000000	35	053	Socorro County, NM	2018	NA	6423	6088	335	5.2
CN3505500000000	35	055	Taos County, NM	2018	NA	14951	13988	963	6.4
CN3505700000000	35	057	Torrance County, NM	2018	NA	5591	5169	422	7.5
CN3505900000000	35	059	Union County, NM	2018	NA	1776	1718	58	3.3
CN3506100000000	35	061	Valencia County, NM	2018	NA	30232	28604	1628	5.4
CN3600100000000	36	001	Albany County, NY	2018	NA	157520	151688	5832	3.7
CN3600300000000	36	003	Allegany County, NY	2018	NA	19481	18390	1091	5.6
CN3600500000000	36	005	Bronx County, NY	2018	NA	599929	565365	34564	5.8
CN3600700000000	36	007	Broome County, NY	2018	NA	84140	80039	4101	4.9
CN3600900000000	36	009	Cattaraugus County, NY	2018	NA	34042	32225	1817	5.3
CN3601100000000	36	011	Cayuga County, NY	2018	NA	35977	34370	1607	4.5
CN3601300000000	36	013	Chautauqua County, NY	2018	NA	54779	52019	2760	5
CN3601500000000	36	015	Chemung County, NY	2018	NA	35353	33718	1635	4.6
CN3601700000000	36	017	Chenango County, NY	2018	NA	22327	21285	1042	4.7
CN3601900000000	36	019	Clinton County, NY	2018	NA	36267	34677	1590	4.4
CN3602100000000	36	021	Columbia County, NY	2018	NA	31255	30215	1040	3.3
CN3602300000000	36	023	Cortland County, NY	2018	NA	22856	21690	1166	5.1
CN3602500000000	36	025	Delaware County, NY	2018	NA	19078	18153	925	4.8
CN3602700000000	36	027	Dutchess County, NY	2018	NA	143632	138335	5297	3.7
CN3602900000000	36	029	Erie County, NY	2018	NA	442142	422609	19533	4.4
CN3603100000000	36	031	Essex County, NY	2018	NA	17048	16222	826	4.8
CN3603300000000	36	033	Franklin County, NY	2018	NA	19600	18591	1009	5.1
CN3603500000000	36	035	Fulton County, NY	2018	NA	22812	21647	1165	5.1
CN3603700000000	36	037	Genesee County, NY	2018	NA	29731	28491	1240	4.2
CN3603900000000	36	039	Greene County, NY	2018	NA	20616	19675	941	4.6
CN3604100000000	36	041	Hamilton County, NY	2018	NA	2289	2132	157	6.9
CN3604300000000	36	043	Herkimer County, NY	2018	NA	27796	26427	1369	4.9
CN3604500000000	36	045	Jefferson County, NY	2018	NA	44493	42010	2483	5.6
CN3604700000000	36	047	Kings County, NY	2018	NA	1201389	1149779	51610	4.3
CN3604900000000	36	049	Lewis County, NY	2018	NA	11623	10976	647	5.6
CN3605100000000	36	051	Livingston County, NY	2018	NA	30690	29363	1327	4.3
CN3605300000000	36	053	Madison County, NY	2018	NA	32660	31097	1563	4.8
CN3605500000000	36	055	Monroe County, NY	2018	NA	361972	346548	15424	4.3
CN3605700000000	36	057	Montgomery County, NY	2018	NA	22426	21268	1158	5.2
CN3605900000000	36	059	Nassau County, NY	2018	NA	706551	681686	24865	3.5
CN3606100000000	36	061	New York County, NY	2018	NA	914163	880074	34089	3.7
CN3606300000000	36	063	Niagara County, NY	2018	NA	99042	93855	5187	5.2
CN3606500000000	36	065	Oneida County, NY	2018	NA	100914	96422	4492	4.5
CN3606700000000	36	067	Onondaga County, NY	2018	NA	219814	211006	8808	4
CN3606900000000	36	069	Ontario County, NY	2018	NA	55381	53202	2179	3.9
CN3607100000000	36	071	Orange County, NY	2018	NA	183560	176409	7151	3.9
CN3607300000000	36	073	Orleans County, NY	2018	NA	17534	16666	868	5
CN3607500000000	36	075	Oswego County, NY	2018	NA	52741	49855	2886	5.5
CN3607700000000	36	077	Otsego County, NY	2018	NA	28037	26815	1222	4.4
CN3607900000000	36	079	Putnam County, NY	2018	NA	51073	49190	1883	3.7
CN3608100000000	36	081	Queens County, NY	2018	NA	1141830	1100018	41812	3.7
CN3608300000000	36	083	Rensselaer County, NY	2018	NA	81191	78026	3165	3.9
CN3608500000000	36	085	Richmond County, NY	2018	NA	222771	213493	9278	4.2
CN3608700000000	36	087	Rockland County, NY	2018	NA	154449	148705	5744	3.7
CN3608900000000	36	089	St. Lawrence County, NY	2018	NA	43382	40950	2432	5.6
CN3609100000000	36	091	Saratoga County, NY	2018	NA	119110	114911	4199	3.5
CN3609300000000	36	093	Schenectady County, NY	2018	NA	76165	73107	3058	4
CN3609500000000	36	095	Schoharie County, NY	2018	NA	14624	13917	707	4.8
CN3609700000000	36	097	Schuyler County, NY	2018	NA	8226	7804	422	5.1
CN3609900000000	36	099	Seneca County, NY	2018	NA	16092	15471	621	3.9
CN3610100000000	36	101	Steuben County, NY	2018	NA	42613	40507	2106	4.9
CN3610300000000	36	103	Suffolk County, NY	2018	NA	776558	746685	29873	3.8
CN3610500000000	36	105	Sullivan County, NY	2018	NA	35927	34454	1473	4.1
CN3610700000000	36	107	Tioga County, NY	2018	NA	22868	21869	999	4.4
CN3610900000000	36	109	Tompkins County, NY	2018	NA	50016	48205	1811	3.6
CN3611100000000	36	111	Ulster County, NY	2018	NA	88268	84817	3451	3.9
CN3611300000000	36	113	Warren County, NY	2018	NA	31528	30059	1469	4.7
CN3611500000000	36	115	Washington County, NY	2018	NA	27938	26774	1164	4.2
CN3611700000000	36	117	Wayne County, NY	2018	NA	43774	41958	1816	4.1
CN3611900000000	36	119	Westchester County, NY	2018	NA	482058	463315	18743	3.9
CN3612100000000	36	121	Wyoming County, NY	2018	NA	17969	17135	834	4.6
CN3612300000000	36	123	Yates County, NY	2018	NA	11784	11339	445	3.8
CN3700100000000	37	001	Alamance County, NC	2018	NA	80858	77779	3079	3.8
CN3700300000000	37	003	Alexander County, NC	2018	NA	17946	17370	576	3.2
CN3700500000000	37	005	Alleghany County, NC	2018	NA	4314	4117	197	4.6
CN3700700000000	37	007	Anson County, NC	2018	NA	10418	9950	468	4.5
CN3700900000000	37	009	Ashe County, NC	2018	NA	12701	12239	462	3.6
CN3701100000000	37	011	Avery County, NC	2018	NA	7598	7318	280	3.7
CN3701300000000	37	013	Beaufort County, NC	2018	NA	19681	18768	913	4.6
CN3701500000000	37	015	Bertie County, NC	2018	NA	7837	7447	390	5
CN3701700000000	37	017	Bladen County, NC	2018	NA	14379	13613	766	5.3
CN3701900000000	37	019	Brunswick County, NC	2018	NA	53185	50347	2838	5.3
CN3702100000000	37	021	Buncombe County, NC	2018	NA	138995	134810	4185	3
CN3702300000000	37	023	Burke County, NC	2018	NA	40838	39348	1490	3.6
CN3702500000000	37	025	Cabarrus County, NC	2018	NA	107083	103182	3901	3.6
CN3702700000000	37	027	Caldwell County, NC	2018	NA	36395	34981	1414	3.9
CN3702900000000	37	029	Camden County, NC	2018	NA	4706	4529	177	3.8
CN3703100000000	37	031	Carteret County, NC	2018	NA	31892	30498	1394	4.4
CN3703300000000	37	033	Caswell County, NC	2018	NA	9828	9392	436	4.4
CN3703500000000	37	035	Catawba County, NC	2018	NA	78670	75869	2801	3.6
CN3703700000000	37	037	Chatham County, NC	2018	NA	35108	33913	1195	3.4
CN3703900000000	37	039	Cherokee County, NC	2018	NA	11268	10762	506	4.5
CN3704100000000	37	041	Chowan County, NC	2018	NA	5584	5334	250	4.5
CN3704300000000	37	043	Clay County, NC	2018	NA	4124	3943	181	4.4
CN3704500000000	37	045	Cleveland County, NC	2018	NA	47897	45986	1911	4
CN3704700000000	37	047	Columbus County, NC	2018	NA	22371	21245	1126	5
CN3704900000000	37	049	Craven County, NC	2018	NA	41529	39757	1772	4.3
CN3705100000000	37	051	Cumberland County, NC	2018	NA	127620	120964	6656	5.2
CN3705300000000	37	053	Currituck County, NC	2018	NA	13997	13493	504	3.6
CN3705500000000	37	055	Dare County, NC	2018	NA	19965	18934	1031	5.2
CN3705700000000	37	057	Davidson County, NC	2018	NA	80401	77434	2967	3.7
CN3705900000000	37	059	Davie County, NC	2018	NA	20541	19829	712	3.5
CN3706100000000	37	061	Duplin County, NC	2018	NA	25041	23955	1086	4.3
CN3706300000000	37	063	Durham County, NC	2018	NA	168760	162760	6000	3.6
CN3706500000000	37	065	Edgecombe County, NC	2018	NA	21498	20015	1483	6.9
CN3706700000000	37	067	Forsyth County, NC	2018	NA	186902	179681	7221	3.9
CN3706900000000	37	069	Franklin County, NC	2018	NA	30761	29510	1251	4.1
CN3707100000000	37	071	Gaston County, NC	2018	NA	109078	104754	4324	4
CN3707300000000	37	073	Gates County, NC	2018	NA	5318	5103	215	4
CN3707500000000	37	075	Graham County, NC	2018	NA	3182	2995	187	5.9
CN3707700000000	37	077	Granville County, NC	2018	NA	29971	28941	1030	3.4
CN3707900000000	37	079	Greene County, NC	2018	NA	9533	9163	370	3.9
CN3708100000000	37	081	Guilford County, NC	2018	NA	262078	251040	11038	4.2
CN3708300000000	37	083	Halifax County, NC	2018	NA	20183	18949	1234	6.1
CN3708500000000	37	085	Harnett County, NC	2018	NA	52879	50382	2497	4.7
CN3708700000000	37	087	Haywood County, NC	2018	NA	29653	28640	1013	3.4
CN3708900000000	37	089	Henderson County, NC	2018	NA	54525	52734	1791	3.3
CN3709100000000	37	091	Hertford County, NC	2018	NA	9127	8664	463	5.1
CN3709300000000	37	093	Hoke County, NC	2018	NA	20109	19088	1021	5.1
CN3709500000000	37	095	Hyde County, NC	2018	NA	2016	1849	167	8.3
CN3709700000000	37	097	Iredell County, NC	2018	NA	87854	84645	3209	3.7
CN3709900000000	37	099	Jackson County, NC	2018	NA	19553	18728	825	4.2
CN3710100000000	37	101	Johnston County, NC	2018	NA	97395	93823	3572	3.7
CN3710300000000	37	103	Jones County, NC	2018	NA	4382	4196	186	4.2
CN3710500000000	37	105	Lee County, NC	2018	NA	26506	25339	1167	4.4
CN3710700000000	37	107	Lenoir County, NC	2018	NA	27871	26768	1103	4
CN3710900000000	37	109	Lincoln County, NC	2018	NA	42638	41153	1485	3.5
CN3711100000000	37	111	McDowell County, NC	2018	NA	21117	20395	722	3.4
CN3711300000000	37	113	Macon County, NC	2018	NA	15356	14748	608	4
CN3711500000000	37	115	Madison County, NC	2018	NA	10071	9701	370	3.7
CN3711700000000	37	117	Martin County, NC	2018	NA	9288	8822	466	5
CN3711900000000	37	119	Mecklenburg County, NC	2018	NA	611032	587780	23252	3.8
CN3712100000000	37	121	Mitchell County, NC	2018	NA	6027	5755	272	4.5
CN3712300000000	37	123	Montgomery County, NC	2018	NA	11533	11068	465	4
CN3712500000000	37	125	Moore County, NC	2018	NA	41079	39495	1584	3.9
CN3712700000000	37	127	Nash County, NC	2018	NA	43392	41167	2225	5.1
CN3712900000000	37	129	New Hanover County, NC	2018	NA	121248	116583	4665	3.8
CN3713100000000	37	131	Northampton County, NC	2018	NA	7634	7243	391	5.1
CN3713300000000	37	133	Onslow County, NC	2018	NA	64334	61202	3132	4.9
CN3713500000000	37	135	Orange County, NC	2018	NA	77614	75056	2558	3.3
CN3713700000000	37	137	Pamlico County, NC	2018	NA	5324	5102	222	4.2
CN3713900000000	37	139	Pasquotank County, NC	2018	NA	17019	16201	818	4.8
CN3714100000000	37	141	Pender County, NC	2018	NA	28260	27071	1189	4.2
CN3714300000000	37	143	Perquimans County, NC	2018	NA	5024	4780	244	4.9
CN3714500000000	37	145	Person County, NC	2018	NA	18158	17398	760	4.2
CN3714700000000	37	147	Pitt County, NC	2018	NA	89552	85686	3866	4.3
CN3714900000000	37	149	Polk County, NC	2018	NA	8950	8609	341	3.8
CN3715100000000	37	151	Randolph County, NC	2018	NA	66085	63576	2509	3.8
CN3715300000000	37	153	Richmond County, NC	2018	NA	16547	15637	910	5.5
CN3715500000000	37	155	Robeson County, NC	2018	NA	49714	46772	2942	5.9
CN3715700000000	37	157	Rockingham County, NC	2018	NA	40109	38259	1850	4.6
CN3715900000000	37	159	Rowan County, NC	2018	NA	64986	62368	2618	4
CN3716100000000	37	161	Rutherford County, NC	2018	NA	24793	23520	1273	5.1
CN3716300000000	37	163	Sampson County, NC	2018	NA	29282	28096	1186	4.1
CN3716500000000	37	165	Scotland County, NC	2018	NA	11476	10629	847	7.4
CN3716700000000	37	167	Stanly County, NC	2018	NA	29866	28785	1081	3.6
CN3716900000000	37	169	Stokes County, NC	2018	NA	21587	20793	794	3.7
CN3717100000000	37	171	Surry County, NC	2018	NA	34033	32828	1205	3.5
CN3717300000000	37	173	Swain County, NC	2018	NA	6920	6620	300	4.3
CN3717500000000	37	175	Transylvania County, NC	2018	NA	14286	13742	544	3.8
CN3717700000000	37	177	Tyrrell County, NC	2018	NA	1477	1384	93	6.3
CN3717900000000	37	179	Union County, NC	2018	NA	121603	117317	4286	3.5
CN3718100000000	37	181	Vance County, NC	2018	NA	17418	16400	1018	5.8
CN3718300000000	37	183	Wake County, NC	2018	NA	585448	565356	20092	3.4
CN3718500000000	37	185	Warren County, NC	2018	NA	6559	6164	395	6
CN3718700000000	37	187	Washington County, NC	2018	NA	4619	4342	277	6
CN3718900000000	37	189	Watauga County, NC	2018	NA	28906	27884	1022	3.5
CN3719100000000	37	191	Wayne County, NC	2018	NA	52574	50291	2283	4.3
CN3719300000000	37	193	Wilkes County, NC	2018	NA	30152	29009	1143	3.8
CN3719500000000	37	195	Wilson County, NC	2018	NA	35280	33089	2191	6.2
CN3719700000000	37	197	Yadkin County, NC	2018	NA	17623	17024	599	3.4
CN3719900000000	37	199	Yancey County, NC	2018	NA	8246	7947	299	3.6
CN3800100000000	38	001	Adams County, ND	2018	NA	1058	1037	21	2
CN3800300000000	38	003	Barnes County, ND	2018	NA	5211	5072	139	2.7
CN3800500000000	38	005	Benson County, ND	2018	NA	2290	2202	88	3.8
CN3800700000000	38	007	Billings County, ND	2018	NA	422	410	12	2.8
CN3800900000000	38	009	Bottineau County, ND	2018	NA	2974	2876	98	3.3
CN3801100000000	38	011	Bowman County, ND	2018	NA	1630	1600	30	1.8
CN3801300000000	38	013	Burke County, ND	2018	NA	1066	1041	25	2.3
CN3801500000000	38	015	Burleigh County, ND	2018	NA	49160	47881	1279	2.6
CN3801700000000	38	017	Cass County, ND	2018	NA	101737	99441	2296	2.3
CN3801900000000	38	019	Cavalier County, ND	2018	NA	1963	1912	51	2.6
CN3802100000000	38	021	Dickey County, ND	2018	NA	2385	2342	43	1.8
CN3802300000000	38	023	Divide County, ND	2018	NA	1520	1500	20	1.3
CN3802500000000	38	025	Dunn County, ND	2018	NA	3031	2982	49	1.6
CN3802700000000	38	027	Eddy County, ND	2018	NA	1234	1174	60	4.9
CN3802900000000	38	029	Emmons County, ND	2018	NA	1473	1403	70	4.8
CN3803100000000	38	031	Foster County, ND	2018	NA	1584	1543	41	2.6
CN3803300000000	38	033	Golden Valley County, ND	2018	NA	881	864	17	1.9
CN3803500000000	38	035	Grand Forks County, ND	2018	NA	37713	36874	839	2.2
CN3803700000000	38	037	Grant County, ND	2018	NA	1200	1169	31	2.6
CN3803900000000	38	039	Griggs County, ND	2018	NA	1046	1023	23	2.2
CN3804100000000	38	041	Hettinger County, ND	2018	NA	1393	1365	28	2
CN3804300000000	38	043	Kidder County, ND	2018	NA	1292	1235	57	4.4
CN3804500000000	38	045	LaMoure County, ND	2018	NA	2105	2064	41	1.9
CN3804700000000	38	047	Logan County, ND	2018	NA	891	869	22	2.5
CN3804900000000	38	049	McHenry County, ND	2018	NA	3102	2981	121	3.9
CN3805100000000	38	051	McIntosh County, ND	2018	NA	1138	1108	30	2.6
CN3805300000000	38	053	McKenzie County, ND	2018	NA	9021	8869	152	1.7
CN3805500000000	38	055	McLean County, ND	2018	NA	4726	4571	155	3.3
CN3805700000000	38	057	Mercer County, ND	2018	NA	3920	3756	164	4.2
CN3805900000000	38	059	Morton County, ND	2018	NA	16244	15723	521	3.2
CN3806100000000	38	061	Mountrail County, ND	2018	NA	7042	6932	110	1.6
CN3806300000000	38	063	Nelson County, ND	2018	NA	1403	1357	46	3.3
CN3806500000000	38	065	Oliver County, ND	2018	NA	873	838	35	4
CN3806700000000	38	067	Pembina County, ND	2018	NA	3353	3222	131	3.9
CN3806900000000	38	069	Pierce County, ND	2018	NA	1763	1707	56	3.2
CN3807100000000	38	071	Ramsey County, ND	2018	NA	5627	5469	158	2.8
CN3807300000000	38	073	Ransom County, ND	2018	NA	2815	2762	53	1.9
CN3807500000000	38	075	Renville County, ND	2018	NA	1212	1183	29	2.4
CN3807700000000	38	077	Richland County, ND	2018	NA	8672	8448	224	2.6
CN3807900000000	38	079	Rolette County, ND	2018	NA	4658	4224	434	9.3
CN3808100000000	38	081	Sargent County, ND	2018	NA	2537	2490	47	1.9
CN3808300000000	38	083	Sheridan County, ND	2018	NA	682	651	31	4.5
CN3808500000000	38	085	Sioux County, ND	2018	NA	1240	1190	50	4
CN3808700000000	38	087	Slope County, ND	2018	NA	398	389	9	2.3
CN3808900000000	38	089	Stark County, ND	2018	NA	18171	17737	434	2.4
CN3809100000000	38	091	Steele County, ND	2018	NA	996	976	20	2
CN3809300000000	38	093	Stutsman County, ND	2018	NA	10508	10249	259	2.5
CN3809500000000	38	095	Towner County, ND	2018	NA	1182	1152	30	2.5
CN3809700000000	38	097	Traill County, ND	2018	NA	4421	4306	115	2.6
CN3809900000000	38	099	Walsh County, ND	2018	NA	5263	5100	163	3.1
CN3810100000000	38	101	Ward County, ND	2018	NA	31739	30842	897	2.8
CN3810300000000	38	103	Wells County, ND	2018	NA	1977	1917	60	3
CN3810500000000	38	105	Williams County, ND	2018	NA	23641	23171	470	2
CN3900100000000	39	001	Adams County, OH	2018	NA	10895	10130	765	7
CN3900300000000	39	003	Allen County, OH	2018	NA	47888	45754	2134	4.5
CN3900500000000	39	005	Ashland County, OH	2018	NA	26170	24979	1191	4.6
CN3900700000000	39	007	Ashtabula County, OH	2018	NA	44406	42086	2320	5.2
CN3900900000000	39	009	Athens County, OH	2018	NA	27855	26283	1572	5.6
CN3901100000000	39	011	Auglaize County, OH	2018	NA	24634	23828	806	3.3
CN3901300000000	39	013	Belmont County, OH	2018	NA	30533	28868	1665	5.5
CN3901500000000	39	015	Brown County, OH	2018	NA	19445	18403	1042	5.4
CN3901700000000	39	017	Butler County, OH	2018	NA	193545	185551	7994	4.1
CN3901900000000	39	019	Carroll County, OH	2018	NA	12972	12287	685	5.3
CN3902100000000	39	021	Champaign County, OH	2018	NA	19901	19144	757	3.8
CN3902300000000	39	023	Clark County, OH	2018	NA	63076	60202	2874	4.6
CN3902500000000	39	025	Clermont County, OH	2018	NA	105988	101651	4337	4.1
CN3902700000000	39	027	Clinton County, OH	2018	NA	17549	16630	919	5.2
CN3902900000000	39	029	Columbiana County, OH	2018	NA	47234	44808	2426	5.1
CN3903100000000	39	031	Coshocton County, OH	2018	NA	14405	13519	886	6.2
CN3903300000000	39	033	Crawford County, OH	2018	NA	18021	17078	943	5.2
CN3903500000000	39	035	Cuyahoga County, OH	2018	NA	616198	586824	29374	4.8
CN3903700000000	39	037	Darke County, OH	2018	NA	25854	24852	1002	3.9
CN3903900000000	39	039	Defiance County, OH	2018	NA	18197	17397	800	4.4
CN3904100000000	39	041	Delaware County, OH	2018	NA	109007	105317	3690	3.4
CN3904300000000	39	043	Erie County, OH	2018	NA	37896	35788	2108	5.6
CN3904500000000	39	045	Fairfield County, OH	2018	NA	77150	74020	3130	4.1
CN3904700000000	39	047	Fayette County, OH	2018	NA	14092	13513	579	4.1
CN3904900000000	39	049	Franklin County, OH	2018	NA	689443	663145	26298	3.8
CN3905100000000	39	051	Fulton County, OH	2018	NA	22320	21342	978	4.4
CN3905300000000	39	053	Gallia County, OH	2018	NA	12289	11550	739	6
CN3905500000000	39	055	Geauga County, OH	2018	NA	49369	47425	1944	3.9
CN3905700000000	39	057	Greene County, OH	2018	NA	82701	79369	3332	4
CN3905900000000	39	059	Guernsey County, OH	2018	NA	18750	17721	1029	5.5
CN3906100000000	39	061	Hamilton County, OH	2018	NA	412629	395700	16929	4.1
CN3906300000000	39	063	Hancock County, OH	2018	NA	41351	39942	1409	3.4
CN3906500000000	39	065	Hardin County, OH	2018	NA	14016	13405	611	4.4
CN3906700000000	39	067	Harrison County, OH	2018	NA	6926	6565	361	5.2
CN3906900000000	39	069	Henry County, OH	2018	NA	13297	12644	653	4.9
CN3907100000000	39	071	Highland County, OH	2018	NA	17138	16194	944	5.5
CN3907300000000	39	073	Hocking County, OH	2018	NA	12959	12301	658	5.1
CN3907500000000	39	075	Holmes County, OH	2018	NA	20652	19979	673	3.3
CN3907700000000	39	077	Huron County, OH	2018	NA	27954	26316	1638	5.9
CN3907900000000	39	079	Jackson County, OH	2018	NA	12788	11957	831	6.5
CN3908100000000	39	081	Jefferson County, OH	2018	NA	27674	25940	1734	6.3
CN3908300000000	39	083	Knox County, OH	2018	NA	31379	30020	1359	4.3
CN3908500000000	39	085	Lake County, OH	2018	NA	127039	121618	5421	4.3
CN3908700000000	39	087	Lawrence County, OH	2018	NA	23797	22471	1326	5.6
CN3908900000000	39	089	Licking County, OH	2018	NA	89426	85887	3539	4
CN3909100000000	39	091	Logan County, OH	2018	NA	23127	22270	857	3.7
CN3909300000000	39	093	Lorain County, OH	2018	NA	154668	147076	7592	4.9
CN3909500000000	39	095	Lucas County, OH	2018	NA	209633	198680	10953	5.2
CN3909700000000	39	097	Madison County, OH	2018	NA	20585	19803	782	3.8
CN3909900000000	39	099	Mahoning County, OH	2018	NA	104224	98091	6133	5.9
CN3910100000000	39	101	Marion County, OH	2018	NA	28471	27215	1256	4.4
CN3910300000000	39	103	Medina County, OH	2018	NA	97984	94194	3790	3.9
CN3910500000000	39	105	Meigs County, OH	2018	NA	8964	8319	645	7.2
CN3910700000000	39	107	Mercer County, OH	2018	NA	23625	22978	647	2.7
CN3910900000000	39	109	Miami County, OH	2018	NA	53726	51632	2094	3.9
CN3911100000000	39	111	Monroe County, OH	2018	NA	5188	4787	401	7.7
CN3911300000000	39	113	Montgomery County, OH	2018	NA	250991	239637	11354	4.5
CN3911500000000	39	115	Morgan County, OH	2018	NA	6710	6310	400	6
CN3911700000000	39	117	Morrow County, OH	2018	NA	16655	15889	766	4.6
CN3911900000000	39	119	Muskingum County, OH	2018	NA	39544	37457	2087	5.3
CN3912100000000	39	121	Noble County, OH	2018	NA	4767	4451	316	6.6
CN3912300000000	39	123	Ottawa County, OH	2018	NA	21096	19773	1323	6.3
CN3912500000000	39	125	Paulding County, OH	2018	NA	8751	8396	355	4.1
CN3912700000000	39	127	Perry County, OH	2018	NA	15752	14868	884	5.6
CN3912900000000	39	129	Pickaway County, OH	2018	NA	26160	25036	1124	4.3
CN3913100000000	39	131	Pike County, OH	2018	NA	10867	10163	704	6.5
CN3913300000000	39	133	Portage County, OH	2018	NA	86946	82995	3951	4.5
CN3913500000000	39	135	Preble County, OH	2018	NA	21164	20306	858	4.1
CN3913700000000	39	137	Putnam County, OH	2018	NA	18662	18039	623	3.3
CN3913900000000	39	139	Richland County, OH	2018	NA	52829	50245	2584	4.9
CN3914100000000	39	141	Ross County, OH	2018	NA	34790	33220	1570	4.5
CN3914300000000	39	143	Sandusky County, OH	2018	NA	30877	29484	1393	4.5
CN3914500000000	39	145	Scioto County, OH	2018	NA	28968	27024	1944	6.7
CN3914700000000	39	147	Seneca County, OH	2018	NA	27211	26015	1196	4.4
CN3914900000000	39	149	Shelby County, OH	2018	NA	23977	23078	899	3.7
CN3915100000000	39	151	Stark County, OH	2018	NA	186047	176955	9092	4.9
CN3915300000000	39	153	Summit County, OH	2018	NA	271361	258743	12618	4.6
CN3915500000000	39	155	Trumbull County, OH	2018	NA	87625	82192	5433	6.2
CN3915700000000	39	157	Tuscarawas County, OH	2018	NA	44557	42533	2024	4.5
CN3915900000000	39	159	Union County, OH	2018	NA	28630	27638	992	3.5
CN3916100000000	39	161	Van Wert County, OH	2018	NA	14406	13901	505	3.5
CN3916300000000	39	163	Vinton County, OH	2018	NA	5497	5158	339	6.2
CN3916500000000	39	165	Warren County, OH	2018	NA	118208	113665	4543	3.8
CN3916700000000	39	167	Washington County, OH	2018	NA	27154	25634	1520	5.6
CN3916900000000	39	169	Wayne County, OH	2018	NA	61098	58905	2193	3.6
CN3917100000000	39	171	Williams County, OH	2018	NA	18950	18264	686	3.6
CN3917300000000	39	173	Wood County, OH	2018	NA	70786	67961	2825	4
CN3917500000000	39	175	Wyandot County, OH	2018	NA	12711	12304	407	3.2
CN4000100000000	40	001	Adair County, OK	2018	NA	8177	7834	343	4.2
CN4000300000000	40	003	Alfalfa County, OK	2018	NA	2899	2836	63	2.2
CN4000500000000	40	005	Atoka County, OK	2018	NA	5071	4860	211	4.2
CN4000700000000	40	007	Beaver County, OK	2018	NA	3017	2956	61	2
CN4000900000000	40	009	Beckham County, OK	2018	NA	11419	11121	298	2.6
CN4001100000000	40	011	Blaine County, OK	2018	NA	4482	4391	91	2
CN4001300000000	40	013	Bryan County, OK	2018	NA	20963	20293	670	3.2
CN4001500000000	40	015	Caddo County, OK	2018	NA	12126	11689	437	3.6
CN4001700000000	40	017	Canadian County, OK	2018	NA	73548	71503	2045	2.8
CN4001900000000	40	019	Carter County, OK	2018	NA	22143	21359	784	3.5
CN4002100000000	40	021	Cherokee County, OK	2018	NA	18824	18025	799	4.2
CN4002300000000	40	023	Choctaw County, OK	2018	NA	5695	5409	286	5
CN4002500000000	40	025	Cimarron County, OK	2018	NA	1377	1351	26	1.9
CN4002700000000	40	027	Cleveland County, OK	2018	NA	141611	137478	4133	2.9
CN4002900000000	40	029	Coal County, OK	2018	NA	2294	2208	86	3.7
CN4003100000000	40	031	Comanche County, OK	2018	NA	48360	46458	1902	3.9
CN4003300000000	40	033	Cotton County, OK	2018	NA	2736	2650	86	3.1
CN4003500000000	40	035	Craig County, OK	2018	NA	6094	5882	212	3.5
CN4003700000000	40	037	Creek County, OK	2018	NA	31494	30285	1209	3.8
CN4003900000000	40	039	Custer County, OK	2018	NA	15675	15291	384	2.4
CN4004100000000	40	041	Delaware County, OK	2018	NA	17967	17256	711	4
CN4004300000000	40	043	Dewey County, OK	2018	NA	2769	2716	53	1.9
CN4004500000000	40	045	Ellis County, OK	2018	NA	2200	2152	48	2.2
CN4004700000000	40	047	Garfield County, OK	2018	NA	27229	26396	833	3.1
CN4004900000000	40	049	Garvin County, OK	2018	NA	12680	12262	418	3.3
CN4005100000000	40	051	Grady County, OK	2018	NA	26309	25497	812	3.1
CN4005300000000	40	053	Grant County, OK	2018	NA	2737	2680	57	2.1
CN4005500000000	40	055	Greer County, OK	2018	NA	1966	1886	80	4.1
CN4005700000000	40	057	Harmon County, OK	2018	NA	1207	1172	35	2.9
CN4005900000000	40	059	Harper County, OK	2018	NA	1794	1753	41	2.3
CN4006100000000	40	061	Haskell County, OK	2018	NA	4220	4004	216	5.1
CN4006300000000	40	063	Hughes County, OK	2018	NA	5359	5134	225	4.2
CN4006500000000	40	065	Jackson County, OK	2018	NA	10755	10428	327	3
CN4006700000000	40	067	Jefferson County, OK	2018	NA	2586	2498	88	3.4
CN4006900000000	40	069	Johnston County, OK	2018	NA	5199	5045	154	3
CN4007100000000	40	071	Kay County, OK	2018	NA	18932	18044	888	4.7
CN4007300000000	40	073	Kingfisher County, OK	2018	NA	8927	8736	191	2.1
CN4007500000000	40	075	Kiowa County, OK	2018	NA	3527	3380	147	4.2
CN4007700000000	40	077	Latimer County, OK	2018	NA	3218	3025	193	6
CN4007900000000	40	079	Le Flore County, OK	2018	NA	19195	18305	890	4.6
CN4008100000000	40	081	Lincoln County, OK	2018	NA	15696	15134	562	3.6
CN4008300000000	40	083	Logan County, OK	2018	NA	21963	21289	674	3.1
CN4008500000000	40	085	Love County, OK	2018	NA	6433	6294	139	2.2
CN4008700000000	40	087	McClain County, OK	2018	NA	19540	18995	545	2.8
CN4008900000000	40	089	McCurtain County, OK	2018	NA	14155	13376	779	5.5
CN4009100000000	40	091	McIntosh County, OK	2018	NA	6866	6460	406	5.9
CN4009300000000	40	093	Major County, OK	2018	NA	4011	3925	86	2.1
CN4009500000000	40	095	Marshall County, OK	2018	NA	6752	6495	257	3.8
CN4009700000000	40	097	Mayes County, OK	2018	NA	19830	19160	670	3.4
CN4009900000000	40	099	Murray County, OK	2018	NA	6486	6296	190	2.9
CN4010100000000	40	101	Muskogee County, OK	2018	NA	29239	28058	1181	4
CN4010300000000	40	103	Noble County, OK	2018	NA	5728	5579	149	2.6
CN4010500000000	40	105	Nowata County, OK	2018	NA	4624	4429	195	4.2
CN4010700000000	40	107	Okfuskee County, OK	2018	NA	4504	4290	214	4.8
CN4010900000000	40	109	Oklahoma County, OK	2018	NA	382074	369308	12766	3.3
CN4011100000000	40	111	Okmulgee County, OK	2018	NA	15643	14866	777	5
CN4011300000000	40	113	Osage County, OK	2018	NA	20702	19806	896	4.3
CN4011500000000	40	115	Ottawa County, OK	2018	NA	14373	13873	500	3.5
CN4011700000000	40	117	Pawnee County, OK	2018	NA	7356	7049	307	4.2
CN4011900000000	40	119	Payne County, OK	2018	NA	38684	37538	1146	3
CN4012100000000	40	121	Pittsburg County, OK	2018	NA	17877	17183	694	3.9
CN4012300000000	40	123	Pontotoc County, OK	2018	NA	18673	18095	578	3.1
CN4012500000000	40	125	Pottawatomie County, OK	2018	NA	32608	31391	1217	3.7
CN4012700000000	40	127	Pushmataha County, OK	2018	NA	4501	4266	235	5.2
CN4012900000000	40	129	Roger Mills County, OK	2018	NA	1878	1833	45	2.4
CN4013100000000	40	131	Rogers County, OK	2018	NA	44931	43436	1495	3.3
CN4013300000000	40	133	Seminole County, OK	2018	NA	9505	9053	452	4.8
CN4013500000000	40	135	Sequoyah County, OK	2018	NA	16358	15648	710	4.3
CN4013700000000	40	137	Stephens County, OK	2018	NA	18537	17802	735	4
CN4013900000000	40	139	Texas County, OK	2018	NA	9032	8784	248	2.7
CN4014100000000	40	141	Tillman County, OK	2018	NA	3101	2985	116	3.7
CN4014300000000	40	143	Tulsa County, OK	2018	NA	322205	311337	10868	3.4
CN4014500000000	40	145	Wagoner County, OK	2018	NA	37827	36563	1264	3.3
CN4014700000000	40	147	Washington County, OK	2018	NA	22944	22043	901	3.9
CN4014900000000	40	149	Washita County, OK	2018	NA	5277	5116	161	3.1
CN4015100000000	40	151	Woods County, OK	2018	NA	4646	4546	100	2.2
CN4015300000000	40	153	Woodward County, OK	2018	NA	9273	9018	255	2.7
CN4100100000000	41	001	Baker County, OR	2018	NA	7127	6751	376	5.3
CN4100300000000	41	003	Benton County, OR	2018	NA	48224	46727	1497	3.1
CN4100500000000	41	005	Clackamas County, OR	2018	NA	218170	210191	7979	3.7
CN4100700000000	41	007	Clatsop County, OR	2018	NA	19268	18496	772	4
CN4100900000000	41	009	Columbia County, OR	2018	NA	24327	23120	1207	5
CN4101100000000	41	011	Coos County, OR	2018	NA	26246	24856	1390	5.3
CN4101300000000	41	013	Crook County, OR	2018	NA	9510	8953	557	5.9
CN4101500000000	41	015	Curry County, OR	2018	NA	8953	8420	533	6
CN4101700000000	41	017	Deschutes County, OR	2018	NA	95091	91160	3931	4.1
CN4101900000000	41	019	Douglas County, OR	2018	NA	46500	44054	2446	5.3
CN4102100000000	41	021	Gilliam County, OR	2018	NA	858	825	33	3.8
CN4102300000000	41	023	Grant County, OR	2018	NA	3140	2921	219	7
CN4102500000000	41	025	Harney County, OR	2018	NA	3539	3329	210	5.9
CN4102700000000	41	027	Hood River County, OR	2018	NA	14482	14011	471	3.3
CN4102900000000	41	029	Jackson County, OR	2018	NA	104277	99404	4873	4.7
CN4103100000000	41	031	Jefferson County, OR	2018	NA	10180	9635	545	5.4
CN4103300000000	41	033	Josephine County, OR	2018	NA	35632	33693	1939	5.4
CN4103500000000	41	035	Klamath County, OR	2018	NA	29565	27720	1845	6.2
CN4103700000000	41	037	Lake County, OR	2018	NA	3580	3384	196	5.5
CN4103900000000	41	039	Lane County, OR	2018	NA	181367	173399	7968	4.4
CN4104100000000	41	041	Lincoln County, OR	2018	NA	21063	20056	1007	4.8
CN4104300000000	41	043	Linn County, OR	2018	NA	58764	56053	2711	4.6
CN4104500000000	41	045	Malheur County, OR	2018	NA	12440	11882	558	4.5
CN4104700000000	41	047	Marion County, OR	2018	NA	161066	154278	6788	4.2
CN4104900000000	41	049	Morrow County, OR	2018	NA	5738	5496	242	4.2
CN4105100000000	41	051	Multnomah County, OR	2018	NA	452492	436194	16298	3.6
CN4105300000000	41	053	Polk County, OR	2018	NA	39682	37986	1696	4.3
CN4105500000000	41	055	Sherman County, OR	2018	NA	899	863	36	4
CN4105700000000	41	057	Tillamook County, OR	2018	NA	11850	11342	508	4.3
CN4105900000000	41	059	Umatilla County, OR	2018	NA	36550	34776	1774	4.9
CN4106100000000	41	061	Union County, OR	2018	NA	11955	11325	630	5.3
CN4106300000000	41	063	Wallowa County, OR	2018	NA	3403	3204	199	5.8
CN4106500000000	41	065	Wasco County, OR	2018	NA	13360	12801	559	4.2
CN4106700000000	41	067	Washington County, OR	2018	NA	322719	311753	10966	3.4
CN4106900000000	41	069	Wheeler County, OR	2018	NA	722	698	24	3.3
CN4107100000000	41	071	Yamhill County, OR	2018	NA	54468	52479	1989	3.7
CN4200100000000	42	001	Adams County, PA	2018	NA	55138	53346	1792	3.3
CN4200300000000	42	003	Allegheny County, PA	2018	NA	644152	618427	25725	4
CN4200500000000	42	005	Armstrong County, PA	2018	NA	32024	30434	1590	5
CN4200700000000	42	007	Beaver County, PA	2018	NA	83538	79769	3769	4.5
CN4200900000000	42	009	Bedford County, PA	2018	NA	23619	22569	1050	4.4
CN4201100000000	42	011	Berks County, PA	2018	NA	212675	203905	8770	4.1
CN4201300000000	42	013	Blair County, PA	2018	NA	59359	56888	2471	4.2
CN4201500000000	42	015	Bradford County, PA	2018	NA	28846	27601	1245	4.3
CN4201700000000	42	017	Bucks County, PA	2018	NA	340387	327738	12649	3.7
CN4201900000000	42	019	Butler County, PA	2018	NA	99171	95362	3809	3.8
CN4202100000000	42	021	Cambria County, PA	2018	NA	58136	55147	2989	5.1
CN4202300000000	42	023	Cameron County, PA	2018	NA	2133	2028	105	4.9
CN4202500000000	42	025	Carbon County, PA	2018	NA	31673	30089	1584	5
CN4202700000000	42	027	Centre County, PA	2018	NA	79540	76979	2561	3.2
CN4202900000000	42	029	Chester County, PA	2018	NA	282564	273694	8870	3.1
CN4203100000000	42	031	Clarion County, PA	2018	NA	17375	16549	826	4.8
CN4203300000000	42	033	Clearfield County, PA	2018	NA	35679	33918	1761	4.9
CN4203500000000	42	035	Clinton County, PA	2018	NA	18330	17368	962	5.2
CN4203700000000	42	037	Columbia County, PA	2018	NA	33444	31875	1569	4.7
CN4203900000000	42	039	Crawford County, PA	2018	NA	38846	37049	1797	4.6
CN4204100000000	42	041	Cumberland County, PA	2018	NA	130541	126243	4298	3.3
CN4204300000000	42	043	Dauphin County, PA	2018	NA	142543	136932	5611	3.9
CN4204500000000	42	045	Delaware County, PA	2018	NA	295691	283945	11746	4
CN4204700000000	42	047	Elk County, PA	2018	NA	15853	15250	603	3.8
CN4204900000000	42	049	Erie County, PA	2018	NA	129023	123024	5999	4.6
CN4205100000000	42	051	Fayette County, PA	2018	NA	56742	53459	3283	5.8
CN4205300000000	42	053	Forest County, PA	2018	NA	1816	1704	112	6.2
CN4205500000000	42	055	Franklin County, PA	2018	NA	76885	74069	2816	3.7
CN4205700000000	42	057	Fulton County, PA	2018	NA	7857	7550	307	3.9
CN4205900000000	42	059	Greene County, PA	2018	NA	16574	15776	798	4.8
CN4206100000000	42	061	Huntingdon County, PA	2018	NA	19785	18747	1038	5.2
CN4206300000000	42	063	Indiana County, PA	2018	NA	38719	36836	1883	4.9
CN4206500000000	42	065	Jefferson County, PA	2018	NA	20488	19546	942	4.6
CN4206700000000	42	067	Juniata County, PA	2018	NA	12444	11949	495	4
CN4206900000000	42	069	Lackawanna County, PA	2018	NA	105182	100412	4770	4.5
CN4207100000000	42	071	Lancaster County, PA	2018	NA	282029	272566	9463	3.4
CN4207300000000	42	073	Lawrence County, PA	2018	NA	40743	38693	2050	5
CN4207500000000	42	075	Lebanon County, PA	2018	NA	71369	68707	2662	3.7
CN4207700000000	42	077	Lehigh County, PA	2018	NA	190781	182083	8698	4.6
CN4207900000000	42	079	Luzerne County, PA	2018	NA	157690	149243	8447	5.4
CN4208100000000	42	081	Lycoming County, PA	2018	NA	57246	54534	2712	4.7
CN4208300000000	42	083	McKean County, PA	2018	NA	17795	16949	846	4.8
CN4208500000000	42	085	Mercer County, PA	2018	NA	49869	47546	2323	4.7
CN4208700000000	42	087	Mifflin County, PA	2018	NA	20750	19789	961	4.6
CN4208900000000	42	089	Monroe County, PA	2018	NA	82220	77861	4359	5.3
CN4209100000000	42	091	Montgomery County, PA	2018	NA	449999	434669	15330	3.4
CN4209300000000	42	093	Montour County, PA	2018	NA	9087	8774	313	3.4
CN4209500000000	42	095	Northampton County, PA	2018	NA	159464	152481	6983	4.4
CN4209700000000	42	097	Northumberland County, PA	2018	NA	43029	40799	2230	5.2
CN4209900000000	42	099	Perry County, PA	2018	NA	24210	23314	896	3.7
CN4210100000000	42	101	Philadelphia County/city, PA	2018	NA	709058	670112	38946	5.5
CN4210300000000	42	103	Pike County, PA	2018	NA	25038	23721	1317	5.3
CN4210500000000	42	105	Potter County, PA	2018	NA	7167	6789	378	5.3
CN4210700000000	42	107	Schuylkill County, PA	2018	NA	66019	62639	3380	5.1
CN4210900000000	42	109	Snyder County, PA	2018	NA	20285	19489	796	3.9
CN4211100000000	42	111	Somerset County, PA	2018	NA	33494	31804	1690	5
CN4211300000000	42	113	Sullivan County, PA	2018	NA	2686	2554	132	4.9
CN4211500000000	42	115	Susquehanna County, PA	2018	NA	20440	19631	809	4
CN4211700000000	42	117	Tioga County, PA	2018	NA	18814	17853	961	5.1
CN4211900000000	42	119	Union County, PA	2018	NA	19588	18861	727	3.7
CN4212100000000	42	121	Venango County, PA	2018	NA	22402	21315	1087	4.9
CN4212300000000	42	123	Warren County, PA	2018	NA	19033	18195	838	4.4
CN4212500000000	42	125	Washington County, PA	2018	NA	106242	101702	4540	4.3
CN4212700000000	42	127	Wayne County, PA	2018	NA	22362	21317	1045	4.7
CN4212900000000	42	129	Westmoreland County, PA	2018	NA	179859	172002	7857	4.4
CN4213100000000	42	131	Wyoming County, PA	2018	NA	13590	12982	608	4.5
CN4213300000000	42	133	York County, PA	2018	NA	234583	225632	8951	3.8
CN4400100000000	44	001	Bristol County, RI	2018	NA	25945	25065	880	3.4
CN4400300000000	44	003	Kent County, RI	2018	NA	90521	87254	3267	3.6
CN4400500000000	44	005	Newport County, RI	2018	NA	44169	42630	1539	3.5
CN4400700000000	44	007	Providence County, RI	2018	NA	324904	310929	13975	4.3
CN4400900000000	44	009	Washington County, RI	2018	NA	69017	66601	2416	3.5
CN4500100000000	45	001	Abbeville County, SC	2018	NA	9974	9574	400	4
CN4500300000000	45	003	Aiken County, SC	2018	NA	74317	71815	2502	3.4
CN4500500000000	45	005	Allendale County, SC	2018	NA	2776	2616	160	5.8
CN4500700000000	45	007	Anderson County, SC	2018	NA	90434	87481	2953	3.3
CN4500900000000	45	009	Bamberg County, SC	2018	NA	5031	4702	329	6.5
CN4501100000000	45	011	Barnwell County, SC	2018	NA	8344	7944	400	4.8
CN4501300000000	45	013	Beaufort County, SC	2018	NA	76206	73726	2480	3.3
CN4501500000000	45	015	Berkeley County, SC	2018	NA	101928	98808	3120	3.1
CN4501700000000	45	017	Calhoun County, SC	2018	NA	6543	6259	284	4.3
CN4501900000000	45	019	Charleston County, SC	2018	NA	207291	201465	5826	2.8
CN4502100000000	45	021	Cherokee County, SC	2018	NA	25154	24234	920	3.7
CN4502300000000	45	023	Chester County, SC	2018	NA	13144	12496	648	4.9
CN4502500000000	45	025	Chesterfield County, SC	2018	NA	21960	21243	717	3.3
CN4502700000000	45	027	Clarendon County, SC	2018	NA	12611	12016	595	4.7
CN4502900000000	45	029	Colleton County, SC	2018	NA	16776	16099	677	4
CN4503100000000	45	031	Darlington County, SC	2018	NA	30213	28982	1231	4.1
CN4503300000000	45	033	Dillon County, SC	2018	NA	12611	11999	612	4.9
CN4503500000000	45	035	Dorchester County, SC	2018	NA	76591	74255	2336	3
CN4503700000000	45	037	Edgefield County, SC	2018	NA	10656	10282	374	3.5
CN4503900000000	45	039	Fairfield County, SC	2018	NA	9643	9038	605	6.3
CN4504100000000	45	041	Florence County, SC	2018	NA	66535	64107	2428	3.6
CN4504300000000	45	043	Georgetown County, SC	2018	NA	25454	24280	1174	4.6
CN4504500000000	45	045	Greenville County, SC	2018	NA	252563	245134	7429	2.9
CN4504700000000	45	047	Greenwood County, SC	2018	NA	31095	29950	1145	3.7
CN4504900000000	45	049	Hampton County, SC	2018	NA	8358	8070	288	3.4
CN4505100000000	45	051	Horry County, SC	2018	NA	145691	139387	6304	4.3
CN4505300000000	45	053	Jasper County, SC	2018	NA	12415	12040	375	3
CN4505500000000	45	055	Kershaw County, SC	2018	NA	28990	27950	1040	3.6
CN4505700000000	45	057	Lancaster County, SC	2018	NA	40295	38754	1541	3.8
CN4505900000000	45	059	Laurens County, SC	2018	NA	29947	28868	1079	3.6
CN4506100000000	45	061	Lee County, SC	2018	NA	6589	6285	304	4.6
CN4506300000000	45	063	Lexington County, SC	2018	NA	148552	144255	4297	2.9
CN4506500000000	45	065	McCormick County, SC	2018	NA	3407	3287	120	3.5
CN4506700000000	45	067	Marion County, SC	2018	NA	12939	12219	720	5.6
CN4506900000000	45	069	Marlboro County, SC	2018	NA	9185	8718	467	5.1
CN4507100000000	45	071	Newberry County, SC	2018	NA	18974	18383	591	3.1
CN4507300000000	45	073	Oconee County, SC	2018	NA	34792	33612	1180	3.4
CN4507500000000	45	075	Orangeburg County, SC	2018	NA	34456	32452	2004	5.8
CN4507700000000	45	077	Pickens County, SC	2018	NA	56971	55050	1921	3.4
CN4507900000000	45	079	Richland County, SC	2018	NA	197138	190271	6867	3.5
CN4508100000000	45	081	Saluda County, SC	2018	NA	8795	8518	277	3.1
CN4508300000000	45	083	Spartanburg County, SC	2018	NA	150134	145417	4717	3.1
CN4508500000000	45	085	Sumter County, SC	2018	NA	43842	42057	1785	4.1
CN4508700000000	45	087	Union County, SC	2018	NA	11444	10962	482	4.2
CN4508900000000	45	089	Williamsburg County, SC	2018	NA	12162	11491	671	5.5
CN4509100000000	45	091	York County, SC	2018	NA	137017	132509	4508	3.3
CN4600300000000	46	003	Aurora County, SD	2018	NA	1561	1515	46	2.9
CN4600500000000	46	005	Beadle County, SD	2018	NA	9562	9305	257	2.7
CN4600700000000	46	007	Bennett County, SD	2018	NA	1079	1030	49	4.5
CN4600900000000	46	009	Bon Homme County, SD	2018	NA	2872	2797	75	2.6
CN4601100000000	46	011	Brookings County, SD	2018	NA	19050	18496	554	2.9
CN4601300000000	46	013	Brown County, SD	2018	NA	20858	20261	597	2.9
CN4601500000000	46	015	Brule County, SD	2018	NA	2507	2439	68	2.7
CN4601700000000	46	017	Buffalo County, SD	2018	NA	709	666	43	6.1
CN4601900000000	46	019	Butte County, SD	2018	NA	5050	4881	169	3.3
CN4602100000000	46	021	Campbell County, SD	2018	NA	786	754	32	4.1
CN4602300000000	46	023	Charles Mix County, SD	2018	NA	3841	3718	123	3.2
CN4602500000000	46	025	Clark County, SD	2018	NA	1909	1833	76	4
CN4602700000000	46	027	Clay County, SD	2018	NA	7258	7046	212	2.9
CN4602900000000	46	029	Codington County, SD	2018	NA	15363	14894	469	3.1
CN4603100000000	46	031	Corson County, SD	2018	NA	1390	1333	57	4.1
CN4603300000000	46	033	Custer County, SD	2018	NA	4006	3841	165	4.1
CN4603500000000	46	035	Davison County, SD	2018	NA	11043	10751	292	2.6
CN4603700000000	46	037	Day County, SD	2018	NA	2786	2665	121	4.3
CN4603900000000	46	039	Deuel County, SD	2018	NA	2167	2070	97	4.5
CN4604100000000	46	041	Dewey County, SD	2018	NA	2226	2029	197	8.8
CN4604300000000	46	043	Douglas County, SD	2018	NA	1567	1525	42	2.7
CN4604500000000	46	045	Edmunds County, SD	2018	NA	2064	2009	55	2.7
CN4604700000000	46	047	Fall River County, SD	2018	NA	3008	2893	115	3.8
CN4604900000000	46	049	Faulk County, SD	2018	NA	1096	1063	33	3
CN4605100000000	46	051	Grant County, SD	2018	NA	4446	4302	144	3.2
CN4605300000000	46	053	Gregory County, SD	2018	NA	2045	1977	68	3.3
CN4605500000000	46	055	Haakon County, SD	2018	NA	1071	1043	28	2.6
CN4605700000000	46	057	Hamlin County, SD	2018	NA	3248	3145	103	3.2
CN4605900000000	46	059	Hand County, SD	2018	NA	1812	1770	42	2.3
CN4606100000000	46	061	Hanson County, SD	2018	NA	1753	1670	83	4.7
CN4606300000000	46	063	Harding County, SD	2018	NA	731	713	18	2.5
CN4606500000000	46	065	Hughes County, SD	2018	NA	9897	9641	256	2.6
CN4606700000000	46	067	Hutchinson County, SD	2018	NA	3577	3478	99	2.8
CN4606900000000	46	069	Hyde County, SD	2018	NA	679	659	20	2.9
CN4607100000000	46	071	Jackson County, SD	2018	NA	1283	1219	64	5
CN4607300000000	46	073	Jerauld County, SD	2018	NA	1117	1089	28	2.5
CN4607500000000	46	075	Jones County, SD	2018	NA	554	539	15	2.7
CN4607700000000	46	077	Kingsbury County, SD	2018	NA	2660	2583	77	2.9
CN4607900000000	46	079	Lake County, SD	2018	NA	6649	6420	229	3.4
CN4608100000000	46	081	Lawrence County, SD	2018	NA	13074	12686	388	3
CN4608300000000	46	083	Lincoln County, SD	2018	NA	33892	33093	799	2.4
CN4608500000000	46	085	Lyman County, SD	2018	NA	1699	1628	71	4.2
CN4608700000000	46	087	McCook County, SD	2018	NA	3043	2965	78	2.6
CN4608900000000	46	089	McPherson County, SD	2018	NA	1023	983	40	3.9
CN4609100000000	46	091	Marshall County, SD	2018	NA	2426	2332	94	3.9
CN4609300000000	46	093	Meade County, SD	2018	NA	14021	13549	472	3.4
CN4609500000000	46	095	Mellette County, SD	2018	NA	749	712	37	4.9
CN4609700000000	46	097	Miner County, SD	2018	NA	1194	1161	33	2.8
CN4609900000000	46	099	Minnehaha County, SD	2018	NA	110726	107770	2956	2.7
CN4610100000000	46	101	Moody County, SD	2018	NA	4009	3888	121	3
CN4610200000000	46	102	Oglala Lakota County, SD	2018	NA	3582	3207	375	10.5
CN4610300000000	46	103	Pennington County, SD	2018	NA	56148	54395	1753	3.1
CN4610500000000	46	105	Perkins County, SD	2018	NA	1444	1402	42	2.9
CN4610700000000	46	107	Potter County, SD	2018	NA	1091	1052	39	3.6
CN4610900000000	46	109	Roberts County, SD	2018	NA	4846	4635	211	4.4
CN4611100000000	46	111	Sanborn County, SD	2018	NA	1151	1117	34	3
CN4611500000000	46	115	Spink County, SD	2018	NA	3242	3127	115	3.5
CN4611700000000	46	117	Stanley County, SD	2018	NA	1836	1787	49	2.7
CN4611900000000	46	119	Sully County, SD	2018	NA	806	785	21	2.6
CN4612100000000	46	121	Todd County, SD	2018	NA	3144	2946	198	6.3
CN4612300000000	46	123	Tripp County, SD	2018	NA	3105	3026	79	2.5
CN4612500000000	46	125	Turner County, SD	2018	NA	4655	4526	129	2.8
CN4612700000000	46	127	Union County, SD	2018	NA	8408	8140	268	3.2
CN4612900000000	46	129	Walworth County, SD	2018	NA	2216	2106	110	5
CN4613500000000	46	135	Yankton County, SD	2018	NA	11835	11520	315	2.7
CN4613700000000	46	137	Ziebach County, SD	2018	NA	924	875	49	5.3
CN4700100000000	47	001	Anderson County, TN	2018	NA	34210	32914	1296	3.8
CN4700300000000	47	003	Bedford County, TN	2018	NA	20755	19971	784	3.8
CN4700500000000	47	005	Benton County, TN	2018	NA	6892	6553	339	4.9
CN4700700000000	47	007	Bledsoe County, TN	2018	NA	4229	3977	252	6
CN4700900000000	47	009	Blount County, TN	2018	NA	62631	60596	2035	3.2
CN4701100000000	47	011	Bradley County, TN	2018	NA	50506	48685	1821	3.6
CN4701300000000	47	013	Campbell County, TN	2018	NA	14655	13951	704	4.8
CN4701500000000	47	015	Cannon County, TN	2018	NA	6422	6218	204	3.2
CN4701700000000	47	017	Carroll County, TN	2018	NA	12034	11437	597	5
CN4701900000000	47	019	Carter County, TN	2018	NA	23851	22855	996	4.2
CN4702100000000	47	021	Cheatham County, TN	2018	NA	21333	20742	591	2.8
CN4702300000000	47	023	Chester County, TN	2018	NA	8499	8179	320	3.8
CN4702500000000	47	025	Claiborne County, TN	2018	NA	12976	12421	555	4.3
CN4702700000000	47	027	Clay County, TN	2018	NA	2870	2728	142	4.9
CN4702900000000	47	029	Cocke County, TN	2018	NA	14899	14197	702	4.7
CN4703100000000	47	031	Coffee County, TN	2018	NA	24779	23898	881	3.6
CN4703300000000	47	033	Crockett County, TN	2018	NA	6950	6679	271	3.9
CN4703500000000	47	035	Cumberland County, TN	2018	NA	23324	22298	1026	4.4
CN4703700000000	47	037	Davidson County, TN	2018	NA	393923	383409	10514	2.7
CN4703900000000	47	039	Decatur County, TN	2018	NA	4496	4268	228	5.1
CN4704100000000	47	041	DeKalb County, TN	2018	NA	7754	7404	350	4.5
CN4704300000000	47	043	Dickson County, TN	2018	NA	26321	25518	803	3.1
CN4704500000000	47	045	Dyer County, TN	2018	NA	16187	15441	746	4.6
CN4704700000000	47	047	Fayette County, TN	2018	NA	18980	18268	712	3.8
CN4704900000000	47	049	Fentress County, TN	2018	NA	7193	6893	300	4.2
CN4705100000000	47	051	Franklin County, TN	2018	NA	19860	19185	675	3.4
CN4705300000000	47	053	Gibson County, TN	2018	NA	21843	20883	960	4.4
CN4705500000000	47	055	Giles County, TN	2018	NA	15282	14721	561	3.7
CN4705700000000	47	057	Grainger County, TN	2018	NA	9370	8996	374	4
CN4705900000000	47	059	Greene County, TN	2018	NA	29824	28436	1388	4.7
CN4706100000000	47	061	Grundy County, TN	2018	NA	4894	4676	218	4.5
CN4706300000000	47	063	Hamblen County, TN	2018	NA	27546	26486	1060	3.8
CN4706500000000	47	065	Hamilton County, TN	2018	NA	180867	174706	6161	3.4
CN4706700000000	47	067	Hancock County, TN	2018	NA	2124	2020	104	4.9
CN4706900000000	47	069	Hardeman County, TN	2018	NA	9366	8906	460	4.9
CN4707100000000	47	071	Hardin County, TN	2018	NA	10333	9877	456	4.4
CN4707300000000	47	073	Hawkins County, TN	2018	NA	23744	22794	950	4
CN4707500000000	47	075	Haywood County, TN	2018	NA	7730	7316	414	5.4
CN4707700000000	47	077	Henderson County, TN	2018	NA	11999	11432	567	4.7
CN4707900000000	47	079	Henry County, TN	2018	NA	14227	13627	600	4.2
CN4708100000000	47	081	Hickman County, TN	2018	NA	11155	10791	364	3.3
CN4708300000000	47	083	Houston County, TN	2018	NA	3238	3060	178	5.5
CN4708500000000	47	085	Humphreys County, TN	2018	NA	8833	8451	382	4.3
CN4708700000000	47	087	Jackson County, TN	2018	NA	4598	4381	217	4.7
CN4708900000000	47	089	Jefferson County, TN	2018	NA	24095	23177	918	3.8
CN4709100000000	47	091	Johnson County, TN	2018	NA	7571	7306	265	3.5
CN4709300000000	47	093	Knox County, TN	2018	NA	240571	233452	7119	3
CN4709500000000	47	095	Lake County, TN	2018	NA	1804	1711	93	5.2
CN4709700000000	47	097	Lauderdale County, TN	2018	NA	9671	9106	565	5.8
CN4709900000000	47	099	Lawrence County, TN	2018	NA	18456	17709	747	4
CN4710100000000	47	101	Lewis County, TN	2018	NA	5065	4839	226	4.5
CN4710300000000	47	103	Lincoln County, TN	2018	NA	16687	16174	513	3.1
CN4710500000000	47	105	Loudon County, TN	2018	NA	23127	22338	789	3.4
CN4710700000000	47	107	McMinn County, TN	2018	NA	22719	21782	937	4.1
CN4710900000000	47	109	McNairy County, TN	2018	NA	8286	7829	457	5.5
CN4711100000000	47	111	Macon County, TN	2018	NA	10979	10625	354	3.2
CN4711300000000	47	113	Madison County, TN	2018	NA	48665	46819	1846	3.8
CN4711500000000	47	115	Marion County, TN	2018	NA	12322	11742	580	4.7
CN4711700000000	47	117	Marshall County, TN	2018	NA	15449	14911	538	3.5
CN4711900000000	47	119	Maury County, TN	2018	NA	48178	46613	1565	3.2
CN4712100000000	47	121	Meigs County, TN	2018	NA	5064	4831	233	4.6
CN4712300000000	47	123	Monroe County, TN	2018	NA	19974	19231	743	3.7
CN4712500000000	47	125	Montgomery County, TN	2018	NA	84006	80745	3261	3.9
CN4712700000000	47	127	Moore County, TN	2018	NA	3498	3390	108	3.1
CN4712900000000	47	129	Morgan County, TN	2018	NA	7803	7450	353	4.5
CN4713100000000	47	131	Obion County, TN	2018	NA	12268	11658	610	5
CN4713300000000	47	133	Overton County, TN	2018	NA	9793	9422	371	3.8
CN4713500000000	47	135	Perry County, TN	2018	NA	3250	3109	141	4.3
CN4713700000000	47	137	Pickett County, TN	2018	NA	2437	2343	94	3.9
CN4713900000000	47	139	Polk County, TN	2018	NA	7300	6990	310	4.2
CN4714100000000	47	141	Putnam County, TN	2018	NA	34419	33182	1237	3.6
CN4714300000000	47	143	Rhea County, TN	2018	NA	13117	12375	742	5.7
CN4714500000000	47	145	Roane County, TN	2018	NA	23082	22124	958	4.2
CN4714700000000	47	147	Robertson County, TN	2018	NA	37094	35918	1176	3.2
CN4714900000000	47	149	Rutherford County, TN	2018	NA	179403	174546	4857	2.7
CN4715100000000	47	151	Scott County, TN	2018	NA	8273	7905	368	4.4
CN4715300000000	47	153	Sequatchie County, TN	2018	NA	6093	5828	265	4.3
CN4715500000000	47	155	Sevier County, TN	2018	NA	53188	51325	1863	3.5
CN4715700000000	47	157	Shelby County, TN	2018	NA	441691	423270	18421	4.2
CN4715900000000	47	159	Smith County, TN	2018	NA	9207	8925	282	3.1
CN4716100000000	47	161	Stewart County, TN	2018	NA	5298	5034	264	5
CN4716300000000	47	163	Sullivan County, TN	2018	NA	70347	67740	2607	3.7
CN4716500000000	47	165	Sumner County, TN	2018	NA	99758	96967	2791	2.8
CN4716700000000	47	167	Tipton County, TN	2018	NA	27985	26799	1186	4.2
CN4716900000000	47	169	Trousdale County, TN	2018	NA	5291	5119	172	3.3
CN4717100000000	47	171	Unicoi County, TN	2018	NA	7038	6690	348	4.9
CN4717300000000	47	173	Union County, TN	2018	NA	7518	7210	308	4.1
CN4717500000000	47	175	Van Buren County, TN	2018	NA	2062	1963	99	4.8
CN4717700000000	47	177	Warren County, TN	2018	NA	16750	16080	670	4
CN4717900000000	47	179	Washington County, TN	2018	NA	59996	57862	2134	3.6
CN4718100000000	47	181	Wayne County, TN	2018	NA	6146	5848	298	4.8
CN4718300000000	47	183	Weakley County, TN	2018	NA	15961	15283	678	4.2
CN4718500000000	47	185	White County, TN	2018	NA	12258	11814	444	3.6
CN4718700000000	47	187	Williamson County, TN	2018	NA	125087	121954	3133	2.5
CN4718900000000	47	189	Wilson County, TN	2018	NA	74665	72580	2085	2.8
CN4800100000000	48	001	Anderson County, TX	2018	NA	23397	22675	722	3.1
CN4800300000000	48	003	Andrews County, TX	2018	NA	9414	9189	225	2.4
CN4800500000000	48	005	Angelina County, TX	2018	NA	36046	34486	1560	4.3
CN4800700000000	48	007	Aransas County, TX	2018	NA	9567	9002	565	5.9
CN4800900000000	48	009	Archer County, TX	2018	NA	4142	4016	126	3
CN4801100000000	48	011	Armstrong County, TX	2018	NA	922	897	25	2.7
CN4801300000000	48	013	Atascosa County, TX	2018	NA	21413	20611	802	3.7
CN4801500000000	48	015	Austin County, TX	2018	NA	13864	13359	505	3.6
CN4801700000000	48	017	Bailey County, TX	2018	NA	2619	2505	114	4.4
CN4801900000000	48	019	Bandera County, TX	2018	NA	9939	9603	336	3.4
CN4802100000000	48	021	Bastrop County, TX	2018	NA	41673	40276	1397	3.4
CN4802300000000	48	023	Baylor County, TX	2018	NA	1555	1506	49	3.2
CN4802500000000	48	025	Bee County, TX	2018	NA	9940	9438	502	5.1
CN4802700000000	48	027	Bell County, TX	2018	NA	142598	136734	5864	4.1
CN4802900000000	48	029	Bexar County, TX	2018	NA	936251	905106	31145	3.3
CN4803100000000	48	031	Blanco County, TX	2018	NA	6250	6088	162	2.6
CN4803300000000	48	033	Borden County, TX	2018	NA	343	332	11	3.2
CN4803500000000	48	035	Bosque County, TX	2018	NA	8217	7914	303	3.7
CN4803700000000	48	037	Bowie County, TX	2018	NA	39474	37542	1932	4.9
CN4803900000000	48	039	Brazoria County, TX	2018	NA	176559	168602	7957	4.5
CN4804100000000	48	041	Brazos County, TX	2018	NA	116493	113189	3304	2.8
CN4804300000000	48	043	Brewster County, TX	2018	NA	4044	3910	134	3.3
CN4804500000000	48	045	Briscoe County, TX	2018	NA	559	538	21	3.8
CN4804700000000	48	047	Brooks County, TX	2018	NA	2451	2295	156	6.4
CN4804900000000	48	049	Brown County, TX	2018	NA	16022	15429	593	3.7
CN4805100000000	48	051	Burleson County, TX	2018	NA	8225	7930	295	3.6
CN4805300000000	48	053	Burnet County, TX	2018	NA	22921	22264	657	2.9
CN4805500000000	48	055	Caldwell County, TX	2018	NA	19091	18399	692	3.6
CN4805700000000	48	057	Calhoun County, TX	2018	NA	11210	10753	457	4.1
CN4805900000000	48	059	Callahan County, TX	2018	NA	5985	5785	200	3.3
CN4806100000000	48	061	Cameron County, TX	2018	NA	165894	155750	10144	6.1
CN4806300000000	48	063	Camp County, TX	2018	NA	5000	4757	243	4.9
CN4806500000000	48	065	Carson County, TX	2018	NA	2996	2912	84	2.8
CN4806700000000	48	067	Cass County, TX	2018	NA	12296	11680	616	5
CN4806900000000	48	069	Castro County, TX	2018	NA	3464	3366	98	2.8
CN4807100000000	48	071	Chambers County, TX	2018	NA	19269	18238	1031	5.4
CN4807300000000	48	073	Cherokee County, TX	2018	NA	20899	20044	855	4.1
CN4807500000000	48	075	Childress County, TX	2018	NA	2951	2874	77	2.6
CN4807700000000	48	077	Clay County, TX	2018	NA	4926	4771	155	3.1
CN4807900000000	48	079	Cochran County, TX	2018	NA	1099	1052	47	4.3
CN4808100000000	48	081	Coke County, TX	2018	NA	1454	1405	49	3.4
CN4808300000000	48	083	Coleman County, TX	2018	NA	2939	2824	115	3.9
CN4808500000000	48	085	Collin County, TX	2018	NA	551491	533254	18237	3.3
CN4808700000000	48	087	Collingsworth County, TX	2018	NA	1182	1145	37	3.1
CN4808900000000	48	089	Colorado County, TX	2018	NA	9674	9359	315	3.3
CN4809100000000	48	091	Comal County, TX	2018	NA	72381	70087	2294	3.2
CN4809300000000	48	093	Comanche County, TX	2018	NA	5372	5181	191	3.6
CN4809500000000	48	095	Concho County, TX	2018	NA	1098	1058	40	3.6
CN4809700000000	48	097	Cooke County, TX	2018	NA	19176	18587	589	3.1
CN4809900000000	48	099	Coryell County, TX	2018	NA	23895	22900	995	4.2
CN4810100000000	48	101	Cottle County, TX	2018	NA	532	509	23	4.3
CN4810300000000	48	103	Crane County, TX	2018	NA	1780	1712	68	3.8
CN4810500000000	48	105	Crockett County, TX	2018	NA	1633	1586	47	2.9
CN4810700000000	48	107	Crosby County, TX	2018	NA	2485	2371	114	4.6
CN4810900000000	48	109	Culberson County, TX	2018	NA	976	946	30	3.1
CN4811100000000	48	111	Dallam County, TX	2018	NA	4041	3959	82	2
CN4811300000000	48	113	Dallas County, TX	2018	NA	1336810	1286399	50411	3.8
CN4811500000000	48	115	Dawson County, TX	2018	NA	4563	4368	195	4.3
CN4811700000000	48	117	Deaf Smith County, TX	2018	NA	8426	8192	234	2.8
CN4811900000000	48	119	Delta County, TX	2018	NA	2446	2362	84	3.4
CN4812100000000	48	121	Denton County, TX	2018	NA	483765	468392	15373	3.2
CN4812300000000	48	123	DeWitt County, TX	2018	NA	9724	9422	302	3.1
CN4812500000000	48	125	Dickens County, TX	2018	NA	673	645	28	4.2
CN4812700000000	48	127	Dimmit County, TX	2018	NA	7358	7139	219	3
CN4812900000000	48	129	Donley County, TX	2018	NA	1558	1505	53	3.4
CN4813100000000	48	131	Duval County, TX	2018	NA	5065	4802	263	5.2
CN4813300000000	48	133	Eastland County, TX	2018	NA	8673	8385	288	3.3
CN4813500000000	48	135	Ector County, TX	2018	NA	85645	83346	2299	2.7
CN4813700000000	48	137	Edwards County, TX	2018	NA	883	858	25	2.8
CN4813900000000	48	139	Ellis County, TX	2018	NA	90694	87710	2984	3.3
CN4814100000000	48	141	El Paso County, TX	2018	NA	358355	343330	15025	4.2
CN4814300000000	48	143	Erath County, TX	2018	NA	20753	20118	635	3.1
CN4814500000000	48	145	Falls County, TX	2018	NA	6513	6261	252	3.9
CN4814700000000	48	147	Fannin County, TX	2018	NA	16459	15954	505	3.1
CN4814900000000	48	149	Fayette County, TX	2018	NA	12598	12248	350	2.8
CN4815100000000	48	151	Fisher County, TX	2018	NA	1651	1598	53	3.2
CN4815300000000	48	153	Floyd County, TX	2018	NA	2671	2533	138	5.2
CN4815500000000	48	155	Foard County, TX	2018	NA	584	567	17	2.9
CN4815700000000	48	157	Fort Bend County, TX	2018	NA	386546	371320	15226	3.9
CN4815900000000	48	159	Franklin County, TX	2018	NA	4565	4378	187	4.1
CN4816100000000	48	161	Freestone County, TX	2018	NA	6552	6170	382	5.8
CN4816300000000	48	163	Frio County, TX	2018	NA	10187	9899	288	2.8
CN4816500000000	48	165	Gaines County, TX	2018	NA	9427	9188	239	2.5
CN4816700000000	48	167	Galveston County, TX	2018	NA	163247	155732	7515	4.6
CN4816900000000	48	169	Garza County, TX	2018	NA	2136	2074	62	2.9
CN4817100000000	48	171	Gillespie County, TX	2018	NA	13380	13043	337	2.5
CN4817300000000	48	173	Glasscock County, TX	2018	NA	852	835	17	2
CN4817500000000	48	175	Goliad County, TX	2018	NA	3282	3158	124	3.8
CN4817700000000	48	177	Gonzales County, TX	2018	NA	9486	9200	286	3
CN4817900000000	48	179	Gray County, TX	2018	NA	8127	7813	314	3.9
CN4818100000000	48	181	Grayson County, TX	2018	NA	63270	61205	2065	3.3
CN4818300000000	48	183	Gregg County, TX	2018	NA	57476	55120	2356	4.1
CN4818500000000	48	185	Grimes County, TX	2018	NA	11113	10658	455	4.1
CN4818700000000	48	187	Guadalupe County, TX	2018	NA	80305	77802	2503	3.1
CN4818900000000	48	189	Hale County, TX	2018	NA	12491	11898	593	4.7
CN4819100000000	48	191	Hall County, TX	2018	NA	1110	1061	49	4.4
CN4819300000000	48	193	Hamilton County, TX	2018	NA	3635	3516	119	3.3
CN4819500000000	48	195	Hansford County, TX	2018	NA	2854	2788	66	2.3
CN4819700000000	48	197	Hardeman County, TX	2018	NA	1678	1618	60	3.6
CN4819900000000	48	199	Hardin County, TX	2018	NA	25388	24082	1306	5.1
CN4820100000000	48	201	Harris County, TX	2018	NA	2286360	2186339	100021	4.4
CN4820300000000	48	203	Harrison County, TX	2018	NA	29928	28635	1293	4.3
CN4820500000000	48	205	Hartley County, TX	2018	NA	2863	2812	51	1.8
CN4820700000000	48	207	Haskell County, TX	2018	NA	2355	2265	90	3.8
CN4820900000000	48	209	Hays County, TX	2018	NA	116188	112777	3411	2.9
CN4821100000000	48	211	Hemphill County, TX	2018	NA	2248	2202	46	2
CN4821300000000	48	213	Henderson County, TX	2018	NA	36145	34791	1354	3.7
CN4821500000000	48	215	Hidalgo County, TX	2018	NA	347594	324843	22751	6.5
CN4821700000000	48	217	Hill County, TX	2018	NA	16288	15700	588	3.6
CN4821900000000	48	219	Hockley County, TX	2018	NA	11434	11082	352	3.1
CN4822100000000	48	221	Hood County, TX	2018	NA	27052	26062	990	3.7
CN4822300000000	48	223	Hopkins County, TX	2018	NA	17323	16742	581	3.4
CN4822500000000	48	225	Houston County, TX	2018	NA	10201	9823	378	3.7
CN4822700000000	48	227	Howard County, TX	2018	NA	13596	13152	444	3.3
CN4822900000000	48	229	Hudspeth County, TX	2018	NA	1802	1720	82	4.6
CN4823100000000	48	231	Hunt County, TX	2018	NA	42504	40897	1607	3.8
CN4823300000000	48	233	Hutchinson County, TX	2018	NA	8994	8550	444	4.9
CN4823500000000	48	235	Irion County, TX	2018	NA	766	743	23	3
CN4823700000000	48	237	Jack County, TX	2018	NA	4378	4269	109	2.5
CN4823900000000	48	239	Jackson County, TX	2018	NA	7367	7128	239	3.2
CN4824100000000	48	241	Jasper County, TX	2018	NA	13233	12376	857	6.5
CN4824300000000	48	243	Jeff Davis County, TX	2018	NA	1069	1038	31	2.9
CN4824500000000	48	245	Jefferson County, TX	2018	NA	107196	100432	6764	6.3
CN4824700000000	48	247	Jim Hogg County, TX	2018	NA	1878	1772	106	5.6
CN4824900000000	48	249	Jim Wells County, TX	2018	NA	16986	16071	915	5.4
CN4825100000000	48	251	Johnson County, TX	2018	NA	80465	77721	2744	3.4
CN4825300000000	48	253	Jones County, TX	2018	NA	5619	5352	267	4.8
CN4825500000000	48	255	Karnes County, TX	2018	NA	6861	6667	194	2.8
CN4825700000000	48	257	Kaufman County, TX	2018	NA	63141	60970	2171	3.4
CN4825900000000	48	259	Kendall County, TX	2018	NA	21859	21227	632	2.9
CN4826100000000	48	261	Kenedy County, TX	2018	NA	247	238	9	3.6
CN4826300000000	48	263	Kent County, TX	2018	NA	452	441	11	2.4
CN4826500000000	48	265	Kerr County, TX	2018	NA	21800	21101	699	3.2
CN4826700000000	48	267	Kimble County, TX	2018	NA	1874	1818	56	3
CN4826900000000	48	269	King County, TX	2018	NA	211	205	6	2.8
CN4827100000000	48	271	Kinney County, TX	2018	NA	1352	1293	59	4.4
CN4827300000000	48	273	Kleberg County, TX	2018	NA	13312	12657	655	4.9
CN4827500000000	48	275	Knox County, TX	2018	NA	1452	1400	52	3.6
CN4827700000000	48	277	Lamar County, TX	2018	NA	23767	22874	893	3.8
CN4827900000000	48	279	Lamb County, TX	2018	NA	5210	4982	228	4.4
CN4828100000000	48	281	Lampasas County, TX	2018	NA	9150	8810	340	3.7
CN4828300000000	48	283	La Salle County, TX	2018	NA	4585	4475	110	2.4
CN4828500000000	48	285	Lavaca County, TX	2018	NA	8786	8514	272	3.1
CN4828700000000	48	287	Lee County, TX	2018	NA	9473	9185	288	3
CN4828900000000	48	289	Leon County, TX	2018	NA	6127	5823	304	5
CN4829100000000	48	291	Liberty County, TX	2018	NA	32719	30831	1888	5.8
CN4829300000000	48	293	Limestone County, TX	2018	NA	8406	8019	387	4.6
CN4829500000000	48	295	Lipscomb County, TX	2018	NA	1652	1607	45	2.7
CN4829700000000	48	297	Live Oak County, TX	2018	NA	5181	4987	194	3.7
CN4829900000000	48	299	Llano County, TX	2018	NA	8519	8205	314	3.7
CN4830100000000	48	301	Loving County, TX	2018	NA	268	264	4	1.5
CN4830300000000	48	303	Lubbock County, TX	2018	NA	156533	151778	4755	3
CN4830500000000	48	305	Lynn County, TX	2018	NA	2748	2659	89	3.2
CN4830700000000	48	307	McCulloch County, TX	2018	NA	3749	3626	123	3.3
CN4830900000000	48	309	McLennan County, TX	2018	NA	118211	114001	4210	3.6
CN4831100000000	48	311	McMullen County, TX	2018	NA	716	703	13	1.8
CN4831300000000	48	313	Madison County, TX	2018	NA	4564	4365	199	4.4
CN4831500000000	48	315	Marion County, TX	2018	NA	4252	4062	190	4.5
CN4831700000000	48	317	Martin County, TX	2018	NA	2770	2702	68	2.5
CN4831900000000	48	319	Mason County, TX	2018	NA	1775	1720	55	3.1
CN4832100000000	48	321	Matagorda County, TX	2018	NA	16801	15780	1021	6.1
CN4832300000000	48	323	Maverick County, TX	2018	NA	23635	21720	1915	8.1
CN4832500000000	48	325	Medina County, TX	2018	NA	21557	20813	744	3.5
CN4832700000000	48	327	Menard County, TX	2018	NA	827	794	33	4
CN4832900000000	48	329	Midland County, TX	2018	NA	102959	100784	2175	2.1
CN4833100000000	48	331	Milam County, TX	2018	NA	9887	9347	540	5.5
CN4833300000000	48	333	Mills County, TX	2018	NA	1870	1805	65	3.5
CN4833500000000	48	335	Mitchell County, TX	2018	NA	2326	2230	96	4.1
CN4833700000000	48	337	Montague County, TX	2018	NA	9138	8850	288	3.2
CN4833900000000	48	339	Montgomery County, TX	2018	NA	279663	269261	10402	3.7
CN4834100000000	48	341	Moore County, TX	2018	NA	10870	10583	287	2.6
CN4834300000000	48	343	Morris County, TX	2018	NA	4709	4401	308	6.5
CN4834500000000	48	345	Motley County, TX	2018	NA	463	446	17	3.7
CN4834700000000	48	347	Nacogdoches County, TX	2018	NA	28654	27548	1106	3.9
CN4834900000000	48	349	Navarro County, TX	2018	NA	23650	22784	866	3.7
CN4835100000000	48	351	Newton County, TX	2018	NA	5187	4841	346	6.7
CN4835300000000	48	353	Nolan County, TX	2018	NA	6718	6499	219	3.3
CN4835500000000	48	355	Nueces County, TX	2018	NA	167850	160082	7768	4.6
CN4835700000000	48	357	Ochiltree County, TX	2018	NA	4456	4333	123	2.8
CN4835900000000	48	359	Oldham County, TX	2018	NA	906	882	24	2.6
CN4836100000000	48	361	Orange County, TX	2018	NA	36517	34418	2099	5.7
CN4836300000000	48	363	Palo Pinto County, TX	2018	NA	13501	13053	448	3.3
CN4836500000000	48	365	Panola County, TX	2018	NA	10700	10256	444	4.1
CN4836700000000	48	367	Parker County, TX	2018	NA	65949	63922	2027	3.1
CN4836900000000	48	369	Parmer County, TX	2018	NA	4887	4773	114	2.3
CN4837100000000	48	371	Pecos County, TX	2018	NA	6417	6185	232	3.6
CN4837300000000	48	373	Polk County, TX	2018	NA	17837	16941	896	5
CN4837500000000	48	375	Potter County, TX	2018	NA	54901	53305	1596	2.9
CN4837700000000	48	377	Presidio County, TX	2018	NA	3040	2831	209	6.9
CN4837900000000	48	379	Rains County, TX	2018	NA	5908	5704	204	3.5
CN4838100000000	48	381	Randall County, TX	2018	NA	71644	69789	1855	2.6
CN4838300000000	48	383	Reagan County, TX	2018	NA	1874	1828	46	2.5
CN4838500000000	48	385	Real County, TX	2018	NA	1049	997	52	5
CN4838700000000	48	387	Red River County, TX	2018	NA	5087	4814	273	5.4
CN4838900000000	48	389	Reeves County, TX	2018	NA	9411	9217	194	2.1
CN4839100000000	48	391	Refugio County, TX	2018	NA	3136	2993	143	4.6
CN4839300000000	48	393	Roberts County, TX	2018	NA	428	416	12	2.8
CN4839500000000	48	395	Robertson County, TX	2018	NA	7535	7223	312	4.1
CN4839700000000	48	397	Rockwall County, TX	2018	NA	50929	49296	1633	3.2
CN4839900000000	48	399	Runnels County, TX	2018	NA	4576	4434	142	3.1
CN4840100000000	48	401	Rusk County, TX	2018	NA	22768	21847	921	4
CN4840300000000	48	403	Sabine County, TX	2018	NA	3544	3265	279	7.9
CN4840500000000	48	405	San Augustine County, TX	2018	NA	3005	2813	192	6.4
CN4840700000000	48	407	San Jacinto County, TX	2018	NA	11516	10948	568	4.9
CN4840900000000	48	409	San Patricio County, TX	2018	NA	30078	28185	1893	6.3
CN4841100000000	48	411	San Saba County, TX	2018	NA	2538	2461	77	3
CN4841300000000	48	413	Schleicher County, TX	2018	NA	1370	1331	39	2.8
CN4841500000000	48	415	Scurry County, TX	2018	NA	6928	6695	233	3.4
CN4841700000000	48	417	Shackelford County, TX	2018	NA	1943	1899	44	2.3
CN4841900000000	48	419	Shelby County, TX	2018	NA	11022	10551	471	4.3
CN4842100000000	48	421	Sherman County, TX	2018	NA	1330	1295	35	2.6
CN4842300000000	48	423	Smith County, TX	2018	NA	106822	102951	3871	3.6
CN4842500000000	48	425	Somervell County, TX	2018	NA	4292	4116	176	4.1
CN4842700000000	48	427	Starr County, TX	2018	NA	25170	22642	2528	10
CN4842900000000	48	429	Stephens County, TX	2018	NA	3995	3851	144	3.6
CN4843100000000	48	431	Sterling County, TX	2018	NA	581	562	19	3.3
CN4843300000000	48	433	Stonewall County, TX	2018	NA	590	570	20	3.4
CN4843500000000	48	435	Sutton County, TX	2018	NA	1458	1402	56	3.8
CN4843700000000	48	437	Swisher County, TX	2018	NA	2653	2540	113	4.3
CN4843900000000	48	439	Tarrant County, TX	2018	NA	1059957	1023016	36941	3.5
CN4844100000000	48	441	Taylor County, TX	2018	NA	65343	63293	2050	3.1
CN4844300000000	48	443	Terrell County, TX	2018	NA	378	365	13	3.4
CN4844500000000	48	445	Terry County, TX	2018	NA	5131	4923	208	4.1
CN4844700000000	48	447	Throckmorton County, TX	2018	NA	701	678	23	3.3
CN4844900000000	48	449	Titus County, TX	2018	NA	12897	12252	645	5
CN4845100000000	48	451	Tom Green County, TX	2018	NA	54646	52939	1707	3.1
CN4845300000000	48	453	Travis County, TX	2018	NA	719238	698868	20370	2.8
CN4845500000000	48	455	Trinity County, TX	2018	NA	5314	5042	272	5.1
CN4845700000000	48	457	Tyler County, TX	2018	NA	6980	6521	459	6.6
CN4845900000000	48	459	Upshur County, TX	2018	NA	17674	16938	736	4.2
CN4846100000000	48	461	Upton County, TX	2018	NA	1580	1526	54	3.4
CN4846300000000	48	463	Uvalde County, TX	2018	NA	11466	10981	485	4.2
CN4846500000000	48	465	Val Verde County, TX	2018	NA	22423	21560	863	3.8
CN4846700000000	48	467	Van Zandt County, TX	2018	NA	25757	24859	898	3.5
CN4846900000000	48	469	Victoria County, TX	2018	NA	42955	41321	1634	3.8
CN4847100000000	48	471	Walker County, TX	2018	NA	23877	22883	994	4.2
CN4847300000000	48	473	Waller County, TX	2018	NA	23141	22162	979	4.2
CN4847500000000	48	475	Ward County, TX	2018	NA	6774	6602	172	2.5
CN4847700000000	48	477	Washington County, TX	2018	NA	14872	14336	536	3.6
CN4847900000000	48	479	Webb County, TX	2018	NA	116294	111939	4355	3.7
CN4848100000000	48	481	Wharton County, TX	2018	NA	21284	20500	784	3.7
CN4848300000000	48	483	Wheeler County, TX	2018	NA	2427	2351	76	3.1
CN4848500000000	48	485	Wichita County, TX	2018	NA	56368	54461	1907	3.4
CN4848700000000	48	487	Wilbarger County, TX	2018	NA	4978	4772	206	4.1
CN4848900000000	48	489	Willacy County, TX	2018	NA	6389	5762	627	9.8
CN4849100000000	48	491	Williamson County, TX	2018	NA	304215	294970	9245	3
CN4849300000000	48	493	Wilson County, TX	2018	NA	24547	23798	749	3.1
CN4849500000000	48	495	Winkler County, TX	2018	NA	4026	3912	114	2.8
CN4849700000000	48	497	Wise County, TX	2018	NA	31252	30184	1068	3.4
CN4849900000000	48	499	Wood County, TX	2018	NA	17356	16621	735	4.2
CN4850100000000	48	501	Yoakum County, TX	2018	NA	3714	3608	106	2.9
CN4850300000000	48	503	Young County, TX	2018	NA	8166	7904	262	3.2
CN4850500000000	48	505	Zapata County, TX	2018	NA	5358	5063	295	5.5
CN4850700000000	48	507	Zavala County, TX	2018	NA	3559	3219	340	9.6
CN4900100000000	49	001	Beaver County, UT	2018	NA	3005	2902	103	3.4
CN4900300000000	49	003	Box Elder County, UT	2018	NA	25442	24693	749	2.9
CN4900500000000	49	005	Cache County, UT	2018	NA	63252	61598	1654	2.6
CN4900700000000	49	007	Carbon County, UT	2018	NA	8461	8090	371	4.4
CN4900900000000	49	009	Daggett County, UT	2018	NA	398	381	17	4.3
CN4901100000000	49	011	Davis County, UT	2018	NA	169969	165119	4850	2.9
CN4901300000000	49	013	Duchesne County, UT	2018	NA	7712	7369	343	4.4
CN4901500000000	49	015	Emery County, UT	2018	NA	4321	4119	202	4.7
CN4901700000000	49	017	Garfield County, UT	2018	NA	2773	2561	212	7.6
CN4901900000000	49	019	Grand County, UT	2018	NA	6056	5775	281	4.6
CN4902100000000	49	021	Iron County, UT	2018	NA	22861	22062	799	3.5
CN4902300000000	49	023	Juab County, UT	2018	NA	5564	5401	163	2.9
CN4902500000000	49	025	Kane County, UT	2018	NA	3785	3666	119	3.1
CN4902700000000	49	027	Millard County, UT	2018	NA	6200	6002	198	3.2
CN4902900000000	49	029	Morgan County, UT	2018	NA	5440	5293	147	2.7
CN4903100000000	49	031	Piute County, UT	2018	NA	480	455	25	5.2
CN4903300000000	49	033	Rich County, UT	2018	NA	1171	1134	37	3.2
CN4903500000000	49	035	Salt Lake County, UT	2018	NA	619396	601161	18235	2.9
CN4903700000000	49	037	San Juan County, UT	2018	NA	5700	5353	347	6.1
CN4903900000000	49	039	Sanpete County, UT	2018	NA	12448	11995	453	3.6
CN4904100000000	49	041	Sevier County, UT	2018	NA	9863	9519	344	3.5
CN4904300000000	49	043	Summit County, UT	2018	NA	24353	23633	720	3
CN4904500000000	49	045	Tooele County, UT	2018	NA	33206	32099	1107	3.3
CN4904700000000	49	047	Uintah County, UT	2018	NA	13583	12961	622	4.6
CN4904900000000	49	049	Utah County, UT	2018	NA	299036	290741	8295	2.8
CN4905100000000	49	051	Wasatch County, UT	2018	NA	15128	14660	468	3.1
CN4905300000000	49	053	Washington County, UT	2018	NA	74034	71555	2479	3.3
CN4905500000000	49	055	Wayne County, UT	2018	NA	1427	1343	84	5.9
CN4905700000000	49	057	Weber County, UT	2018	NA	124906	120651	4255	3.4
CN5000100000000	50	001	Addison County, VT	2018	NA	20722	20215	507	2.4
CN5000300000000	50	003	Bennington County, VT	2018	NA	18307	17757	550	3
CN5000500000000	50	005	Caledonia County, VT	2018	NA	14678	14218	460	3.1
CN5000700000000	50	007	Chittenden County, VT	2018	NA	97097	95189	1908	2
CN5000900000000	50	009	Essex County, VT	2018	NA	2692	2599	93	3.5
CN5001100000000	50	011	Franklin County, VT	2018	NA	27570	26906	664	2.4
CN5001300000000	50	013	Grand Isle County, VT	2018	NA	4070	3945	125	3.1
CN5001500000000	50	015	Lamoille County, VT	2018	NA	13968	13495	473	3.4
CN5001700000000	50	017	Orange County, VT	2018	NA	15933	15527	406	2.5
CN5001900000000	50	019	Orleans County, VT	2018	NA	13501	12924	577	4.3
CN5002100000000	50	021	Rutland County, VT	2018	NA	30752	29828	924	3
CN5002300000000	50	023	Washington County, VT	2018	NA	34512	33658	854	2.5
CN5002500000000	50	025	Windham County, VT	2018	NA	22470	21856	614	2.7
CN5002700000000	50	027	Windsor County, VT	2018	NA	29034	28384	650	2.2
CN5100100000000	51	001	Accomack County, VA	2018	NA	16748	16099	649	3.9
CN5100300000000	51	003	Albemarle County, VA	2018	NA	56203	54672	1531	2.7
CN5100500000000	51	005	Alleghany County, VA	2018	NA	6930	6669	261	3.8
CN5100700000000	51	007	Amelia County, VA	2018	NA	6208	6001	207	3.3
CN5100900000000	51	009	Amherst County, VA	2018	NA	14944	14444	500	3.3
CN5101100000000	51	011	Appomattox County, VA	2018	NA	7119	6855	264	3.7
CN5101300000000	51	013	Arlington County, VA	2018	NA	152218	149115	3103	2
CN5101500000000	51	015	Augusta County, VA	2018	NA	36797	35783	1014	2.8
CN5101700000000	51	017	Bath County, VA	2018	NA	2513	2450	63	2.5
CN5101900000000	51	019	Bedford County, VA	2018	NA	38270	37083	1187	3.1
CN5102100000000	51	021	Bland County, VA	2018	NA	2833	2742	91	3.2
CN5102300000000	51	023	Botetourt County, VA	2018	NA	17282	16811	471	2.7
CN5102500000000	51	025	Brunswick County, VA	2018	NA	6000	5699	301	5
CN5102700000000	51	027	Buchanan County, VA	2018	NA	6928	6545	383	5.5
CN5102900000000	51	029	Buckingham County, VA	2018	NA	6313	6027	286	4.5
CN5103100000000	51	031	Campbell County, VA	2018	NA	25890	25002	888	3.4
CN5103300000000	51	033	Caroline County, VA	2018	NA	15146	14611	535	3.5
CN5103500000000	51	035	Carroll County, VA	2018	NA	13289	12802	487	3.7
CN5103600000000	51	036	Charles City County, VA	2018	NA	3643	3495	148	4.1
CN5103700000000	51	037	Charlotte County, VA	2018	NA	5209	5015	194	3.7
CN5104100000000	51	041	Chesterfield County, VA	2018	NA	186121	180588	5533	3
CN5104300000000	51	043	Clarke County, VA	2018	NA	7500	7280	220	2.9
CN5104500000000	51	045	Craig County, VA	2018	NA	2290	2207	83	3.6
CN5104700000000	51	047	Culpeper County, VA	2018	NA	24278	23569	709	2.9
CN5104900000000	51	049	Cumberland County, VA	2018	NA	4648	4494	154	3.3
CN5105100000000	51	051	Dickenson County, VA	2018	NA	4523	4287	236	5.2
CN5105300000000	51	053	Dinwiddie County, VA	2018	NA	13551	13069	482	3.6
CN5105700000000	51	057	Essex County, VA	2018	NA	5507	5293	214	3.9
CN5105900000000	51	059	Fairfax County, VA	2018	NA	626912	611282	15630	2.5
CN5106100000000	51	061	Fauquier County, VA	2018	NA	36681	35709	972	2.6
CN5106300000000	51	063	Floyd County, VA	2018	NA	8108	7884	224	2.8
CN5106500000000	51	065	Fluvanna County, VA	2018	NA	13667	13319	348	2.5
CN5106700000000	51	067	Franklin County, VA	2018	NA	26182	25363	819	3.1
CN5106900000000	51	069	Frederick County, VA	2018	NA	47352	46098	1254	2.6
CN5107100000000	51	071	Giles County, VA	2018	NA	7835	7569	266	3.4
CN5107300000000	51	073	Gloucester County, VA	2018	NA	19481	18948	533	2.7
CN5107500000000	51	075	Goochland County, VA	2018	NA	11124	10788	336	3
CN5107700000000	51	077	Grayson County, VA	2018	NA	7667	7430	237	3.1
CN5107900000000	51	079	Greene County, VA	2018	NA	10306	10042	264	2.6
CN5108100000000	51	081	Greensville County, VA	2018	NA	4371	4209	162	3.7
CN5108300000000	51	083	Halifax County, VA	2018	NA	15155	14525	630	4.2
CN5108500000000	51	085	Hanover County, VA	2018	NA	58777	57218	1559	2.7
CN5108700000000	51	087	Henrico County, VA	2018	NA	180763	175257	5506	3
CN5108900000000	51	089	Henry County, VA	2018	NA	23672	22781	891	3.8
CN5109100000000	51	091	Highland County, VA	2018	NA	1255	1220	35	2.8
CN5109300000000	51	093	Isle of Wight County, VA	2018	NA	19348	18766	582	3
CN5109500000000	51	095	James City County, VA	2018	NA	36496	35422	1074	2.9
CN5109700000000	51	097	King and Queen County, VA	2018	NA	3851	3732	119	3.1
CN5109900000000	51	099	King George County, VA	2018	NA	13194	12799	395	3
CN5110100000000	51	101	King William County, VA	2018	NA	9082	8810	272	3
CN5110300000000	51	103	Lancaster County, VA	2018	NA	5292	5059	233	4.4
CN5110500000000	51	105	Lee County, VA	2018	NA	8308	7961	347	4.2
CN5110700000000	51	107	Loudoun County, VA	2018	NA	219593	214065	5528	2.5
CN5110900000000	51	109	Louisa County, VA	2018	NA	19758	19200	558	2.8
CN5111100000000	51	111	Lunenburg County, VA	2018	NA	5320	5146	174	3.3
CN5111300000000	51	113	Madison County, VA	2018	NA	7272	7092	180	2.5
CN5111500000000	51	115	Mathews County, VA	2018	NA	4122	3997	125	3
CN5111700000000	51	117	Mecklenburg County, VA	2018	NA	12667	12145	522	4.1
CN5111900000000	51	119	Middlesex County, VA	2018	NA	5230	5087	143	2.7
CN5112100000000	51	121	Montgomery County, VA	2018	NA	49859	48368	1491	3
CN5112500000000	51	125	Nelson County, VA	2018	NA	7318	7088	230	3.1
CN5112700000000	51	127	New Kent County, VA	2018	NA	12396	12055	341	2.8
CN5113100000000	51	131	Northampton County, VA	2018	NA	5385	5090	295	5.5
CN5113300000000	51	133	Northumberland County, VA	2018	NA	5540	5291	249	4.5
CN5113500000000	51	135	Nottoway County, VA	2018	NA	7211	6986	225	3.1
CN5113700000000	51	137	Orange County, VA	2018	NA	17013	16492	521	3.1
CN5113900000000	51	139	Page County, VA	2018	NA	11893	11389	504	4.2
CN5114100000000	51	141	Patrick County, VA	2018	NA	7435	7144	291	3.9
CN5114300000000	51	143	Pittsylvania County, VA	2018	NA	30488	29391	1097	3.6
CN5114500000000	51	145	Powhatan County, VA	2018	NA	14025	13644	381	2.7
CN5114700000000	51	147	Prince Edward County, VA	2018	NA	10402	9997	405	3.9
CN5114900000000	51	149	Prince George County, VA	2018	NA	14987	14434	553	3.7
CN5115300000000	51	153	Prince William County, VA	2018	NA	242475	235713	6762	2.8
CN5115500000000	51	155	Pulaski County, VA	2018	NA	15972	15412	560	3.5
CN5115700000000	51	157	Rappahannock County, VA	2018	NA	3640	3538	102	2.8
CN5115900000000	51	159	Richmond County, VA	2018	NA	4050	3922	128	3.2
CN5116100000000	51	161	Roanoke County, VA	2018	NA	49067	47711	1356	2.8
CN5116300000000	51	163	Rockbridge County, VA	2018	NA	10567	10246	321	3
CN5116500000000	51	165	Rockingham County, VA	2018	NA	41080	39968	1112	2.7
CN5116700000000	51	167	Russell County, VA	2018	NA	11186	10702	484	4.3
CN5116900000000	51	169	Scott County, VA	2018	NA	9100	8799	301	3.3
CN5117100000000	51	171	Shenandoah County, VA	2018	NA	22169	21528	641	2.9
CN5117300000000	51	173	Smyth County, VA	2018	NA	13661	13109	552	4
CN5117500000000	51	175	Southampton County, VA	2018	NA	9029	8774	255	2.8
CN5117700000000	51	177	Spotsylvania County, VA	2018	NA	66153	64094	2059	3.1
CN5117900000000	51	179	Stafford County, VA	2018	NA	71131	68995	2136	3
CN5118100000000	51	181	Surry County, VA	2018	NA	3750	3620	130	3.5
CN5118300000000	51	183	Sussex County, VA	2018	NA	3761	3572	189	5
CN5118500000000	51	185	Tazewell County, VA	2018	NA	15911	15199	712	4.5
CN5118700000000	51	187	Warren County, VA	2018	NA	20169	19540	629	3.1
CN5119100000000	51	191	Washington County, VA	2018	NA	26663	25748	915	3.4
CN5119300000000	51	193	Westmoreland County, VA	2018	NA	9371	9023	348	3.7
CN5119500000000	51	195	Wise County, VA	2018	NA	13210	12548	662	5
CN5119700000000	51	197	Wythe County, VA	2018	NA	13727	13208	519	3.8
CN5119900000000	51	199	York County, VA	2018	NA	32656	31730	926	2.8
CN5151000000000	51	510	Alexandria city, VA	2018	NA	99979	97676	2303	2.3
CN5152000000000	51	520	Bristol city, VA	2018	NA	7177	6903	274	3.8
CN5153000000000	51	530	Buena Vista city, VA	2018	NA	3351	3244	107	3.2
CN5154000000000	51	540	Charlottesville city, VA	2018	NA	25963	25291	672	2.6
CN5155000000000	51	550	Chesapeake city, VA	2018	NA	122298	118533	3765	3.1
CN5157000000000	51	570	Colonial Heights city, VA	2018	NA	8738	8442	296	3.4
CN5158000000000	51	580	Covington city, VA	2018	NA	2400	2286	114	4.8
CN5159000000000	51	590	Danville city, VA	2018	NA	19576	18569	1007	5.1
CN5159500000000	51	595	Emporia city, VA	2018	NA	2333	2221	112	4.8
CN5160000000000	51	600	Fairfax city, VA	2018	NA	13271	12963	308	2.3
CN5161000000000	51	610	Falls Church city, VA	2018	NA	8480	8295	185	2.2
CN5162000000000	51	620	Franklin city, VA	2018	NA	3589	3430	159	4.4
CN5163000000000	51	630	Fredericksburg city, VA	2018	NA	13963	13471	492	3.5
CN5164000000000	51	640	Galax city, VA	2018	NA	2929	2827	102	3.5
CN5165000000000	51	650	Hampton city, VA	2018	NA	64262	61619	2643	4.1
CN5166000000000	51	660	Harrisonburg city, VA	2018	NA	24557	23686	871	3.5
CN5167000000000	51	670	Hopewell city, VA	2018	NA	9648	9178	470	4.9
CN5167800000000	51	678	Lexington city, VA	2018	NA	2079	1979	100	4.8
CN5168000000000	51	680	Lynchburg city, VA	2018	NA	36249	34770	1479	4.1
CN5168300000000	51	683	Manassas city, VA	2018	NA	21770	21174	596	2.7
CN5168500000000	51	685	Manassas Park city, VA	2018	NA	9261	9005	256	2.8
CN5169000000000	51	690	Martinsville city, VA	2018	NA	5470	5215	255	4.7
CN5170000000000	51	700	Newport News city, VA	2018	NA	88574	85305	3269	3.7
CN5171000000000	51	710	Norfolk city, VA	2018	NA	111338	107224	4114	3.7
CN5172000000000	51	720	Norton city, VA	2018	NA	1665	1598	67	4
CN5173000000000	51	730	Petersburg city, VA	2018	NA	12988	12179	809	6.2
CN5173500000000	51	735	Poquoson city, VA	2018	NA	6361	6188	173	2.7
CN5174000000000	51	740	Portsmouth city, VA	2018	NA	44163	42331	1832	4.1
CN5175000000000	51	750	Radford city, VA	2018	NA	8615	8283	332	3.9
CN5176000000000	51	760	Richmond city, VA	2018	NA	117557	113337	4220	3.6
CN5177000000000	51	770	Roanoke city, VA	2018	NA	48878	47272	1606	3.3
CN5177500000000	51	775	Salem city, VA	2018	NA	12902	12513	389	3
CN5179000000000	51	790	Staunton city, VA	2018	NA	12016	11667	349	2.9
CN5180000000000	51	800	Suffolk city, VA	2018	NA	44502	43044	1458	3.3
CN5181000000000	51	810	Virginia Beach city, VA	2018	NA	232337	225561	6776	2.9
CN5182000000000	51	820	Waynesboro city, VA	2018	NA	10520	10175	345	3.3
CN5183000000000	51	830	Williamsburg city, VA	2018	NA	6673	6399	274	4.1
CN5184000000000	51	840	Winchester city, VA	2018	NA	14544	14105	439	3
CN5300100000000	53	001	Adams County, WA	2018	NA	9382	8859	523	5.6
CN5300300000000	53	003	Asotin County, WA	2018	NA	10189	9739	450	4.4
CN5300500000000	53	005	Benton County, WA	2018	NA	99023	93702	5321	5.4
CN5300700000000	53	007	Chelan County, WA	2018	NA	45126	43003	2123	4.7
CN5300900000000	53	009	Clallam County, WA	2018	NA	28122	26281	1841	6.5
CN5301100000000	53	011	Clark County, WA	2018	NA	233059	221615	11444	4.9
CN5301300000000	53	013	Columbia County, WA	2018	NA	1793	1691	102	5.7
CN5301500000000	53	015	Cowlitz County, WA	2018	NA	46339	43525	2814	6.1
CN5301700000000	53	017	Douglas County, WA	2018	NA	21753	20567	1186	5.5
CN5301900000000	53	019	Ferry County, WA	2018	NA	2513	2214	299	11.9
CN5302100000000	53	021	Franklin County, WA	2018	NA	41673	39069	2604	6.2
CN5302300000000	53	023	Garfield County, WA	2018	NA	905	851	54	6
CN5302500000000	53	025	Grant County, WA	2018	NA	46546	43563	2983	6.4
CN5302700000000	53	027	Grays Harbor County, WA	2018	NA	28263	26315	1948	6.9
CN5302900000000	53	029	Island County, WA	2018	NA	34676	32817	1859	5.4
CN5303100000000	53	031	Jefferson County, WA	2018	NA	12270	11543	727	5.9
CN5303300000000	53	033	King County, WA	2018	NA	1264754	1224648	40106	3.2
CN5303500000000	53	035	Kitsap County, WA	2018	NA	123493	117634	5859	4.7
CN5303700000000	53	037	Kittitas County, WA	2018	NA	22030	20795	1235	5.6
CN5303900000000	53	039	Klickitat County, WA	2018	NA	10094	9507	587	5.8
CN5304100000000	53	041	Lewis County, WA	2018	NA	33941	31756	2185	6.4
CN5304300000000	53	043	Lincoln County, WA	2018	NA	5075	4822	253	5
CN5304500000000	53	045	Mason County, WA	2018	NA	24457	22873	1584	6.5
CN5304700000000	53	047	Okanogan County, WA	2018	NA	20622	19258	1364	6.6
CN5304900000000	53	049	Pacific County, WA	2018	NA	8419	7824	595	7.1
CN5305100000000	53	051	Pend Oreille County, WA	2018	NA	4847	4492	355	7.3
CN5305300000000	53	053	Pierce County, WA	2018	NA	425870	403258	22612	5.3
CN5305500000000	53	055	San Juan County, WA	2018	NA	8280	7949	331	4
CN5305700000000	53	057	Skagit County, WA	2018	NA	60564	57337	3227	5.3
CN5305900000000	53	059	Skamania County, WA	2018	NA	5354	5048	306	5.7
CN5306100000000	53	061	Snohomish County, WA	2018	NA	430814	415930	14884	3.5
CN5306300000000	53	063	Spokane County, WA	2018	NA	245323	232197	13126	5.4
CN5306500000000	53	065	Stevens County, WA	2018	NA	18393	17050	1343	7.3
CN5306700000000	53	067	Thurston County, WA	2018	NA	138067	131291	6776	4.9
CN5306900000000	53	069	Wahkiakum County, WA	2018	NA	1333	1242	91	6.8
CN5307100000000	53	071	Walla Walla County, WA	2018	NA	29350	27930	1420	4.8
CN5307300000000	53	073	Whatcom County, WA	2018	NA	111677	106221	5456	4.9
CN5307500000000	53	075	Whitman County, WA	2018	NA	23546	22486	1060	4.5
CN5307700000000	53	077	Yakima County, WA	2018	NA	129078	120677	8401	6.5
CN5400100000000	54	001	Barbour County, WV	2018	NA	6857	6449	408	6
CN5400300000000	54	003	Berkeley County, WV	2018	NA	57407	55083	2324	4
CN5400500000000	54	005	Boone County, WV	2018	NA	7440	6988	452	6.1
CN5400700000000	54	007	Braxton County, WV	2018	NA	5093	4737	356	7
CN5400900000000	54	009	Brooke County, WV	2018	NA	9849	9253	596	6.1
CN5401100000000	54	011	Cabell County, WV	2018	NA	40980	39056	1924	4.7
CN5401300000000	54	013	Calhoun County, WV	2018	NA	2414	2164	250	10.4
CN5401500000000	54	015	Clay County, WV	2018	NA	3117	2856	261	8.4
CN5401700000000	54	017	Doddridge County, WV	2018	NA	3952	3798	154	3.9
CN5401900000000	54	019	Fayette County, WV	2018	NA	15872	14869	1003	6.3
CN5402100000000	54	021	Gilmer County, WV	2018	NA	2363	2214	149	6.3
CN5402300000000	54	023	Grant County, WV	2018	NA	5811	5482	329	5.7
CN5402500000000	54	025	Greenbrier County, WV	2018	NA	15611	14823	788	5
CN5402700000000	54	027	Hampshire County, WV	2018	NA	10386	9945	441	4.2
CN5402900000000	54	029	Hancock County, WV	2018	NA	12872	12119	753	5.8
CN5403100000000	54	031	Hardy County, WV	2018	NA	5773	5457	316	5.5
CN5403300000000	54	033	Harrison County, WV	2018	NA	34049	32518	1531	4.5
CN5403500000000	54	035	Jackson County, WV	2018	NA	16170	15527	643	4
CN5403700000000	54	037	Jefferson County, WV	2018	NA	29656	28667	989	3.3
CN5403900000000	54	039	Kanawha County, WV	2018	NA	82348	78131	4217	5.1
CN5404100000000	54	041	Lewis County, WV	2018	NA	6661	6292	369	5.5
CN5404300000000	54	043	Lincoln County, WV	2018	NA	7111	6622	489	6.9
CN5404500000000	54	045	Logan County, WV	2018	NA	10726	9988	738	6.9
CN5404700000000	54	047	McDowell County, WV	2018	NA	4456	4040	416	9.3
CN5404900000000	54	049	Marion County, WV	2018	NA	25192	23758	1434	5.7
CN5405100000000	54	051	Marshall County, WV	2018	NA	14133	13317	816	5.8
CN5405300000000	54	053	Mason County, WV	2018	NA	9917	9228	689	6.9
CN5405500000000	54	055	Mercer County, WV	2018	NA	20969	19659	1310	6.2
CN5405700000000	54	057	Mineral County, WV	2018	NA	12277	11607	670	5.5
CN5405900000000	54	059	Mingo County, WV	2018	NA	6835	6320	515	7.5
CN5406100000000	54	061	Monongalia County, WV	2018	NA	53643	51459	2184	4.1
CN5406300000000	54	063	Monroe County, WV	2018	NA	5787	5510	277	4.8
CN5406500000000	54	065	Morgan County, WV	2018	NA	7956	7616	340	4.3
CN5406700000000	54	067	Nicholas County, WV	2018	NA	9282	8688	594	6.4
CN5406900000000	54	069	Ohio County, WV	2018	NA	21308	20333	975	4.6
CN5407100000000	54	071	Pendleton County, WV	2018	NA	3531	3400	131	3.7
CN5407300000000	54	073	Pleasants County, WV	2018	NA	2841	2666	175	6.2
CN5407500000000	54	075	Pocahontas County, WV	2018	NA	3797	3565	232	6.1
CN5407700000000	54	077	Preston County, WV	2018	NA	15320	14522	798	5.2
CN5407900000000	54	079	Putnam County, WV	2018	NA	26351	25064	1287	4.9
CN5408100000000	54	081	Raleigh County, WV	2018	NA	29681	28139	1542	5.2
CN5408300000000	54	083	Randolph County, WV	2018	NA	12021	11364	657	5.5
CN5408500000000	54	085	Ritchie County, WV	2018	NA	4309	4080	229	5.3
CN5408700000000	54	087	Roane County, WV	2018	NA	4943	4558	385	7.8
CN5408900000000	54	089	Summers County, WV	2018	NA	4207	3951	256	6.1
CN5409100000000	54	091	Taylor County, WV	2018	NA	7776	7401	375	4.8
CN5409300000000	54	093	Tucker County, WV	2018	NA	3326	3144	182	5.5
CN5409500000000	54	095	Tyler County, WV	2018	NA	3097	2873	224	7.2
CN5409700000000	54	097	Upshur County, WV	2018	NA	9388	8855	533	5.7
CN5409900000000	54	099	Wayne County, WV	2018	NA	15587	14664	923	5.9
CN5410100000000	54	101	Webster County, WV	2018	NA	3167	2967	200	6.3
CN5410300000000	54	103	Wetzel County, WV	2018	NA	6554	6088	466	7.1
CN5410500000000	54	105	Wirt County, WV	2018	NA	2210	2057	153	6.9
CN5410700000000	54	107	Wood County, WV	2018	NA	36019	34067	1952	5.4
CN5410900000000	54	109	Wyoming County, WV	2018	NA	6799	6327	472	6.9
CN5500100000000	55	001	Adams County, WI	2018	NA	8178	7792	386	4.7
CN5500300000000	55	003	Ashland County, WI	2018	NA	7905	7568	337	4.3
CN5500500000000	55	005	Barron County, WI	2018	NA	24910	24067	843	3.4
CN5500700000000	55	007	Bayfield County, WI	2018	NA	7573	7203	370	4.9
CN5500900000000	55	009	Brown County, WI	2018	NA	142639	138718	3921	2.7
CN5501100000000	55	011	Buffalo County, WI	2018	NA	6597	6370	227	3.4
CN5501300000000	55	013	Burnett County, WI	2018	NA	7295	6961	334	4.6
CN5501500000000	55	015	Calumet County, WI	2018	NA	27704	26988	716	2.6
CN5501700000000	55	017	Chippewa County, WI	2018	NA	33354	32250	1104	3.3
CN5501900000000	55	019	Clark County, WI	2018	NA	18024	17504	520	2.9
CN5502100000000	55	021	Columbia County, WI	2018	NA	31463	30610	853	2.7
CN5502300000000	55	023	Crawford County, WI	2018	NA	7838	7547	291	3.7
CN5502500000000	55	025	Dane County, WI	2018	NA	319942	312787	7155	2.2
CN5502700000000	55	027	Dodge County, WI	2018	NA	47964	46703	1261	2.6
CN5502900000000	55	029	Door County, WI	2018	NA	15420	14863	557	3.6
CN5503100000000	55	031	Douglas County, WI	2018	NA	23217	22295	922	4
CN5503300000000	55	033	Dunn County, WI	2018	NA	24367	23623	744	3.1
CN5503500000000	55	035	Eau Claire County, WI	2018	NA	59051	57513	1538	2.6
CN5503700000000	55	037	Florence County, WI	2018	NA	2266	2181	85	3.8
CN5503900000000	55	039	Fond du Lac County, WI	2018	NA	57227	55712	1515	2.6
CN5504100000000	55	041	Forest County, WI	2018	NA	3975	3784	191	4.8
CN5504300000000	55	043	Grant County, WI	2018	NA	28240	27447	793	2.8
CN5504500000000	55	045	Green County, WI	2018	NA	21060	20518	542	2.6
CN5504700000000	55	047	Green Lake County, WI	2018	NA	9707	9383	324	3.3
CN5504900000000	55	049	Iowa County, WI	2018	NA	13793	13431	362	2.6
CN5505100000000	55	051	Iron County, WI	2018	NA	2575	2425	150	5.8
CN5505300000000	55	053	Jackson County, WI	2018	NA	10567	10237	330	3.1
CN5505500000000	55	055	Jefferson County, WI	2018	NA	46054	44733	1321	2.9
CN5505700000000	55	057	Juneau County, WI	2018	NA	13506	13093	413	3.1
CN5505900000000	55	059	Kenosha County, WI	2018	NA	89475	86327	3148	3.5
CN5506100000000	55	061	Kewaunee County, WI	2018	NA	11201	10877	324	2.9
CN5506300000000	55	063	La Crosse County, WI	2018	NA	66930	65176	1754	2.6
CN5506500000000	55	065	Lafayette County, WI	2018	NA	10211	9976	235	2.3
CN5506700000000	55	067	Langlade County, WI	2018	NA	9483	9107	376	4
CN5506900000000	55	069	Lincoln County, WI	2018	NA	15267	14788	479	3.1
CN5507100000000	55	071	Manitowoc County, WI	2018	NA	41215	39938	1277	3.1
CN5507300000000	55	073	Marathon County, WI	2018	NA	73923	71966	1957	2.6
CN5507500000000	55	075	Marinette County, WI	2018	NA	19602	18816	786	4
CN5507700000000	55	077	Marquette County, WI	2018	NA	7695	7422	273	3.5
CN5507800000000	55	078	Menominee County, WI	2018	NA	1625	1532	93	5.7
CN5507900000000	55	079	Milwaukee County, WI	2018	NA	468452	451475	16977	3.6
CN5508100000000	55	081	Monroe County, WI	2018	NA	23545	22900	645	2.7
CN5508300000000	55	083	Oconto County, WI	2018	NA	20770	20081	689	3.3
CN5508500000000	55	085	Oneida County, WI	2018	NA	18155	17505	650	3.6
CN5508700000000	55	087	Outagamie County, WI	2018	NA	103341	100447	2894	2.8
CN5508900000000	55	089	Ozaukee County, WI	2018	NA	49249	48012	1237	2.5
CN5509100000000	55	091	Pepin County, WI	2018	NA	4225	4087	138	3.3
CN5509300000000	55	093	Pierce County, WI	2018	NA	25465	24650	815	3.2
CN5509500000000	55	095	Polk County, WI	2018	NA	24584	23670	914	3.7
CN5509700000000	55	097	Portage County, WI	2018	NA	39071	37897	1174	3
CN5509900000000	55	099	Price County, WI	2018	NA	6631	6386	245	3.7
CN5510100000000	55	101	Racine County, WI	2018	NA	99130	95551	3579	3.6
CN5510300000000	55	103	Richland County, WI	2018	NA	9295	9050	245	2.6
CN5510500000000	55	105	Rock County, WI	2018	NA	84967	82214	2753	3.2
CN5510700000000	55	107	Rusk County, WI	2018	NA	6954	6678	276	4
CN5510900000000	55	109	St. Croix County, WI	2018	NA	50461	48932	1529	3
CN5511100000000	55	111	Sauk County, WI	2018	NA	35559	34648	911	2.6
CN5511300000000	55	113	Sawyer County, WI	2018	NA	7950	7607	343	4.3
CN5511500000000	55	115	Shawano County, WI	2018	NA	21401	20756	645	3
CN5511700000000	55	117	Sheboygan County, WI	2018	NA	62511	60949	1562	2.5
CN5511900000000	55	119	Taylor County, WI	2018	NA	11035	10689	346	3.1
CN5512100000000	55	121	Trempealeau County, WI	2018	NA	16313	15847	466	2.9
CN5512300000000	55	123	Vernon County, WI	2018	NA	15461	15015	446	2.9
CN5512500000000	55	125	Vilas County, WI	2018	NA	10151	9749	402	4
CN5512700000000	55	127	Walworth County, WI	2018	NA	58245	56532	1713	2.9
CN5512900000000	55	129	Washburn County, WI	2018	NA	7914	7607	307	3.9
CN5513100000000	55	131	Washington County, WI	2018	NA	77555	75584	1971	2.5
CN5513300000000	55	133	Waukesha County, WI	2018	NA	225674	219707	5967	2.6
CN5513500000000	55	135	Waupaca County, WI	2018	NA	26253	25480	773	2.9
CN5513700000000	55	137	Waushara County, WI	2018	NA	11602	11198	404	3.5
CN5513900000000	55	139	Winnebago County, WI	2018	NA	92128	89613	2515	2.7
CN5514100000000	55	141	Wood County, WI	2018	NA	35223	34006	1217	3.5
CN5600100000000	56	001	Albany County, WY	2018	NA	20361	19712	649	3.2
CN5600300000000	56	003	Big Horn County, WY	2018	NA	5263	5025	238	4.5
CN5600500000000	56	005	Campbell County, WY	2018	NA	22993	22090	903	3.9
CN5600700000000	56	007	Carbon County, WY	2018	NA	7851	7570	281	3.6
CN5600900000000	56	009	Converse County, WY	2018	NA	7636	7368	268	3.5
CN5601100000000	56	011	Crook County, WY	2018	NA	3726	3610	116	3.1
CN5601300000000	56	013	Fremont County, WY	2018	NA	18890	17939	951	5
CN5601500000000	56	015	Goshen County, WY	2018	NA	6831	6613	218	3.2
CN5601700000000	56	017	Hot Springs County, WY	2018	NA	2229	2151	78	3.5
CN5601900000000	56	019	Johnson County, WY	2018	NA	4235	4073	162	3.8
CN5602100000000	56	021	Laramie County, WY	2018	NA	48190	46397	1793	3.7
CN5602300000000	56	023	Lincoln County, WY	2018	NA	8785	8463	322	3.7
CN5602500000000	56	025	Natrona County, WY	2018	NA	39259	37509	1750	4.5
CN5602700000000	56	027	Niobrara County, WY	2018	NA	1282	1248	34	2.7
CN5602900000000	56	029	Park County, WY	2018	NA	15591	14936	655	4.2
CN5603100000000	56	031	Platte County, WY	2018	NA	4784	4612	172	3.6
CN5603300000000	56	033	Sheridan County, WY	2018	NA	15732	15121	611	3.9
CN5603500000000	56	035	Sublette County, WY	2018	NA	4249	4074	175	4.1
CN5603700000000	56	037	Sweetwater County, WY	2018	NA	21285	20425	860	4
CN5603900000000	56	039	Teton County, WY	2018	NA	15405	14959	446	2.9
CN5604100000000	56	041	Uinta County, WY	2018	NA	9028	8650	378	4.2
CN5604300000000	56	043	Washakie County, WY	2018	NA	4058	3892	166	4.1
CN5604500000000	56	045	Weston County, WY	2018	NA	3767	3641	126	3.3
CN7200100000000	72	001	Adjuntas Municipio, PR	2018	NA	4024	3473	551	13.7
CN7200300000000	72	003	Aguada Municipio, PR	2018	NA	11809	10500	1309	11.1
CN7200500000000	72	005	Aguadilla Municipio, PR	2018	NA	14615	12804	1811	12.4
CN7200700000000	72	007	Aguas Buenas Municipio, PR	2018	NA	6464	5813	651	10.1
CN7200900000000	72	009	Aibonito Municipio, PR	2018	NA	6414	5649	765	11.9
CN7201100000000	72	011	Anasco Municipio, PR	2018	NA	8784	7941	843	9.6
CN7201300000000	72	013	Arecibo Municipio, PR	2018	NA	23193	20786	2407	10.4
CN7201500000000	72	015	Arroyo Municipio, PR	2018	NA	4614	3982	632	13.7
CN7201700000000	72	017	Barceloneta Municipio, PR	2018	NA	5809	5126	683	11.8
CN7201900000000	72	019	Barranquitas Municipio, PR	2018	NA	7336	6590	746	10.2
CN7202100000000	72	021	Bayamon Municipio, PR	2018	NA	63973	59624	4349	6.8
CN7202300000000	72	023	Cabo Rojo Municipio, PR	2018	NA	13573	12156	1417	10.4
CN7202500000000	72	025	Caguas Municipio, PR	2018	NA	47130	43469	3661	7.8
CN7202700000000	72	027	Camuy Municipio, PR	2018	NA	9282	8368	914	9.8
CN7202900000000	72	029	Canovanas Municipio, PR	2018	NA	15884	14635	1249	7.9
CN7203100000000	72	031	Carolina Municipio, PR	2018	NA	60556	56445	4111	6.8
CN7203300000000	72	033	Catano Municipio, PR	2018	NA	7698	7081	617	8
CN7203500000000	72	035	Cayey Municipio, PR	2018	NA	15832	14608	1224	7.7
CN7203700000000	72	037	Ceiba Municipio, PR	2018	NA	3764	3252	512	13.6
CN7203900000000	72	039	Ciales Municipio, PR	2018	NA	3670	3213	457	12.5
CN7204100000000	72	041	Cidra Municipio, PR	2018	NA	15223	14068	1155	7.6
CN7204300000000	72	043	Coamo Municipio, PR	2018	NA	9881	8513	1368	13.8
CN7204500000000	72	045	Comerio Municipio, PR	2018	NA	4853	4354	499	10.3
CN7204700000000	72	047	Corozal Municipio, PR	2018	NA	8855	8020	835	9.4
CN7204900000000	72	049	Culebra Municipio, PR	2018	NA	891	852	39	4.4
CN7205100000000	72	051	Dorado Municipio, PR	2018	NA	12843	12095	748	5.8
CN7205300000000	72	053	Fajardo Municipio, PR	2018	NA	11140	9570	1570	14.1
CN7205400000000	72	054	Florida Municipio, PR	2018	NA	3288	2897	391	11.9
CN7205500000000	72	055	Guanica Municipio, PR	2018	NA	3914	3309	605	15.5
CN7205700000000	72	057	Guayama Municipio, PR	2018	NA	11036	9568	1468	13.3
CN7205900000000	72	059	Guayanilla Municipio, PR	2018	NA	4913	4206	707	14.4
CN7206100000000	72	061	Guaynabo Municipio, PR	2018	NA	36693	35084	1609	4.4
CN7206300000000	72	063	Gurabo Municipio, PR	2018	NA	17774	16639	1135	6.4
CN7206500000000	72	065	Hatillo Municipio, PR	2018	NA	13114	11450	1664	12.7
CN7206700000000	72	067	Hormigueros Municipio, PR	2018	NA	5401	4871	530	9.8
CN7206900000000	72	069	Humacao Municipio, PR	2018	NA	16999	15035	1964	11.6
CN7207100000000	72	071	Isabela Municipio, PR	2018	NA	12339	11031	1308	10.6
CN7207300000000	72	073	Jayuya Municipio, PR	2018	NA	4105	3669	436	10.6
CN7207500000000	72	075	Juana Diaz Municipio, PR	2018	NA	14774	13227	1547	10.5
CN7207700000000	72	077	Juncos Municipio, PR	2018	NA	12145	10993	1152	9.5
CN7207900000000	72	079	Lajas Municipio, PR	2018	NA	5219	4420	799	15.3
CN7208100000000	72	081	Lares Municipio, PR	2018	NA	6952	5828	1124	16.2
CN7208300000000	72	083	Las Marias Municipio, PR	2018	NA	2610	2242	368	14.1
CN7208500000000	72	085	Las Piedras Municipio, PR	2018	NA	11111	10038	1073	9.7
CN7208700000000	72	087	Loiza Municipio, PR	2018	NA	8283	7594	689	8.3
CN7208900000000	72	089	Luquillo Municipio, PR	2018	NA	6317	5465	852	13.5
CN7209100000000	72	091	Manati Municipio, PR	2018	NA	11344	10367	977	8.6
CN7209300000000	72	093	Maricao Municipio, PR	2018	NA	1898	1612	286	15.1
CN7209500000000	72	095	Maunabo Municipio, PR	2018	NA	2886	2446	440	15.2
CN7209700000000	72	097	Mayaguez Municipio, PR	2018	NA	21886	19396	2490	11.4
CN7209900000000	72	099	Moca Municipio, PR	2018	NA	10482	9250	1232	11.8
CN7210100000000	72	101	Morovis Municipio, PR	2018	NA	7863	7100	763	9.7
CN7210300000000	72	103	Naguabo Municipio, PR	2018	NA	8130	7230	900	11.1
CN7210500000000	72	105	Naranjito Municipio, PR	2018	NA	7041	6350	691	9.8
CN7210700000000	72	107	Orocovis Municipio, PR	2018	NA	4979	4366	613	12.3
CN7210900000000	72	109	Patillas Municipio, PR	2018	NA	4366	3600	766	17.5
CN7211100000000	72	111	Penuelas Municipio, PR	2018	NA	5740	4949	791	13.8
CN7211300000000	72	113	Ponce Municipio, PR	2018	NA	44584	40201	4383	9.8
CN7211500000000	72	115	Quebradillas Municipio, PR	2018	NA	5979	5155	824	13.8
CN7211700000000	72	117	Rincon Municipio, PR	2018	NA	4697	4029	668	14.2
CN7211900000000	72	119	Rio Grande Municipio, PR	2018	NA	16861	15310	1551	9.2
CN7212100000000	72	121	Sabana Grande Municipio, PR	2018	NA	6099	5250	849	13.9
CN7212300000000	72	123	Salinas Municipio, PR	2018	NA	7125	6074	1051	14.8
CN7212500000000	72	125	San German Municipio, PR	2018	NA	9621	8447	1174	12.2
CN7212700000000	72	127	San Juan Municipio, PR	2018	NA	131456	123248	8208	6.2
CN7212900000000	72	129	San Lorenzo Municipio, PR	2018	NA	11588	10419	1169	10.1
CN7213100000000	72	131	San Sebastian Municipio, PR	2018	NA	10238	8739	1499	14.6
CN7213300000000	72	133	Santa Isabel Municipio, PR	2018	NA	8641	7531	1110	12.8
CN7213500000000	72	135	Toa Alta Municipio, PR	2018	NA	26601	24932	1669	6.3
CN7213700000000	72	137	Toa Baja Municipio, PR	2018	NA	28742	26842	1900	6.6
CN7213900000000	72	139	Trujillo Alto Municipio, PR	2018	NA	26462	25086	1376	5.2
CN7214100000000	72	141	Utuado Municipio, PR	2018	NA	6604	5840	764	11.6
CN7214300000000	72	143	Vega Alta Municipio, PR	2018	NA	9560	8718	842	8.8
CN7214500000000	72	145	Vega Baja Municipio, PR	2018	NA	13117	11750	1367	10.4
CN7214700000000	72	147	Vieques Municipio, PR	2018	NA	2718	2269	449	16.5
CN7214900000000	72	149	Villalba Municipio, PR	2018	NA	7311	6154	1157	15.8
CN7215100000000	72	151	Yabucoa Municipio, PR	2018	NA	8762	7509	1253	14.3
CN7215300000000	72	153	Yauco Municipio, PR	2018	NA	9716	8288	1428	14.7
NA	NA	NA	NA	NA	NA	NA	NA	NA	NA
SOURCE:  BLS, LAUS	NA	NA	NA	NA	NA	NA	NA	NA	NA
April 17, 2020	NA	NA	NA	NA	NA	NA	NA	NA	NA
