LAUS_CODE	STATE_FIPS	COUNTY_FIPS	COUNTY	YEAR	ESTIMATED	LABOR_FORCE	EMPLOYED	UNEMPLOYED_LEVEL	UNEMPLOYED_RATE
CN0100100000000	01	001	Autauga County, AL	1998	NA	21628	20947	681	3.1
CN0100300000000	01	003	Baldwin County, AL	1998	NA	69285	67354	1931	2.8
CN0100500000000	01	005	Barbour County, AL	1998	NA	12826	12201	625	4.9
CN0100700000000	01	007	Bibb County, AL	1998	NA	7755	7211	544	7
CN0100900000000	01	009	Blount County, AL	1998	NA	23611	22839	772	3.3
CN0101100000000	01	011	Bullock County, AL	1998	NA	4552	4076	476	10.5
CN0101300000000	01	013	Butler County, AL	1998	NA	10020	8921	1099	11
CN0101500000000	01	015	Calhoun County, AL	1998	NA	54358	51803	2555	4.7
CN0101700000000	01	017	Chambers County, AL	1998	NA	16870	16162	708	4.2
CN0101900000000	01	019	Cherokee County, AL	1998	NA	10282	9839	443	4.3
CN0102100000000	01	021	Chilton County, AL	1998	NA	18010	17200	810	4.5
CN0102300000000	01	023	Choctaw County, AL	1998	NA	5577	4955	622	11.2
CN0102500000000	01	025	Clarke County, AL	1998	NA	13723	12512	1211	8.8
CN0102700000000	01	027	Clay County, AL	1998	NA	6668	6426	242	3.6
CN0102900000000	01	029	Cleburne County, AL	1998	NA	7257	6988	269	3.7
CN0103100000000	01	031	Coffee County, AL	1998	NA	21841	20958	883	4
CN0103300000000	01	033	Colbert County, AL	1998	NA	26136	24056	2080	8
CN0103500000000	01	035	Conecuh County, AL	1998	NA	6454	5887	567	8.8
CN0103700000000	01	037	Coosa County, AL	1998	NA	5318	5090	228	4.3
CN0103900000000	01	039	Covington County, AL	1998	NA	17243	16098	1145	6.6
CN0104100000000	01	041	Crenshaw County, AL	1998	NA	5605	5144	461	8.2
CN0104300000000	01	043	Cullman County, AL	1998	NA	38708	37325	1383	3.6
CN0104500000000	01	045	Dale County, AL	1998	NA	20874	20010	864	4.1
CN0104700000000	01	047	Dallas County, AL	1998	NA	19897	17883	2014	10.1
CN0104900000000	01	049	DeKalb County, AL	1998	NA	32099	30715	1384	4.3
CN0105100000000	01	051	Elmore County, AL	1998	NA	29450	28581	869	3
CN0105300000000	01	053	Escambia County, AL	1998	NA	16422	15418	1004	6.1
CN0105500000000	01	055	Etowah County, AL	1998	NA	49893	47367	2526	5.1
CN0105700000000	01	057	Fayette County, AL	1998	NA	8273	7670	603	7.3
CN0105900000000	01	059	Franklin County, AL	1998	NA	17047	15765	1282	7.5
CN0106100000000	01	061	Geneva County, AL	1998	NA	11334	10630	704	6.2
CN0106300000000	01	063	Greene County, AL	1998	NA	3255	2815	440	13.5
CN0106500000000	01	065	Hale County, AL	1998	NA	7368	6811	557	7.6
CN0106700000000	01	067	Henry County, AL	1998	NA	6412	6087	325	5.1
CN0106900000000	01	069	Houston County, AL	1998	NA	44396	42895	1501	3.4
CN0107100000000	01	071	Jackson County, AL	1998	NA	25246	23687	1559	6.2
CN0107300000000	01	073	Jefferson County, AL	1998	NA	334528	323690	10838	3.2
CN0107500000000	01	075	Lamar County, AL	1998	NA	7479	6870	609	8.1
CN0107700000000	01	077	Lauderdale County, AL	1998	NA	41893	39004	2889	6.9
CN0107900000000	01	079	Lawrence County, AL	1998	NA	16302	15402	900	5.5
CN0108100000000	01	081	Lee County, AL	1998	NA	48731	46987	1744	3.6
CN0108300000000	01	083	Limestone County, AL	1998	NA	28911	27730	1181	4.1
CN0108500000000	01	085	Lowndes County, AL	1998	NA	4064	3613	451	11.1
CN0108700000000	01	087	Macon County, AL	1998	NA	7986	7347	639	8
CN0108900000000	01	089	Madison County, AL	1998	NA	141840	137842	3998	2.8
CN0109100000000	01	091	Marengo County, AL	1998	NA	11072	10251	821	7.4
CN0109300000000	01	093	Marion County, AL	1998	NA	16433	15283	1150	7
CN0109500000000	01	095	Marshall County, AL	1998	NA	40162	37688	2474	6.2
CN0109700000000	01	097	Mobile County, AL	1998	NA	198026	189259	8767	4.4
CN0109900000000	01	099	Monroe County, AL	1998	NA	9526	8439	1087	11.4
CN0110100000000	01	101	Montgomery County, AL	1998	NA	109888	106015	3873	3.5
CN0110300000000	01	103	Morgan County, AL	1998	NA	56054	53823	2231	4
CN0110500000000	01	105	Perry County, AL	1998	NA	4443	4055	388	8.7
CN0110700000000	01	107	Pickens County, AL	1998	NA	8699	8002	697	8
CN0110900000000	01	109	Pike County, AL	1998	NA	13209	12530	679	5.1
CN0111100000000	01	111	Randolph County, AL	1998	NA	9659	9159	500	5.2
CN0111300000000	01	113	Russell County, AL	1998	NA	25404	24395	1009	4
CN0111500000000	01	115	St. Clair County, AL	1998	NA	30519	29632	887	2.9
CN0111700000000	01	117	Shelby County, AL	1998	NA	79741	78506	1235	1.5
CN0111900000000	01	119	Sumter County, AL	1998	NA	5650	5105	545	9.6
CN0112100000000	01	121	Talladega County, AL	1998	NA	34848	32945	1903	5.5
CN0112300000000	01	123	Tallapoosa County, AL	1998	NA	20305	19398	907	4.5
CN0112500000000	01	125	Tuscaloosa County, AL	1998	NA	83083	80725	2358	2.8
CN0112700000000	01	127	Walker County, AL	1998	NA	29375	27647	1728	5.9
CN0112900000000	01	129	Washington County, AL	1998	NA	6226	5427	799	12.8
CN0113100000000	01	131	Wilcox County, AL	1998	NA	3769	3265	504	13.4
CN0113300000000	01	133	Winston County, AL	1998	NA	12661	11934	727	5.7
CN0201300000000	02	013	Aleutians East Borough, AK	1998	NA	1571	1520	51	3.2
CN0201600000000	02	016	Aleutians West Census Area, AK	1998	NA	2037	1895	142	7
CN0202000000000	02	020	Anchorage Borough/municipality, AK	1998	NA	140781	134456	6325	4.5
CN0205000000000	02	050	Bethel Census Area, AK	1998	NA	6177	5671	506	8.2
CN0206000000000	02	060	Bristol Bay Borough, AK	1998	NA	508	464	44	8.7
CN0206800000000	02	068	Denali Borough, AK	1998	NA	1181	1078	103	8.7
CN0207000000000	02	070	Dillingham Census Area, AK	1998	NA	1762	1637	125	7.1
CN0209000000000	02	090	Fairbanks North Star Borough, AK	1998	NA	43457	40792	2665	6.1
CN0210000000000	02	100	Haines Borough, AK	1998	NA	1232	1107	125	10.1
CN0211000000000	02	110	Juneau Borough/city, AK	1998	NA	16950	15987	963	5.7
CN0212200000000	02	122	Kenai Peninsula Borough, AK	1998	NA	21668	19366	2302	10.6
CN0213000000000	02	130	Ketchikan Gateway Borough, AK	1998	NA	7579	6999	580	7.7
CN0215000000000	02	150	Kodiak Island Borough, AK	1998	NA	6966	6413	553	7.9
CN0215800000000	02	158	Kusilvak Census Area, AK	1998	NA	2141	1838	303	14.2
CN0216400000000	02	164	Lake and Peninsula Borough, AK	1998	NA	606	557	49	8.1
CN0217000000000	02	170	Matanuska-Susitna Borough, AK	1998	NA	28936	26748	2188	7.6
CN0218000000000	02	180	Nome Census Area, AK	1998	NA	3413	3075	338	9.9
CN0218500000000	02	185	North Slope Borough, AK	1998	NA	3293	3103	190	5.8
CN0218800000000	02	188	Northwest Arctic Borough, AK	1998	NA	2209	1950	259	11.7
CN0220100000000	02	201	Prince of Wales-Outer Ketchikan Census Area, AK	1998	NA	3231	2804	427	13.2
CN0222000000000	02	220	Sitka Borough/city, AK	1998	NA	4326	4081	245	5.7
CN0223200000000	02	232	Skagway-Hoonah-Angoon Census Area, AK	1998	NA	2166	1980	186	8.6
CN0224000000000	02	240	Southeast Fairbanks Census Area, AK	1998	NA	2616	2357	259	9.9
CN0226100000000	02	261	Valdez-Cordova Census Area, AK	1998	NA	5113	4651	462	9
CN0228000000000	02	280	Wrangell-Petersburg Census Area, AK	1998	NA	3511	3177	334	9.5
CN0228200000000	02	282	Yakutat Borough/city, AK	1998	NA	323	279	44	13.6
CN0229000000000	02	290	Yukon-Koyukuk Census Area, AK	1998	NA	2122	1841	281	13.2
CN0400100000000	04	001	Apache County, AZ	1998	NA	22414	18811	3603	16.1
CN0400300000000	04	003	Cochise County, AZ	1998	NA	40987	38091	2896	7.1
CN0400500000000	04	005	Coconino County, AZ	1998	NA	60309	55692	4617	7.7
CN0400700000000	04	007	Gila County, AZ	1998	NA	19621	18115	1506	7.7
CN0400900000000	04	009	Graham County, AZ	1998	NA	10859	9896	963	8.9
CN0401100000000	04	011	Greenlee County, AZ	1998	NA	4707	4311	396	8.4
CN0401200000000	04	012	La Paz County, AZ	1998	NA	7126	6510	616	8.6
CN0401300000000	04	013	Maricopa County, AZ	1998	NA	1523284	1481060	42224	2.8
CN0401500000000	04	015	Mohave County, AZ	1998	NA	62482	59667	2815	4.5
CN0401700000000	04	017	Navajo County, AZ	1998	NA	33113	28420	4693	14.2
CN0401900000000	04	019	Pima County, AZ	1998	NA	390343	379186	11157	2.9
CN0402100000000	04	021	Pinal County, AZ	1998	NA	59739	57140	2599	4.4
CN0402300000000	04	023	Santa Cruz County, AZ	1998	NA	14286	11652	2634	18.4
CN0402500000000	04	025	Yavapai County, AZ	1998	NA	69739	67321	2418	3.5
CN0402700000000	04	027	Yuma County, AZ	1998	NA	68016	48451	19565	28.8
CN0500100000000	05	001	Arkansas County, AR	1998	NA	10562	9953	609	5.8
CN0500300000000	05	003	Ashley County, AR	1998	NA	11285	10296	989	8.8
CN0500500000000	05	005	Baxter County, AR	1998	NA	14272	13655	617	4.3
CN0500700000000	05	007	Benton County, AR	1998	NA	65555	63726	1829	2.8
CN0500900000000	05	009	Boone County, AR	1998	NA	14855	13807	1048	7.1
CN0501100000000	05	011	Bradley County, AR	1998	NA	4751	4217	534	11.2
CN0501300000000	05	013	Calhoun County, AR	1998	NA	2362	2123	239	10.1
CN0501500000000	05	015	Carroll County, AR	1998	NA	11756	11145	611	5.2
CN0501700000000	05	017	Chicot County, AR	1998	NA	6386	5819	567	8.9
CN0501900000000	05	019	Clark County, AR	1998	NA	11767	11377	390	3.3
CN0502100000000	05	021	Clay County, AR	1998	NA	8161	7638	523	6.4
CN0502300000000	05	023	Cleburne County, AR	1998	NA	9499	9101	398	4.2
CN0502500000000	05	025	Cleveland County, AR	1998	NA	3697	3466	231	6.2
CN0502700000000	05	027	Columbia County, AR	1998	NA	11500	10667	833	7.2
CN0502900000000	05	029	Conway County, AR	1998	NA	9894	9410	484	4.9
CN0503100000000	05	031	Craighead County, AR	1998	NA	42127	40564	1563	3.7
CN0503300000000	05	033	Crawford County, AR	1998	NA	24246	23218	1028	4.2
CN0503500000000	05	035	Crittenden County, AR	1998	NA	22736	21656	1080	4.8
CN0503700000000	05	037	Cross County, AR	1998	NA	8295	7693	602	7.3
CN0503900000000	05	039	Dallas County, AR	1998	NA	3698	3422	276	7.5
CN0504100000000	05	041	Desha County, AR	1998	NA	7218	6535	683	9.5
CN0504300000000	05	043	Drew County, AR	1998	NA	9899	9022	877	8.9
CN0504500000000	05	045	Faulkner County, AR	1998	NA	42350	40574	1776	4.2
CN0504700000000	05	047	Franklin County, AR	1998	NA	7795	7494	301	3.9
CN0504900000000	05	049	Fulton County, AR	1998	NA	4275	4073	202	4.7
CN0505100000000	05	051	Garland County, AR	1998	NA	36055	34338	1717	4.8
CN0505300000000	05	053	Grant County, AR	1998	NA	7692	7358	334	4.3
CN0505500000000	05	055	Greene County, AR	1998	NA	18431	17454	977	5.3
CN0505700000000	05	057	Hempstead County, AR	1998	NA	11544	10705	839	7.3
CN0505900000000	05	059	Hot Spring County, AR	1998	NA	12303	11608	695	5.6
CN0506100000000	05	061	Howard County, AR	1998	NA	7006	6611	395	5.6
CN0506300000000	05	063	Independence County, AR	1998	NA	16862	16001	861	5.1
CN0506500000000	05	065	Izard County, AR	1998	NA	4219	3937	282	6.7
CN0506700000000	05	067	Jackson County, AR	1998	NA	8128	7302	826	10.2
CN0506900000000	05	069	Jefferson County, AR	1998	NA	37067	33962	3105	8.4
CN0507100000000	05	071	Johnson County, AR	1998	NA	10704	10305	399	3.7
CN0507300000000	05	073	Lafayette County, AR	1998	NA	3476	3210	266	7.7
CN0507500000000	05	075	Lawrence County, AR	1998	NA	7674	7066	608	7.9
CN0507700000000	05	077	Lee County, AR	1998	NA	4420	4006	414	9.4
CN0507900000000	05	079	Lincoln County, AR	1998	NA	5348	4973	375	7
CN0508100000000	05	081	Little River County, AR	1998	NA	5513	5140	373	6.8
CN0508300000000	05	083	Logan County, AR	1998	NA	10082	9487	595	5.9
CN0508500000000	05	085	Lonoke County, AR	1998	NA	25638	24780	858	3.3
CN0508700000000	05	087	Madison County, AR	1998	NA	6559	6293	266	4.1
CN0508900000000	05	089	Marion County, AR	1998	NA	6209	5964	245	3.9
CN0509100000000	05	091	Miller County, AR	1998	NA	17102	16285	817	4.8
CN0509300000000	05	093	Mississippi County, AR	1998	NA	26946	23921	3025	11.2
CN0509500000000	05	095	Monroe County, AR	1998	NA	4111	3786	325	7.9
CN0509700000000	05	097	Montgomery County, AR	1998	NA	3979	3819	160	4
CN0509900000000	05	099	Nevada County, AR	1998	NA	4987	4614	373	7.5
CN0510100000000	05	101	Newton County, AR	1998	NA	2967	2740	227	7.7
CN0510300000000	05	103	Ouachita County, AR	1998	NA	11986	10756	1230	10.3
CN0510500000000	05	105	Perry County, AR	1998	NA	3547	3290	257	7.2
CN0510700000000	05	107	Phillips County, AR	1998	NA	9944	9058	886	8.9
CN0510900000000	05	109	Pike County, AR	1998	NA	5007	4766	241	4.8
CN0511100000000	05	111	Poinsett County, AR	1998	NA	10668	9846	822	7.7
CN0511300000000	05	113	Polk County, AR	1998	NA	9184	8837	347	3.8
CN0511500000000	05	115	Pope County, AR	1998	NA	27017	25736	1281	4.7
CN0511700000000	05	117	Prairie County, AR	1998	NA	3820	3535	285	7.5
CN0511900000000	05	119	Pulaski County, AR	1998	NA	193558	185982	7576	3.9
CN0512100000000	05	121	Randolph County, AR	1998	NA	7874	7089	785	10
CN0512300000000	05	123	St. Francis County, AR	1998	NA	13003	11811	1192	9.2
CN0512500000000	05	125	Saline County, AR	1998	NA	41389	40209	1180	2.9
CN0512700000000	05	127	Scott County, AR	1998	NA	4922	4759	163	3.3
CN0512900000000	05	129	Searcy County, AR	1998	NA	2957	2710	247	8.4
CN0513100000000	05	131	Sebastian County, AR	1998	NA	55590	53316	2274	4.1
CN0513300000000	05	133	Sevier County, AR	1998	NA	7021	6644	377	5.4
CN0513500000000	05	135	Sharp County, AR	1998	NA	6141	5784	357	5.8
CN0513700000000	05	137	Stone County, AR	1998	NA	4999	4742	257	5.1
CN0513900000000	05	139	Union County, AR	1998	NA	21045	19652	1393	6.6
CN0514100000000	05	141	Van Buren County, AR	1998	NA	6229	5734	495	7.9
CN0514300000000	05	143	Washington County, AR	1998	NA	76763	74305	2458	3.2
CN0514500000000	05	145	White County, AR	1998	NA	31169	29555	1614	5.2
CN0514700000000	05	147	Woodruff County, AR	1998	NA	4117	3665	452	11
CN0514900000000	05	149	Yell County, AR	1998	NA	9443	9027	416	4.4
CN0600100000000	06	001	Alameda County, CA	1998	NA	703077	673952	29125	4.1
CN0600300000000	06	003	Alpine County, CA	1998	NA	483	436	47	9.7
CN0600500000000	06	005	Amador County, CA	1998	NA	13303	12573	730	5.5
CN0600700000000	06	007	Butte County, CA	1998	NA	85024	77930	7094	8.3
CN0600900000000	06	009	Calaveras County, CA	1998	NA	14120	12873	1247	8.8
CN0601100000000	06	011	Colusa County, CA	1998	NA	8829	7053	1776	20.1
CN0601300000000	06	013	Contra Costa County, CA	1998	NA	476735	459460	17275	3.6
CN0601500000000	06	015	Del Norte County, CA	1998	NA	9953	8926	1027	10.3
CN0601700000000	06	017	El Dorado County, CA	1998	NA	76889	73065	3824	5
CN0601900000000	06	019	Fresno County, CA	1998	NA	375882	322301	53581	14.3
CN0602100000000	06	021	Glenn County, CA	1998	NA	10487	9080	1407	13.4
CN0602300000000	06	023	Humboldt County, CA	1998	NA	60633	56243	4390	7.2
CN0602500000000	06	025	Imperial County, CA	1998	NA	55863	41348	14515	26
CN0602700000000	06	027	Inyo County, CA	1998	NA	7257	6729	528	7.3
CN0602900000000	06	029	Kern County, CA	1998	NA	278516	244697	33819	12.1
CN0603100000000	06	031	Kings County, CA	1998	NA	43189	37197	5992	13.9
CN0603300000000	06	033	Lake County, CA	1998	NA	23134	20905	2229	9.6
CN0603500000000	06	035	Lassen County, CA	1998	NA	11286	10222	1064	9.4
CN0603700000000	06	037	Los Angeles County, CA	1998	NA	4533337	4235401	297936	6.6
CN0603900000000	06	039	Madera County, CA	1998	NA	52353	45664	6689	12.8
CN0604100000000	06	041	Marin County, CA	1998	NA	132742	129628	3114	2.3
CN0604300000000	06	043	Mariposa County, CA	1998	NA	6888	6357	531	7.7
CN0604500000000	06	045	Mendocino County, CA	1998	NA	42324	38983	3341	7.9
CN0604700000000	06	047	Merced County, CA	1998	NA	85091	72205	12886	15.1
CN0604900000000	06	049	Modoc County, CA	1998	NA	3966	3521	445	11.2
CN0605100000000	06	051	Mono County, CA	1998	NA	6121	5618	503	8.2
CN0605300000000	06	053	Monterey County, CA	1998	NA	184068	164271	19797	10.8
CN0605500000000	06	055	Napa County, CA	1998	NA	60485	58048	2437	4
CN0605700000000	06	057	Nevada County, CA	1998	NA	42658	40340	2318	5.4
CN0605900000000	06	059	Orange County, CA	1998	NA	1425475	1384234	41241	2.9
CN0606100000000	06	061	Placer County, CA	1998	NA	113240	108600	4640	4.1
CN0606300000000	06	063	Plumas County, CA	1998	NA	9675	8677	998	10.3
CN0606500000000	06	065	Riverside County, CA	1998	NA	659313	615400	43913	6.7
CN0606700000000	06	067	Sacramento County, CA	1998	NA	564917	536633	28284	5
CN0606900000000	06	069	San Benito County, CA	1998	NA	26115	23352	2763	10.6
CN0607100000000	06	071	San Bernardino County, CA	1998	NA	720246	679548	40698	5.7
CN0607300000000	06	073	San Diego County, CA	1998	NA	1312222	1265969	46253	3.5
CN0607500000000	06	075	San Francisco County/city, CA	1998	NA	414339	399111	15228	3.7
CN0607700000000	06	077	San Joaquin County, CA	1998	NA	247064	220876	26188	10.6
CN0607900000000	06	079	San Luis Obispo County, CA	1998	NA	108119	103600	4519	4.2
CN0608100000000	06	081	San Mateo County, CA	1998	NA	391427	381824	9603	2.5
CN0608300000000	06	083	Santa Barbara County, CA	1998	NA	194611	185989	8622	4.4
CN0608500000000	06	085	Santa Clara County, CA	1998	NA	952455	921608	30847	3.2
CN0608700000000	06	087	Santa Cruz County, CA	1998	NA	140350	130047	10303	7.3
CN0608900000000	06	089	Shasta County, CA	1998	NA	72088	65558	6530	9.1
CN0609100000000	06	091	Sierra County, CA	1998	NA	1633	1441	192	11.8
CN0609300000000	06	093	Siskiyou County, CA	1998	NA	18318	16009	2309	12.6
CN0609500000000	06	095	Solano County, CA	1998	NA	182048	171933	10115	5.6
CN0609700000000	06	097	Sonoma County, CA	1998	NA	245387	237217	8170	3.3
CN0609900000000	06	099	Stanislaus County, CA	1998	NA	201270	176598	24672	12.3
CN0610100000000	06	101	Sutter County, CA	1998	NA	35384	29863	5521	15.6
CN0610300000000	06	103	Tehama County, CA	1998	NA	23938	21848	2090	8.7
CN0610500000000	06	105	Trinity County, CA	1998	NA	4989	4322	667	13.4
CN0610700000000	06	107	Tulare County, CA	1998	NA	162555	137069	25486	15.7
CN0610900000000	06	109	Tuolumne County, CA	1998	NA	19529	17969	1560	8
CN0611100000000	06	111	Ventura County, CA	1998	NA	385739	364251	21488	5.6
CN0611300000000	06	113	Yolo County, CA	1998	NA	86751	82029	4722	5.4
CN0611500000000	06	115	Yuba County, CA	1998	NA	20679	17870	2809	13.6
CN0800100000000	08	001	Adams County, CO	1998	NA	180916	174701	6215	3.4
CN0800300000000	08	003	Alamosa County, CO	1998	NA	8611	8044	567	6.6
CN0800500000000	08	005	Arapahoe County, CO	1998	NA	289435	282039	7396	2.6
CN0800700000000	08	007	Archuleta County, CO	1998	NA	4487	4253	234	5.2
CN0800900000000	08	009	Baca County, CO	1998	NA	2456	2406	50	2
CN0801100000000	08	011	Bent County, CO	1998	NA	2365	2276	89	3.8
CN0801300000000	08	013	Boulder County, CO	1998	NA	164988	159733	5255	3.2
CN0801400000000	08	014	Broomfield County/city, CO	1998	NA	18750	18314	436	2.3
CN0801500000000	08	015	Chaffee County, CO	1998	NA	7930	7598	332	4.2
CN0801700000000	08	017	Cheyenne County, CO	1998	NA	1423	1371	52	3.7
CN0801900000000	08	019	Clear Creek County, CO	1998	NA	5494	5336	158	2.9
CN0802100000000	08	021	Conejos County, CO	1998	NA	3895	3538	357	9.2
CN0802300000000	08	023	Costilla County, CO	1998	NA	1507	1281	226	15
CN0802500000000	08	025	Crowley County, CO	1998	NA	1362	1303	59	4.3
CN0802700000000	08	027	Custer County, CO	1998	NA	1892	1813	79	4.2
CN0802900000000	08	029	Delta County, CO	1998	NA	11269	10681	588	5.2
CN0803100000000	08	031	Denver County/city, CO	1998	NA	287036	275806	11230	3.9
CN0803300000000	08	033	Dolores County, CO	1998	NA	680	606	74	10.9
CN0803500000000	08	035	Douglas County, CO	1998	NA	86865	85472	1393	1.6
CN0803700000000	08	037	Eagle County, CO	1998	NA	21151	20521	630	3
CN0803900000000	08	039	Elbert County, CO	1998	NA	11170	10800	370	3.3
CN0804100000000	08	041	El Paso County, CO	1998	NA	261438	250427	11011	4.2
CN0804300000000	08	043	Fremont County, CO	1998	NA	18029	17229	800	4.4
CN0804500000000	08	045	Garfield County, CO	1998	NA	22900	22021	879	3.8
CN0804700000000	08	047	Gilpin County, CO	1998	NA	3230	3118	112	3.5
CN0804900000000	08	049	Grand County, CO	1998	NA	6137	5970	167	2.7
CN0805100000000	08	051	Gunnison County, CO	1998	NA	8423	7950	473	5.6
CN0805300000000	08	053	Hinsdale County, CO	1998	NA	641	630	11	1.7
CN0805500000000	08	055	Huerfano County, CO	1998	NA	4143	3877	266	6.4
CN0805700000000	08	057	Jackson County, CO	1998	NA	950	896	54	5.7
CN0805900000000	08	059	Jefferson County, CO	1998	NA	312052	303872	8180	2.6
CN0806100000000	08	061	Kiowa County, CO	1998	NA	901	880	21	2.3
CN0806300000000	08	063	Kit Carson County, CO	1998	NA	3762	3674	88	2.3
CN0806500000000	08	065	Lake County, CO	1998	NA	3311	3126	185	5.6
CN0806700000000	08	067	La Plata County, CO	1998	NA	25212	23984	1228	4.9
CN0806900000000	08	069	Larimer County, CO	1998	NA	144665	139454	5211	3.6
CN0807100000000	08	071	Las Animas County, CO	1998	NA	7030	6611	419	6
CN0807300000000	08	073	Lincoln County, CO	1998	NA	2674	2629	45	1.7
CN0807500000000	08	075	Logan County, CO	1998	NA	10251	9682	569	5.6
CN0807700000000	08	077	Mesa County, CO	1998	NA	60136	57305	2831	4.7
CN0807900000000	08	079	Mineral County, CO	1998	NA	452	432	20	4.4
CN0808100000000	08	081	Moffat County, CO	1998	NA	6599	6215	384	5.8
CN0808300000000	08	083	Montezuma County, CO	1998	NA	12095	11307	788	6.5
CN0808500000000	08	085	Montrose County, CO	1998	NA	16026	15015	1011	6.3
CN0808700000000	08	087	Morgan County, CO	1998	NA	13609	13070	539	4
CN0808900000000	08	089	Otero County, CO	1998	NA	9269	8757	512	5.5
CN0809100000000	08	091	Ouray County, CO	1998	NA	1844	1749	95	5.2
CN0809300000000	08	093	Park County, CO	1998	NA	8194	7901	293	3.6
CN0809500000000	08	095	Phillips County, CO	1998	NA	2113	2063	50	2.4
CN0809700000000	08	097	Pitkin County, CO	1998	NA	9592	9197	395	4.1
CN0809900000000	08	099	Prowers County, CO	1998	NA	7282	7015	267	3.7
CN0810100000000	08	101	Pueblo County, CO	1998	NA	64080	59464	4616	7.2
CN0810300000000	08	103	Rio Blanco County, CO	1998	NA	3229	3094	135	4.2
CN0810500000000	08	105	Rio Grande County, CO	1998	NA	5462	5000	462	8.5
CN0810700000000	08	107	Routt County, CO	1998	NA	11480	11088	392	3.4
CN0810900000000	08	109	Saguache County, CO	1998	NA	2969	2683	286	9.6
CN0811100000000	08	111	San Juan County, CO	1998	NA	310	264	46	14.8
CN0811300000000	08	113	San Miguel County, CO	1998	NA	4515	4287	228	5
CN0811500000000	08	115	Sedgwick County, CO	1998	NA	1300	1252	48	3.7
CN0811700000000	08	117	Summit County, CO	1998	NA	12894	12574	320	2.5
CN0811900000000	08	119	Teller County, CO	1998	NA	14240	13634	606	4.3
CN0812100000000	08	121	Washington County, CO	1998	NA	2520	2445	75	3
CN0812300000000	08	123	Weld County, CO	1998	NA	87301	83581	3720	4.3
CN0812500000000	08	125	Yuma County, CO	1998	NA	4644	4534	110	2.4
CN0900100000000	09	001	Fairfield County, CT	1998	NA	454689	441114	13575	3
CN0900300000000	09	003	Hartford County, CT	1998	NA	422566	406972	15594	3.7
CN0900500000000	09	005	Litchfield County, CT	1998	NA	101961	99117	2844	2.8
CN0900700000000	09	007	Middlesex County, CT	1998	NA	82987	80369	2618	3.2
CN0900900000000	09	009	New Haven County, CT	1998	NA	420126	404679	15447	3.7
CN0901100000000	09	011	New London County, CT	1998	NA	133096	127830	5266	4
CN0901300000000	09	013	Tolland County, CT	1998	NA	70486	68592	1894	2.7
CN0901500000000	09	015	Windham County, CT	1998	NA	56289	53670	2619	4.7
CN1000100000000	10	001	Kent County, DE	1998	NA	69031	66178	2853	4.1
CN1000300000000	10	003	New Castle County, DE	1998	NA	255370	246247	9123	3.6
CN1000500000000	10	005	Sussex County, DE	1998	NA	70486	67824	2662	3.8
CN1100100000000	11	001	District of Columbia	1998	NA	291902	267312	24590	8.4
CN1200100000000	12	001	Alachua County, FL	1998	NA	107590	104749	2841	2.6
CN1200300000000	12	003	Baker County, FL	1998	NA	8929	8577	352	3.9
CN1200500000000	12	005	Bay County, FL	1998	NA	68482	63742	4740	6.9
CN1200700000000	12	007	Bradford County, FL	1998	NA	9925	9470	455	4.6
CN1200900000000	12	009	Brevard County, FL	1998	NA	212543	203051	9492	4.5
CN1201100000000	12	011	Broward County, FL	1998	NA	789496	752237	37259	4.7
CN1201300000000	12	013	Calhoun County, FL	1998	NA	5309	5003	306	5.8
CN1201500000000	12	015	Charlotte County, FL	1998	NA	47750	46005	1745	3.7
CN1201700000000	12	017	Citrus County, FL	1998	NA	36814	34565	2249	6.1
CN1201900000000	12	019	Clay County, FL	1998	NA	71449	69432	2017	2.8
CN1202100000000	12	021	Collier County, FL	1998	NA	95788	91610	4178	4.4
CN1202300000000	12	023	Columbia County, FL	1998	NA	25552	24345	1207	4.7
CN1202700000000	12	027	DeSoto County, FL	1998	NA	9348	8648	700	7.5
CN1202900000000	12	029	Dixie County, FL	1998	NA	3916	3650	266	6.8
CN1203100000000	12	031	Duval County, FL	1998	NA	391040	377767	13273	3.4
CN1203300000000	12	033	Escambia County, FL	1998	NA	124975	119921	5054	4
CN1203500000000	12	035	Flagler County, FL	1998	NA	17566	17010	556	3.2
CN1203700000000	12	037	Franklin County, FL	1998	NA	4729	4476	253	5.3
CN1203900000000	12	039	Gadsden County, FL	1998	NA	20260	19320	940	4.6
CN1204100000000	12	041	Gilchrist County, FL	1998	NA	4748	4552	196	4.1
CN1204300000000	12	043	Glades County, FL	1998	NA	3953	3596	357	9
CN1204500000000	12	045	Gulf County, FL	1998	NA	5454	4789	665	12.2
CN1204700000000	12	047	Hamilton County, FL	1998	NA	3558	3266	292	8.2
CN1204900000000	12	049	Hardee County, FL	1998	NA	9830	8615	1215	12.4
CN1205100000000	12	051	Hendry County, FL	1998	NA	16248	14091	2157	13.3
CN1205300000000	12	053	Hernando County, FL	1998	NA	48309	46358	1951	4
CN1205500000000	12	055	Highlands County, FL	1998	NA	28299	25907	2392	8.5
CN1205700000000	12	057	Hillsborough County, FL	1998	NA	552712	536723	15989	2.9
CN1205900000000	12	059	Holmes County, FL	1998	NA	6842	6380	462	6.8
CN1206100000000	12	061	Indian River County, FL	1998	NA	47403	43496	3907	8.2
CN1206300000000	12	063	Jackson County, FL	1998	NA	18891	17854	1037	5.5
CN1206500000000	12	065	Jefferson County, FL	1998	NA	5170	4946	224	4.3
CN1206700000000	12	067	Lafayette County, FL	1998	NA	2884	2803	81	2.8
CN1206900000000	12	069	Lake County, FL	1998	NA	90734	87688	3046	3.4
CN1207100000000	12	071	Lee County, FL	1998	NA	182214	176555	5659	3.1
CN1207300000000	12	073	Leon County, FL	1998	NA	132119	128254	3865	2.9
CN1207500000000	12	075	Levy County, FL	1998	NA	13326	12752	574	4.3
CN1207700000000	12	077	Liberty County, FL	1998	NA	2433	2296	137	5.6
CN1207900000000	12	079	Madison County, FL	1998	NA	7482	7113	369	4.9
CN1208100000000	12	081	Manatee County, FL	1998	NA	119063	115804	3259	2.7
CN1208300000000	12	083	Marion County, FL	1998	NA	100234	95854	4380	4.4
CN1208500000000	12	085	Martin County, FL	1998	NA	48791	45834	2957	6.1
CN1208600000000	12	086	Miami-Dade County, FL	1998	NA	1085519	1025265	60254	5.6
CN1208700000000	12	087	Monroe County, FL	1998	NA	47798	46486	1312	2.7
CN1208900000000	12	089	Nassau County, FL	1998	NA	28941	27944	997	3.4
CN1209100000000	12	091	Okaloosa County, FL	1998	NA	82548	79725	2823	3.4
CN1209300000000	12	093	Okeechobee County, FL	1998	NA	16734	15282	1452	8.7
CN1209500000000	12	095	Orange County, FL	1998	NA	489757	474437	15320	3.1
CN1209700000000	12	097	Osceola County, FL	1998	NA	83491	80791	2700	3.2
CN1209900000000	12	099	Palm Beach County, FL	1998	NA	517142	486773	30369	5.9
CN1210100000000	12	101	Pasco County, FL	1998	NA	137995	132580	5415	3.9
CN1210300000000	12	103	Pinellas County, FL	1998	NA	477516	462070	15446	3.2
CN1210500000000	12	105	Polk County, FL	1998	NA	206365	194537	11828	5.7
CN1210700000000	12	107	Putnam County, FL	1998	NA	29028	27461	1567	5.4
CN1210900000000	12	109	St. Johns County, FL	1998	NA	61383	59809	1574	2.6
CN1211100000000	12	111	St. Lucie County, FL	1998	NA	79331	70810	8521	10.7
CN1211300000000	12	113	Santa Rosa County, FL	1998	NA	53685	51423	2262	4.2
CN1211500000000	12	115	Sarasota County, FL	1998	NA	149584	145706	3878	2.6
CN1211700000000	12	117	Seminole County, FL	1998	NA	216298	210077	6221	2.9
CN1211900000000	12	119	Sumter County, FL	1998	NA	14462	13969	493	3.4
CN1212100000000	12	121	Suwannee County, FL	1998	NA	13891	13270	621	4.5
CN1212300000000	12	123	Taylor County, FL	1998	NA	7537	6944	593	7.9
CN1212500000000	12	125	Union County, FL	1998	NA	3771	3661	110	2.9
CN1212700000000	12	127	Volusia County, FL	1998	NA	180192	173722	6470	3.6
CN1212900000000	12	129	Wakulla County, FL	1998	NA	11221	10827	394	3.5
CN1213100000000	12	131	Walton County, FL	1998	NA	15847	15179	668	4.2
CN1213300000000	12	133	Washington County, FL	1998	NA	9279	8810	469	5.1
CN1300100000000	13	001	Appling County, GA	1998	NA	8580	7680	900	10.5
CN1300300000000	13	003	Atkinson County, GA	1998	NA	3199	2943	256	8
CN1300500000000	13	005	Bacon County, GA	1998	NA	4372	3966	406	9.3
CN1300700000000	13	007	Baker County, GA	1998	NA	1667	1511	156	9.4
CN1300900000000	13	009	Baldwin County, GA	1998	NA	18025	16999	1026	5.7
CN1301100000000	13	011	Banks County, GA	1998	NA	6140	5890	250	4.1
CN1301300000000	13	013	Barrow County, GA	1998	NA	20945	20091	854	4.1
CN1301500000000	13	015	Bartow County, GA	1998	NA	39194	37485	1709	4.4
CN1301700000000	13	017	Ben Hill County, GA	1998	NA	9316	8743	573	6.2
CN1301900000000	13	019	Berrien County, GA	1998	NA	6943	6620	323	4.7
CN1302100000000	13	021	Bibb County, GA	1998	NA	75441	70879	4562	6
CN1302300000000	13	023	Bleckley County, GA	1998	NA	5794	5502	292	5
CN1302500000000	13	025	Brantley County, GA	1998	NA	6067	5663	404	6.7
CN1302700000000	13	027	Brooks County, GA	1998	NA	7784	7310	474	6.1
CN1302900000000	13	029	Bryan County, GA	1998	NA	10909	10547	362	3.3
CN1303100000000	13	031	Bulloch County, GA	1998	NA	26044	25090	954	3.7
CN1303300000000	13	033	Burke County, GA	1998	NA	8274	7173	1101	13.3
CN1303500000000	13	035	Butts County, GA	1998	NA	8597	8177	420	4.9
CN1303700000000	13	037	Calhoun County, GA	1998	NA	2298	2107	191	8.3
CN1303900000000	13	039	Camden County, GA	1998	NA	16854	16170	684	4.1
CN1304300000000	13	043	Candler County, GA	1998	NA	4080	3845	235	5.8
CN1304500000000	13	045	Carroll County, GA	1998	NA	44264	42235	2029	4.6
CN1304700000000	13	047	Catoosa County, GA	1998	NA	26313	25255	1058	4
CN1304900000000	13	049	Charlton County, GA	1998	NA	3789	3597	192	5.1
CN1305100000000	13	051	Chatham County, GA	1998	NA	108471	103279	5192	4.8
CN1305300000000	13	053	Chattahoochee County, GA	1998	NA	2417	2238	179	7.4
CN1305500000000	13	055	Chattooga County, GA	1998	NA	11842	11364	478	4
CN1305700000000	13	057	Cherokee County, GA	1998	NA	78227	76461	1766	2.3
CN1305900000000	13	059	Clarke County, GA	1998	NA	47972	46406	1566	3.3
CN1306100000000	13	061	Clay County, GA	1998	NA	1589	1470	119	7.5
CN1306300000000	13	063	Clayton County, GA	1998	NA	123083	118399	4684	3.8
CN1306500000000	13	065	Clinch County, GA	1998	NA	4097	3955	142	3.5
CN1306700000000	13	067	Cobb County, GA	1998	NA	349982	340534	9448	2.7
CN1306900000000	13	069	Coffee County, GA	1998	NA	19143	18118	1025	5.4
CN1307100000000	13	071	Colquitt County, GA	1998	NA	19164	18252	912	4.8
CN1307300000000	13	073	Columbia County, GA	1998	NA	44393	42910	1483	3.3
CN1307500000000	13	075	Cook County, GA	1998	NA	7795	7414	381	4.9
CN1307700000000	13	077	Coweta County, GA	1998	NA	44611	43116	1495	3.4
CN1307900000000	13	079	Crawford County, GA	1998	NA	5248	5031	217	4.1
CN1308100000000	13	081	Crisp County, GA	1998	NA	9928	9289	639	6.4
CN1308300000000	13	083	Dade County, GA	1998	NA	7363	7035	328	4.5
CN1308500000000	13	085	Dawson County, GA	1998	NA	10736	10422	314	2.9
CN1308700000000	13	087	Decatur County, GA	1998	NA	12531	11885	646	5.2
CN1308900000000	13	089	DeKalb County, GA	1998	NA	361589	346402	15187	4.2
CN1309100000000	13	091	Dodge County, GA	1998	NA	9827	9220	607	6.2
CN1309300000000	13	093	Dooly County, GA	1998	NA	4667	4347	320	6.9
CN1309500000000	13	095	Dougherty County, GA	1998	NA	47095	42890	4205	8.9
CN1309700000000	13	097	Douglas County, GA	1998	NA	51672	50074	1598	3.1
CN1309900000000	13	099	Early County, GA	1998	NA	4770	4338	432	9.1
CN1310100000000	13	101	Echols County, GA	1998	NA	1184	1137	47	4
CN1310300000000	13	103	Effingham County, GA	1998	NA	17979	17304	675	3.8
CN1310500000000	13	105	Elbert County, GA	1998	NA	8789	8045	744	8.5
CN1310700000000	13	107	Emanuel County, GA	1998	NA	8583	7808	775	9
CN1310900000000	13	109	Evans County, GA	1998	NA	5031	4827	204	4.1
CN1311100000000	13	111	Fannin County, GA	1998	NA	8926	8428	498	5.6
CN1311300000000	13	113	Fayette County, GA	1998	NA	49320	48180	1140	2.3
CN1311500000000	13	115	Floyd County, GA	1998	NA	45673	43620	2053	4.5
CN1311700000000	13	117	Forsyth County, GA	1998	NA	49432	48535	897	1.8
CN1311900000000	13	119	Franklin County, GA	1998	NA	9989	9601	388	3.9
CN1312100000000	13	121	Fulton County, GA	1998	NA	403901	387165	16736	4.1
CN1312300000000	13	123	Gilmer County, GA	1998	NA	8289	7838	451	5.4
CN1312500000000	13	125	Glascock County, GA	1998	NA	1022	893	129	12.6
CN1312700000000	13	127	Glynn County, GA	1998	NA	35743	34524	1219	3.4
CN1312900000000	13	129	Gordon County, GA	1998	NA	21505	20516	989	4.6
CN1313100000000	13	131	Grady County, GA	1998	NA	9655	8950	705	7.3
CN1313300000000	13	133	Greene County, GA	1998	NA	5874	5480	394	6.7
CN1313500000000	13	135	Gwinnett County, GA	1998	NA	328847	320573	8274	2.5
CN1313700000000	13	137	Habersham County, GA	1998	NA	15682	15056	626	4
CN1313900000000	13	139	Hall County, GA	1998	NA	71188	69074	2114	3
CN1314100000000	13	141	Hancock County, GA	1998	NA	3994	3518	476	11.9
CN1314300000000	13	143	Haralson County, GA	1998	NA	9429	8855	574	6.1
CN1314500000000	13	145	Harris County, GA	1998	NA	12009	11676	333	2.8
CN1314700000000	13	147	Hart County, GA	1998	NA	8928	8542	386	4.3
CN1314900000000	13	149	Heard County, GA	1998	NA	4870	4618	252	5.2
CN1315100000000	13	151	Henry County, GA	1998	NA	58756	57359	1397	2.4
CN1315300000000	13	153	Houston County, GA	1998	NA	52102	50124	1978	3.8
CN1315500000000	13	155	Irwin County, GA	1998	NA	4864	4604	260	5.3
CN1315700000000	13	157	Jackson County, GA	1998	NA	22028	21129	899	4.1
CN1315900000000	13	159	Jasper County, GA	1998	NA	4822	4632	190	3.9
CN1316100000000	13	161	Jeff Davis County, GA	1998	NA	5671	5211	460	8.1
CN1316300000000	13	163	Jefferson County, GA	1998	NA	7811	6841	970	12.4
CN1316500000000	13	165	Jenkins County, GA	1998	NA	4572	4321	251	5.5
CN1316700000000	13	167	Johnson County, GA	1998	NA	3723	3245	478	12.8
CN1316900000000	13	169	Jones County, GA	1998	NA	12217	11668	549	4.5
CN1317100000000	13	171	Lamar County, GA	1998	NA	7260	6937	323	4.4
CN1317300000000	13	173	Lanier County, GA	1998	NA	3565	3460	105	2.9
CN1317500000000	13	175	Laurens County, GA	1998	NA	23041	21262	1779	7.7
CN1317700000000	13	177	Lee County, GA	1998	NA	12119	11516	603	5
CN1317900000000	13	179	Liberty County, GA	1998	NA	17074	15838	1236	7.2
CN1318100000000	13	181	Lincoln County, GA	1998	NA	3546	3292	254	7.2
CN1318300000000	13	183	Long County, GA	1998	NA	3598	3477	121	3.4
CN1318500000000	13	185	Lowndes County, GA	1998	NA	43237	41476	1761	4.1
CN1318700000000	13	187	Lumpkin County, GA	1998	NA	10262	9930	332	3.2
CN1318900000000	13	189	McDuffie County, GA	1998	NA	9939	9143	796	8
CN1319100000000	13	191	McIntosh County, GA	1998	NA	4623	4411	212	4.6
CN1319300000000	13	193	Macon County, GA	1998	NA	5450	4862	588	10.8
CN1319500000000	13	195	Madison County, GA	1998	NA	13704	13246	458	3.3
CN1319700000000	13	197	Marion County, GA	1998	NA	3311	3154	157	4.7
CN1319900000000	13	199	Meriwether County, GA	1998	NA	9238	8753	485	5.3
CN1320100000000	13	201	Miller County, GA	1998	NA	3059	2928	131	4.3
CN1320500000000	13	205	Mitchell County, GA	1998	NA	11685	10708	977	8.4
CN1320700000000	13	207	Monroe County, GA	1998	NA	7552	7015	537	7.1
CN1320900000000	13	209	Montgomery County, GA	1998	NA	3776	3443	333	8.8
CN1321100000000	13	211	Morgan County, GA	1998	NA	7306	7005	301	4.1
CN1321300000000	13	213	Murray County, GA	1998	NA	18606	17810	796	4.3
CN1321500000000	13	215	Muscogee County, GA	1998	NA	87181	82593	4588	5.3
CN1321700000000	13	217	Newton County, GA	1998	NA	29407	28230	1177	4
CN1321900000000	13	219	Oconee County, GA	1998	NA	13525	13286	239	1.8
CN1322100000000	13	221	Oglethorpe County, GA	1998	NA	5799	5553	246	4.2
CN1322300000000	13	223	Paulding County, GA	1998	NA	40096	39178	918	2.3
CN1322500000000	13	225	Peach County, GA	1998	NA	11377	10633	744	6.5
CN1322700000000	13	227	Pickens County, GA	1998	NA	10495	10190	305	2.9
CN1322900000000	13	229	Pierce County, GA	1998	NA	7443	7059	384	5.2
CN1323100000000	13	231	Pike County, GA	1998	NA	6225	5990	235	3.8
CN1323300000000	13	233	Polk County, GA	1998	NA	15783	14891	892	5.7
CN1323500000000	13	235	Pulaski County, GA	1998	NA	4716	4462	254	5.4
CN1323700000000	13	237	Putnam County, GA	1998	NA	9144	8820	324	3.5
CN1323900000000	13	239	Quitman County, GA	1998	NA	1347	1276	71	5.3
CN1324100000000	13	241	Rabun County, GA	1998	NA	7149	6947	202	2.8
CN1324300000000	13	243	Randolph County, GA	1998	NA	3391	2910	481	14.2
CN1324500000000	13	245	Richmond County, GA	1998	NA	82504	76535	5969	7.2
CN1324700000000	13	247	Rockdale County, GA	1998	NA	39365	38204	1161	2.9
CN1324900000000	13	249	Schley County, GA	1998	NA	1805	1708	97	5.4
CN1325100000000	13	251	Screven County, GA	1998	NA	6180	5649	531	8.6
CN1325300000000	13	253	Seminole County, GA	1998	NA	4485	4270	215	4.8
CN1325500000000	13	255	Spalding County, GA	1998	NA	29500	28160	1340	4.5
CN1325700000000	13	257	Stephens County, GA	1998	NA	12825	12091	734	5.7
CN1325900000000	13	259	Stewart County, GA	1998	NA	2595	2421	174	6.7
CN1326100000000	13	261	Sumter County, GA	1998	NA	15669	14410	1259	8
CN1326300000000	13	263	Talbot County, GA	1998	NA	2790	2652	138	4.9
CN1326500000000	13	265	Taliaferro County, GA	1998	NA	694	644	50	7.2
CN1326700000000	13	267	Tattnall County, GA	1998	NA	7123	6739	384	5.4
CN1326900000000	13	269	Taylor County, GA	1998	NA	3601	3385	216	6
CN1327100000000	13	271	Telfair County, GA	1998	NA	4966	4496	470	9.5
CN1327300000000	13	273	Terrell County, GA	1998	NA	4025	3494	531	13.2
CN1327500000000	13	275	Thomas County, GA	1998	NA	21322	20319	1003	4.7
CN1327700000000	13	277	Tift County, GA	1998	NA	21335	20118	1217	5.7
CN1327900000000	13	279	Toombs County, GA	1998	NA	12582	11422	1160	9.2
CN1328100000000	13	281	Towns County, GA	1998	NA	3910	3717	193	4.9
CN1328300000000	13	283	Treutlen County, GA	1998	NA	2850	2596	254	8.9
CN1328500000000	13	285	Troup County, GA	1998	NA	29476	28022	1454	4.9
CN1328700000000	13	287	Turner County, GA	1998	NA	4475	3926	549	12.3
CN1328900000000	13	289	Twiggs County, GA	1998	NA	4351	4033	318	7.3
CN1329100000000	13	291	Union County, GA	1998	NA	7329	7030	299	4.1
CN1329300000000	13	293	Upson County, GA	1998	NA	13379	12898	481	3.6
CN1329500000000	13	295	Walker County, GA	1998	NA	31442	29973	1469	4.7
CN1329700000000	13	297	Walton County, GA	1998	NA	28192	27266	926	3.3
CN1329900000000	13	299	Ware County, GA	1998	NA	16146	15387	759	4.7
CN1330100000000	13	301	Warren County, GA	1998	NA	2983	2490	493	16.5
CN1330300000000	13	303	Washington County, GA	1998	NA	9871	9031	840	8.5
CN1330500000000	13	305	Wayne County, GA	1998	NA	11472	10627	845	7.4
CN1330700000000	13	307	Webster County, GA	1998	NA	1141	1089	52	4.6
CN1330900000000	13	309	Wheeler County, GA	1998	NA	2075	1871	204	9.8
CN1331100000000	13	311	White County, GA	1998	NA	9217	8853	364	3.9
CN1331300000000	13	313	Whitfield County, GA	1998	NA	47319	45822	1497	3.2
CN1331500000000	13	315	Wilcox County, GA	1998	NA	3404	3190	214	6.3
CN1331700000000	13	317	Wilkes County, GA	1998	NA	5727	5368	359	6.3
CN1331900000000	13	319	Wilkinson County, GA	1998	NA	4609	4233	376	8.2
CN1332100000000	13	321	Worth County, GA	1998	NA	9506	8786	720	7.6
CN1500100000000	15	001	Hawaii County, HI	1998	NA	69345	62830	6515	9.4
CN1500300000000	15	003	Honolulu County/city, HI	1998	NA	432469	409852	22617	5.2
CN1500700000000	15	007	Kauai County, HI	1998	NA	28977	26178	2799	9.7
CN1500900000000	15	009	Maui County, HI	1998	NA	70792	66097	4695	6.6
CN1600100000000	16	001	Ada County, ID	1998	NA	163205	157989	5216	3.2
CN1600300000000	16	003	Adams County, ID	1998	NA	1667	1420	247	14.8
CN1600500000000	16	005	Bannock County, ID	1998	NA	39303	37349	1954	5
CN1600700000000	16	007	Bear Lake County, ID	1998	NA	2859	2728	131	4.6
CN1600900000000	16	009	Benewah County, ID	1998	NA	4527	3988	539	11.9
CN1601100000000	16	011	Bingham County, ID	1998	NA	21791	20710	1081	5
CN1601300000000	16	013	Blaine County, ID	1998	NA	10959	10522	437	4
CN1601500000000	16	015	Boise County, ID	1998	NA	2555	2403	152	5.9
CN1601700000000	16	017	Bonner County, ID	1998	NA	17299	15869	1430	8.3
CN1601900000000	16	019	Bonneville County, ID	1998	NA	46045	44382	1663	3.6
CN1602100000000	16	021	Boundary County, ID	1998	NA	4522	4108	414	9.2
CN1602300000000	16	023	Butte County, ID	1998	NA	1617	1548	69	4.3
CN1602500000000	16	025	Camas County, ID	1998	NA	411	396	15	3.6
CN1602700000000	16	027	Canyon County, ID	1998	NA	62279	59149	3130	5
CN1602900000000	16	029	Caribou County, ID	1998	NA	3264	3069	195	6
CN1603100000000	16	031	Cassia County, ID	1998	NA	9655	8964	691	7.2
CN1603300000000	16	033	Clark County, ID	1998	NA	590	567	23	3.9
CN1603500000000	16	035	Clearwater County, ID	1998	NA	4307	3748	559	13
CN1603700000000	16	037	Custer County, ID	1998	NA	2135	1950	185	8.7
CN1603900000000	16	039	Elmore County, ID	1998	NA	9235	8685	550	6
CN1604100000000	16	041	Franklin County, ID	1998	NA	4674	4509	165	3.5
CN1604300000000	16	043	Fremont County, ID	1998	NA	4968	4616	352	7.1
CN1604500000000	16	045	Gem County, ID	1998	NA	6415	5967	448	7
CN1604700000000	16	047	Gooding County, ID	1998	NA	6702	6442	260	3.9
CN1604900000000	16	049	Idaho County, ID	1998	NA	6416	5731	685	10.7
CN1605100000000	16	051	Jefferson County, ID	1998	NA	10085	9650	435	4.3
CN1605300000000	16	053	Jerome County, ID	1998	NA	9024	8613	411	4.6
CN1605500000000	16	055	Kootenai County, ID	1998	NA	55338	50992	4346	7.9
CN1605700000000	16	057	Latah County, ID	1998	NA	15038	14524	514	3.4
CN1605900000000	16	059	Lemhi County, ID	1998	NA	4085	3735	350	8.6
CN1606100000000	16	061	Lewis County, ID	1998	NA	1611	1490	121	7.5
CN1606300000000	16	063	Lincoln County, ID	1998	NA	1850	1756	94	5.1
CN1606500000000	16	065	Madison County, ID	1998	NA	10193	9902	291	2.9
CN1606700000000	16	067	Minidoka County, ID	1998	NA	9900	9100	800	8.1
CN1606900000000	16	069	Nez Perce County, ID	1998	NA	23765	22863	902	3.8
CN1607100000000	16	071	Oneida County, ID	1998	NA	1762	1698	64	3.6
CN1607300000000	16	073	Owyhee County, ID	1998	NA	4536	4409	127	2.8
CN1607500000000	16	075	Payette County, ID	1998	NA	10226	9490	736	7.2
CN1607700000000	16	077	Power County, ID	1998	NA	3653	3444	209	5.7
CN1607900000000	16	079	Shoshone County, ID	1998	NA	6813	6048	765	11.2
CN1608100000000	16	081	Teton County, ID	1998	NA	2933	2826	107	3.6
CN1608300000000	16	083	Twin Falls County, ID	1998	NA	32394	30842	1552	4.8
CN1608500000000	16	085	Valley County, ID	1998	NA	4165	3774	391	9.4
CN1608700000000	16	087	Washington County, ID	1998	NA	4669	4319	350	7.5
CN1700100000000	17	001	Adams County, IL	1998	NA	37274	36053	1221	3.3
CN1700300000000	17	003	Alexander County, IL	1998	NA	4078	3760	318	7.8
CN1700500000000	17	005	Bond County, IL	1998	NA	8255	7879	376	4.6
CN1700700000000	17	007	Boone County, IL	1998	NA	21689	20845	844	3.9
CN1700900000000	17	009	Brown County, IL	1998	NA	3058	2985	73	2.4
CN1701100000000	17	011	Bureau County, IL	1998	NA	18982	18250	732	3.9
CN1701300000000	17	013	Calhoun County, IL	1998	NA	3364	3227	137	4.1
CN1701500000000	17	015	Carroll County, IL	1998	NA	9178	8805	373	4.1
CN1701700000000	17	017	Cass County, IL	1998	NA	7377	7048	329	4.5
CN1701900000000	17	019	Champaign County, IL	1998	NA	95786	93504	2282	2.4
CN1702100000000	17	021	Christian County, IL	1998	NA	19205	18387	818	4.3
CN1702300000000	17	023	Clark County, IL	1998	NA	10242	9864	378	3.7
CN1702500000000	17	025	Clay County, IL	1998	NA	7434	6986	448	6
CN1702700000000	17	027	Clinton County, IL	1998	NA	17556	16860	696	4
CN1702900000000	17	029	Coles County, IL	1998	NA	27732	26802	930	3.4
CN1703100000000	17	031	Cook County, IL	1998	NA	2680537	2541090	139447	5.2
CN1703300000000	17	033	Crawford County, IL	1998	NA	10094	9472	622	6.2
CN1703500000000	17	035	Cumberland County, IL	1998	NA	5623	5385	238	4.2
CN1703700000000	17	037	DeKalb County, IL	1998	NA	47937	46374	1563	3.3
CN1703900000000	17	039	De Witt County, IL	1998	NA	8440	8071	369	4.4
CN1704100000000	17	041	Douglas County, IL	1998	NA	12595	12229	366	2.9
CN1704300000000	17	043	DuPage County, IL	1998	NA	520022	504543	15479	3
CN1704500000000	17	045	Edgar County, IL	1998	NA	10296	9910	386	3.7
CN1704700000000	17	047	Edwards County, IL	1998	NA	3797	3586	211	5.6
CN1704900000000	17	049	Effingham County, IL	1998	NA	18318	17540	778	4.2
CN1705100000000	17	051	Fayette County, IL	1998	NA	10993	10359	634	5.8
CN1705300000000	17	053	Ford County, IL	1998	NA	6706	6450	256	3.8
CN1705500000000	17	055	Franklin County, IL	1998	NA	16913	15452	1461	8.6
CN1705700000000	17	057	Fulton County, IL	1998	NA	14557	13693	864	5.9
CN1705900000000	17	059	Gallatin County, IL	1998	NA	2903	2698	205	7.1
CN1706100000000	17	061	Greene County, IL	1998	NA	7370	7043	327	4.4
CN1706300000000	17	063	Grundy County, IL	1998	NA	19124	17783	1341	7
CN1706500000000	17	065	Hamilton County, IL	1998	NA	3840	3517	323	8.4
CN1706700000000	17	067	Hancock County, IL	1998	NA	12727	12321	406	3.2
CN1706900000000	17	069	Hardin County, IL	1998	NA	1903	1782	121	6.4
CN1707100000000	17	071	Henderson County, IL	1998	NA	5027	4862	165	3.3
CN1707300000000	17	073	Henry County, IL	1998	NA	27072	26192	880	3.3
CN1707500000000	17	075	Iroquois County, IL	1998	NA	16258	15581	677	4.2
CN1707700000000	17	077	Jackson County, IL	1998	NA	29973	28807	1166	3.9
CN1707900000000	17	079	Jasper County, IL	1998	NA	4016	3662	354	8.8
CN1708100000000	17	081	Jefferson County, IL	1998	NA	18889	17833	1056	5.6
CN1708300000000	17	083	Jersey County, IL	1998	NA	10704	10221	483	4.5
CN1708500000000	17	085	Jo Daviess County, IL	1998	NA	12831	12429	402	3.1
CN1708700000000	17	087	Johnson County, IL	1998	NA	5029	4676	353	7
CN1708900000000	17	089	Kane County, IL	1998	NA	216216	208239	7977	3.7
CN1709100000000	17	091	Kankakee County, IL	1998	NA	52602	49852	2750	5.2
CN1709300000000	17	093	Kendall County, IL	1998	NA	29126	28211	915	3.1
CN1709500000000	17	095	Knox County, IL	1998	NA	29469	28424	1045	3.5
CN1709700000000	17	097	Lake County, IL	1998	NA	329066	318690	10376	3.2
CN1709900000000	17	099	LaSalle County, IL	1998	NA	56677	53621	3056	5.4
CN1710100000000	17	101	Lawrence County, IL	1998	NA	7154	6683	471	6.6
CN1710300000000	17	103	Lee County, IL	1998	NA	18294	17701	593	3.2
CN1710500000000	17	105	Livingston County, IL	1998	NA	20305	19743	562	2.8
CN1710700000000	17	107	Logan County, IL	1998	NA	13637	13154	483	3.5
CN1710900000000	17	109	McDonough County, IL	1998	NA	17929	17561	368	2.1
CN1711100000000	17	111	McHenry County, IL	1998	NA	135462	130285	5177	3.8
CN1711300000000	17	113	McLean County, IL	1998	NA	87765	86011	1754	2
CN1711500000000	17	115	Macon County, IL	1998	NA	59330	56510	2820	4.8
CN1711700000000	17	117	Macoupin County, IL	1998	NA	23120	22055	1065	4.6
CN1711900000000	17	119	Madison County, IL	1998	NA	130960	125557	5403	4.1
CN1712100000000	17	121	Marion County, IL	1998	NA	20831	19511	1320	6.3
CN1712300000000	17	123	Marshall County, IL	1998	NA	7005	6771	234	3.3
CN1712500000000	17	125	Mason County, IL	1998	NA	8426	7960	466	5.5
CN1712700000000	17	127	Massac County, IL	1998	NA	8227	7895	332	4
CN1712900000000	17	129	Menard County, IL	1998	NA	6263	6056	207	3.3
CN1713100000000	17	131	Mercer County, IL	1998	NA	9248	8840	408	4.4
CN1713300000000	17	133	Monroe County, IL	1998	NA	14186	13785	401	2.8
CN1713500000000	17	135	Montgomery County, IL	1998	NA	15655	14546	1109	7.1
CN1713700000000	17	137	Morgan County, IL	1998	NA	18730	18062	668	3.6
CN1713900000000	17	139	Moultrie County, IL	1998	NA	7701	7477	224	2.9
CN1714100000000	17	141	Ogle County, IL	1998	NA	27860	26948	912	3.3
CN1714300000000	17	143	Peoria County, IL	1998	NA	96394	93122	3272	3.4
CN1714500000000	17	145	Perry County, IL	1998	NA	8303	7596	707	8.5
CN1714700000000	17	147	Piatt County, IL	1998	NA	8229	7953	276	3.4
CN1714900000000	17	149	Pike County, IL	1998	NA	9173	8755	418	4.6
CN1715100000000	17	151	Pope County, IL	1998	NA	1823	1673	150	8.2
CN1715300000000	17	153	Pulaski County, IL	1998	NA	3011	2739	272	9
CN1715500000000	17	155	Putnam County, IL	1998	NA	3181	3036	145	4.6
CN1715700000000	17	157	Randolph County, IL	1998	NA	14182	13452	730	5.1
CN1715900000000	17	159	Richland County, IL	1998	NA	9121	8651	470	5.2
CN1716100000000	17	161	Rock Island County, IL	1998	NA	76271	73683	2588	3.4
CN1716300000000	17	163	St. Clair County, IL	1998	NA	118306	112235	6071	5.1
CN1716500000000	17	165	Saline County, IL	1998	NA	10797	9990	807	7.5
CN1716700000000	17	167	Sangamon County, IL	1998	NA	102439	98978	3461	3.4
CN1716900000000	17	169	Schuyler County, IL	1998	NA	4353	4170	183	4.2
CN1717100000000	17	171	Scott County, IL	1998	NA	2877	2737	140	4.9
CN1717300000000	17	173	Shelby County, IL	1998	NA	11441	10972	469	4.1
CN1717500000000	17	175	Stark County, IL	1998	NA	2985	2856	129	4.3
CN1717700000000	17	177	Stephenson County, IL	1998	NA	25630	24600	1030	4
CN1717900000000	17	179	Tazewell County, IL	1998	NA	71608	69454	2154	3
CN1718100000000	17	181	Union County, IL	1998	NA	8301	7767	534	6.4
CN1718300000000	17	183	Vermilion County, IL	1998	NA	39350	37079	2271	5.8
CN1718500000000	17	185	Wabash County, IL	1998	NA	5013	4615	398	7.9
CN1718700000000	17	187	Warren County, IL	1998	NA	10083	9765	318	3.2
CN1718900000000	17	189	Washington County, IL	1998	NA	9320	9002	318	3.4
CN1719100000000	17	191	Wayne County, IL	1998	NA	8519	7996	523	6.1
CN1719300000000	17	193	White County, IL	1998	NA	7608	7080	528	6.9
CN1719500000000	17	195	Whiteside County, IL	1998	NA	32470	31498	972	3
CN1719700000000	17	197	Will County, IL	1998	NA	241575	230600	10975	4.5
CN1719900000000	17	199	Williamson County, IL	1998	NA	28580	26638	1942	6.8
CN1720100000000	17	201	Winnebago County, IL	1998	NA	149730	143879	5851	3.9
CN1720300000000	17	203	Woodford County, IL	1998	NA	19384	18948	436	2.2
CN1800100000000	18	001	Adams County, IN	1998	NA	16674	16310	364	2.2
CN1800300000000	18	003	Allen County, IN	1998	NA	178153	173139	5014	2.8
CN1800500000000	18	005	Bartholomew County, IN	1998	NA	40042	39175	867	2.2
CN1800700000000	18	007	Benton County, IN	1998	NA	5071	4903	168	3.3
CN1800900000000	18	009	Blackford County, IN	1998	NA	6614	6288	326	4.9
CN1801100000000	18	011	Boone County, IN	1998	NA	24549	24149	400	1.6
CN1801300000000	18	013	Brown County, IN	1998	NA	8904	8758	146	1.6
CN1801500000000	18	015	Carroll County, IN	1998	NA	12384	12148	236	1.9
CN1801700000000	18	017	Cass County, IN	1998	NA	20182	19572	610	3
CN1801900000000	18	019	Clark County, IN	1998	NA	52697	51274	1423	2.7
CN1802100000000	18	021	Clay County, IN	1998	NA	12427	11905	522	4.2
CN1802300000000	18	023	Clinton County, IN	1998	NA	16142	15645	497	3.1
CN1802500000000	18	025	Crawford County, IN	1998	NA	4784	4499	285	6
CN1802700000000	18	027	Daviess County, IN	1998	NA	13772	13368	404	2.9
CN1802900000000	18	029	Dearborn County, IN	1998	NA	23710	22917	793	3.3
CN1803100000000	18	031	Decatur County, IN	1998	NA	16087	15717	370	2.3
CN1803300000000	18	033	DeKalb County, IN	1998	NA	22041	21481	560	2.5
CN1803500000000	18	035	Delaware County, IN	1998	NA	62509	59942	2567	4.1
CN1803700000000	18	037	Dubois County, IN	1998	NA	23026	22625	401	1.7
CN1803900000000	18	039	Elkhart County, IN	1998	NA	96097	93762	2335	2.4
CN1804100000000	18	041	Fayette County, IN	1998	NA	11430	10803	627	5.5
CN1804300000000	18	043	Floyd County, IN	1998	NA	39037	38122	915	2.3
CN1804500000000	18	045	Fountain County, IN	1998	NA	8796	8376	420	4.8
CN1804700000000	18	047	Franklin County, IN	1998	NA	10957	10617	340	3.1
CN1804900000000	18	049	Fulton County, IN	1998	NA	10261	9826	435	4.2
CN1805100000000	18	051	Gibson County, IN	1998	NA	16180	15533	647	4
CN1805300000000	18	053	Grant County, IN	1998	NA	33691	32396	1295	3.8
CN1805500000000	18	055	Greene County, IN	1998	NA	14760	13854	906	6.1
CN1805700000000	18	057	Hamilton County, IN	1998	NA	94188	93103	1085	1.2
CN1805900000000	18	059	Hancock County, IN	1998	NA	30331	29728	603	2
CN1806100000000	18	061	Harrison County, IN	1998	NA	18729	18204	525	2.8
CN1806300000000	18	063	Hendricks County, IN	1998	NA	53238	52473	765	1.4
CN1806500000000	18	065	Henry County, IN	1998	NA	24838	23800	1038	4.2
CN1806700000000	18	067	Howard County, IN	1998	NA	42487	41085	1402	3.3
CN1806900000000	18	069	Huntington County, IN	1998	NA	20967	20174	793	3.8
CN1807100000000	18	071	Jackson County, IN	1998	NA	21141	20509	632	3
CN1807300000000	18	073	Jasper County, IN	1998	NA	14279	13721	558	3.9
CN1807500000000	18	075	Jay County, IN	1998	NA	11280	10793	487	4.3
CN1807700000000	18	077	Jefferson County, IN	1998	NA	13926	13361	565	4.1
CN1807900000000	18	079	Jennings County, IN	1998	NA	14741	14414	327	2.2
CN1808100000000	18	081	Johnson County, IN	1998	NA	61950	60796	1154	1.9
CN1808300000000	18	083	Knox County, IN	1998	NA	19724	19029	695	3.5
CN1808500000000	18	085	Kosciusko County, IN	1998	NA	38074	37079	995	2.6
CN1808700000000	18	087	LaGrange County, IN	1998	NA	17412	16949	463	2.7
CN1808900000000	18	089	Lake County, IN	1998	NA	229974	220358	9616	4.2
CN1809100000000	18	091	LaPorte County, IN	1998	NA	54177	52378	1799	3.3
CN1809300000000	18	093	Lawrence County, IN	1998	NA	23778	22295	1483	6.2
CN1809500000000	18	095	Madison County, IN	1998	NA	66263	63724	2539	3.8
CN1809700000000	18	097	Marion County, IN	1998	NA	452412	439422	12990	2.9
CN1809900000000	18	099	Marshall County, IN	1998	NA	24752	24076	676	2.7
CN1810100000000	18	101	Martin County, IN	1998	NA	5186	5003	183	3.5
CN1810300000000	18	103	Miami County, IN	1998	NA	15559	14902	657	4.2
CN1810500000000	18	105	Monroe County, IN	1998	NA	61943	60353	1590	2.6
CN1810700000000	18	107	Montgomery County, IN	1998	NA	18862	18357	505	2.7
CN1810900000000	18	109	Morgan County, IN	1998	NA	35529	34530	999	2.8
CN1811100000000	18	111	Newton County, IN	1998	NA	6771	6535	236	3.5
CN1811300000000	18	113	Noble County, IN	1998	NA	24762	24049	713	2.9
CN1811500000000	18	115	Ohio County, IN	1998	NA	2701	2613	88	3.3
CN1811700000000	18	117	Orange County, IN	1998	NA	9153	8537	616	6.7
CN1811900000000	18	119	Owen County, IN	1998	NA	10696	10269	427	4
CN1812100000000	18	121	Parke County, IN	1998	NA	7759	7448	311	4
CN1812300000000	18	123	Perry County, IN	1998	NA	8962	8503	459	5.1
CN1812500000000	18	125	Pike County, IN	1998	NA	6327	6121	206	3.3
CN1812700000000	18	127	Porter County, IN	1998	NA	77030	74918	2112	2.7
CN1812900000000	18	129	Posey County, IN	1998	NA	13946	13556	390	2.8
CN1813100000000	18	131	Pulaski County, IN	1998	NA	6240	5932	308	4.9
CN1813300000000	18	133	Putnam County, IN	1998	NA	16646	16252	394	2.4
CN1813500000000	18	135	Randolph County, IN	1998	NA	11473	10586	887	7.7
CN1813700000000	18	137	Ripley County, IN	1998	NA	13580	13146	434	3.2
CN1813900000000	18	139	Rush County, IN	1998	NA	10100	9827	273	2.7
CN1814100000000	18	141	St. Joseph County, IN	1998	NA	137507	133663	3844	2.8
CN1814300000000	18	143	Scott County, IN	1998	NA	11082	10714	368	3.3
CN1814500000000	18	145	Shelby County, IN	1998	NA	23551	22900	651	2.8
CN1814700000000	18	147	Spencer County, IN	1998	NA	12140	11746	394	3.2
CN1814900000000	18	149	Starke County, IN	1998	NA	11026	10525	501	4.5
CN1815100000000	18	151	Steuben County, IN	1998	NA	18256	17732	524	2.9
CN1815300000000	18	153	Sullivan County, IN	1998	NA	9867	9304	563	5.7
CN1815500000000	18	155	Switzerland County, IN	1998	NA	3715	3527	188	5.1
CN1815700000000	18	157	Tippecanoe County, IN	1998	NA	74241	72722	1519	2
CN1815900000000	18	159	Tipton County, IN	1998	NA	8886	8640	246	2.8
CN1816100000000	18	161	Union County, IN	1998	NA	3976	3838	138	3.5
CN1816300000000	18	163	Vanderburgh County, IN	1998	NA	91071	88023	3048	3.3
CN1816500000000	18	165	Vermillion County, IN	1998	NA	7857	7365	492	6.3
CN1816700000000	18	167	Vigo County, IN	1998	NA	50291	47920	2371	4.7
CN1816900000000	18	169	Wabash County, IN	1998	NA	17629	17026	603	3.4
CN1817100000000	18	171	Warren County, IN	1998	NA	3970	3849	121	3
CN1817300000000	18	173	Warrick County, IN	1998	NA	28732	27861	871	3
CN1817500000000	18	175	Washington County, IN	1998	NA	12045	11441	604	5
CN1817700000000	18	177	Wayne County, IN	1998	NA	39054	37518	1536	3.9
CN1817900000000	18	179	Wells County, IN	1998	NA	14933	14564	369	2.5
CN1818100000000	18	181	White County, IN	1998	NA	13707	13188	519	3.8
CN1818300000000	18	183	Whitley County, IN	1998	NA	16768	16369	399	2.4
CN1900100000000	19	001	Adair County, IA	1998	NA	4269	4165	104	2.4
CN1900300000000	19	003	Adams County, IA	1998	NA	2183	2110	73	3.3
CN1900500000000	19	005	Allamakee County, IA	1998	NA	7432	7076	356	4.8
CN1900700000000	19	007	Appanoose County, IA	1998	NA	6803	6504	299	4.4
CN1900900000000	19	009	Audubon County, IA	1998	NA	3459	3357	102	2.9
CN1901100000000	19	011	Benton County, IA	1998	NA	11827	11479	348	2.9
CN1901300000000	19	013	Black Hawk County, IA	1998	NA	70453	67963	2490	3.5
CN1901500000000	19	015	Boone County, IA	1998	NA	14235	13910	325	2.3
CN1901700000000	19	017	Bremer County, IA	1998	NA	12799	12477	322	2.5
CN1901900000000	19	019	Buchanan County, IA	1998	NA	11241	10800	441	3.9
CN1902100000000	19	021	Buena Vista County, IA	1998	NA	10983	10764	219	2
CN1902300000000	19	023	Butler County, IA	1998	NA	7826	7507	319	4.1
CN1902500000000	19	025	Calhoun County, IA	1998	NA	4877	4743	134	2.7
CN1902700000000	19	027	Carroll County, IA	1998	NA	12807	12499	308	2.4
CN1902900000000	19	029	Cass County, IA	1998	NA	7611	7320	291	3.8
CN1903100000000	19	031	Cedar County, IA	1998	NA	9434	9188	246	2.6
CN1903300000000	19	033	Cerro Gordo County, IA	1998	NA	26740	25958	782	2.9
CN1903500000000	19	035	Cherokee County, IA	1998	NA	6839	6656	183	2.7
CN1903700000000	19	037	Chickasaw County, IA	1998	NA	7618	7329	289	3.8
CN1903900000000	19	039	Clarke County, IA	1998	NA	4400	4238	162	3.7
CN1904100000000	19	041	Clay County, IA	1998	NA	10100	9814	286	2.8
CN1904300000000	19	043	Clayton County, IA	1998	NA	10397	9893	504	4.8
CN1904500000000	19	045	Clinton County, IA	1998	NA	27183	26331	852	3.1
CN1904700000000	19	047	Crawford County, IA	1998	NA	8948	8702	246	2.7
CN1904900000000	19	049	Dallas County, IA	1998	NA	20543	20173	370	1.8
CN1905100000000	19	051	Davis County, IA	1998	NA	4235	4093	142	3.4
CN1905300000000	19	053	Decatur County, IA	1998	NA	3796	3604	192	5.1
CN1905500000000	19	055	Delaware County, IA	1998	NA	9515	9093	422	4.4
CN1905700000000	19	057	Des Moines County, IA	1998	NA	23742	23002	740	3.1
CN1905900000000	19	059	Dickinson County, IA	1998	NA	9850	9539	311	3.2
CN1906100000000	19	061	Dubuque County, IA	1998	NA	49564	47986	1578	3.2
CN1906300000000	19	063	Emmet County, IA	1998	NA	5787	5585	202	3.5
CN1906500000000	19	065	Fayette County, IA	1998	NA	11194	10746	448	4
CN1906700000000	19	067	Floyd County, IA	1998	NA	7693	7359	334	4.3
CN1906900000000	19	069	Franklin County, IA	1998	NA	6037	5857	180	3
CN1907100000000	19	071	Fremont County, IA	1998	NA	3688	3589	99	2.7
CN1907300000000	19	073	Greene County, IA	1998	NA	5028	4880	148	2.9
CN1907500000000	19	075	Grundy County, IA	1998	NA	6157	6012	145	2.4
CN1907700000000	19	077	Guthrie County, IA	1998	NA	6016	5863	153	2.5
CN1907900000000	19	079	Hamilton County, IA	1998	NA	8395	8167	228	2.7
CN1908100000000	19	081	Hancock County, IA	1998	NA	6764	6636	128	1.9
CN1908300000000	19	083	Hardin County, IA	1998	NA	9626	9283	343	3.6
CN1908500000000	19	085	Harrison County, IA	1998	NA	7705	7479	226	2.9
CN1908700000000	19	087	Henry County, IA	1998	NA	11121	10826	295	2.7
CN1908900000000	19	089	Howard County, IA	1998	NA	5566	5397	169	3
CN1909100000000	19	091	Humboldt County, IA	1998	NA	5720	5605	115	2
CN1909300000000	19	093	Ida County, IA	1998	NA	4069	3971	98	2.4
CN1909500000000	19	095	Iowa County, IA	1998	NA	9363	9157	206	2.2
CN1909700000000	19	097	Jackson County, IA	1998	NA	10440	9986	454	4.3
CN1909900000000	19	099	Jasper County, IA	1998	NA	19199	18746	453	2.4
CN1910100000000	19	101	Jefferson County, IA	1998	NA	10213	9915	298	2.9
CN1910300000000	19	103	Johnson County, IA	1998	NA	67475	65966	1509	2.2
CN1910500000000	19	105	Jones County, IA	1998	NA	9675	9403	272	2.8
CN1910700000000	19	107	Keokuk County, IA	1998	NA	5252	5021	231	4.4
CN1910900000000	19	109	Kossuth County, IA	1998	NA	8915	8670	245	2.7
CN1911100000000	19	111	Lee County, IA	1998	NA	19671	18840	831	4.2
CN1911300000000	19	113	Linn County, IA	1998	NA	112522	110403	2119	1.9
CN1911500000000	19	115	Louisa County, IA	1998	NA	5365	5181	184	3.4
CN1911700000000	19	117	Lucas County, IA	1998	NA	4102	3954	148	3.6
CN1911900000000	19	119	Lyon County, IA	1998	NA	5675	5543	132	2.3
CN1912100000000	19	121	Madison County, IA	1998	NA	7711	7496	215	2.8
CN1912300000000	19	123	Mahaska County, IA	1998	NA	11452	11178	274	2.4
CN1912500000000	19	125	Marion County, IA	1998	NA	18266	17803	463	2.5
CN1912700000000	19	127	Marshall County, IA	1998	NA	20759	20185	574	2.8
CN1912900000000	19	129	Mills County, IA	1998	NA	6039	5902	137	2.3
CN1913100000000	19	131	Mitchell County, IA	1998	NA	5525	5374	151	2.7
CN1913300000000	19	133	Monona County, IA	1998	NA	5079	4902	177	3.5
CN1913500000000	19	135	Monroe County, IA	1998	NA	4219	4090	129	3.1
CN1913700000000	19	137	Montgomery County, IA	1998	NA	6110	5913	197	3.2
CN1913900000000	19	139	Muscatine County, IA	1998	NA	21989	21388	601	2.7
CN1914100000000	19	141	O'Brien County, IA	1998	NA	7881	7687	194	2.5
CN1914300000000	19	143	Osceola County, IA	1998	NA	3685	3581	104	2.8
CN1914500000000	19	145	Page County, IA	1998	NA	8994	8740	254	2.8
CN1914700000000	19	147	Palo Alto County, IA	1998	NA	5373	5236	137	2.5
CN1914900000000	19	149	Plymouth County, IA	1998	NA	12671	12318	353	2.8
CN1915100000000	19	151	Pocahontas County, IA	1998	NA	4223	4126	97	2.3
CN1915300000000	19	153	Polk County, IA	1998	NA	215762	211159	4603	2.1
CN1915500000000	19	155	Pottawattamie County, IA	1998	NA	48387	47133	1254	2.6
CN1915700000000	19	157	Poweshiek County, IA	1998	NA	10368	10040	328	3.2
CN1915900000000	19	159	Ringgold County, IA	1998	NA	2551	2469	82	3.2
CN1916100000000	19	161	Sac County, IA	1998	NA	6031	5844	187	3.1
CN1916300000000	19	163	Scott County, IA	1998	NA	86932	84613	2319	2.7
CN1916500000000	19	165	Shelby County, IA	1998	NA	6861	6691	170	2.5
CN1916700000000	19	167	Sioux County, IA	1998	NA	17835	17356	479	2.7
CN1916900000000	19	169	Story County, IA	1998	NA	46253	45094	1159	2.5
CN1917100000000	19	171	Tama County, IA	1998	NA	9207	8944	263	2.9
CN1917300000000	19	173	Taylor County, IA	1998	NA	3289	3176	113	3.4
CN1917500000000	19	175	Union County, IA	1998	NA	6573	6341	232	3.5
CN1917700000000	19	177	Van Buren County, IA	1998	NA	4283	4165	118	2.8
CN1917900000000	19	179	Wapello County, IA	1998	NA	17718	17025	693	3.9
CN1918100000000	19	181	Warren County, IA	1998	NA	23576	23120	456	1.9
CN1918300000000	19	183	Washington County, IA	1998	NA	11424	11146	278	2.4
CN1918500000000	19	185	Wayne County, IA	1998	NA	3040	2922	118	3.9
CN1918700000000	19	187	Webster County, IA	1998	NA	20480	19883	597	2.9
CN1918900000000	19	189	Winnebago County, IA	1998	NA	6597	6447	150	2.3
CN1919100000000	19	191	Winneshiek County, IA	1998	NA	12124	11673	451	3.7
CN1919300000000	19	193	Woodbury County, IA	1998	NA	55391	53796	1595	2.9
CN1919500000000	19	195	Worth County, IA	1998	NA	4172	4044	128	3.1
CN1919700000000	19	197	Wright County, IA	1998	NA	6979	6813	166	2.4
CN2000100000000	20	001	Allen County, KS	1998	NA	7423	7077	346	4.7
CN2000300000000	20	003	Anderson County, KS	1998	NA	3862	3653	209	5.4
CN2000500000000	20	005	Atchison County, KS	1998	NA	8693	8261	432	5
CN2000700000000	20	007	Barber County, KS	1998	NA	2493	2397	96	3.9
CN2000900000000	20	009	Barton County, KS	1998	NA	15048	14540	508	3.4
CN2001100000000	20	011	Bourbon County, KS	1998	NA	7034	6699	335	4.8
CN2001300000000	20	013	Brown County, KS	1998	NA	5723	5460	263	4.6
CN2001500000000	20	015	Butler County, KS	1998	NA	31861	30918	943	3
CN2001700000000	20	017	Chase County, KS	1998	NA	1539	1474	65	4.2
CN2001900000000	20	019	Chautauqua County, KS	1998	NA	1729	1628	101	5.8
CN2002100000000	20	021	Cherokee County, KS	1998	NA	10307	9718	589	5.7
CN2002300000000	20	023	Cheyenne County, KS	1998	NA	1587	1560	27	1.7
CN2002500000000	20	025	Clark County, KS	1998	NA	1356	1332	24	1.8
CN2002700000000	20	027	Clay County, KS	1998	NA	4753	4618	135	2.8
CN2002900000000	20	029	Cloud County, KS	1998	NA	4989	4836	153	3.1
CN2003100000000	20	031	Coffey County, KS	1998	NA	4221	3988	233	5.5
CN2003300000000	20	033	Comanche County, KS	1998	NA	1007	988	19	1.9
CN2003500000000	20	035	Cowley County, KS	1998	NA	17938	16967	971	5.4
CN2003700000000	20	037	Crawford County, KS	1998	NA	18197	17410	787	4.3
CN2003900000000	20	039	Decatur County, KS	1998	NA	1684	1638	46	2.7
CN2004100000000	20	041	Dickinson County, KS	1998	NA	10487	10171	316	3
CN2004300000000	20	043	Doniphan County, KS	1998	NA	4385	4142	243	5.5
CN2004500000000	20	045	Douglas County, KS	1998	NA	54754	52542	2212	4
CN2004700000000	20	047	Edwards County, KS	1998	NA	1753	1704	49	2.8
CN2004900000000	20	049	Elk County, KS	1998	NA	1314	1251	63	4.8
CN2005100000000	20	051	Ellis County, KS	1998	NA	17573	17089	484	2.8
CN2005300000000	20	053	Ellsworth County, KS	1998	NA	2855	2786	69	2.4
CN2005500000000	20	055	Finney County, KS	1998	NA	20039	19499	540	2.7
CN2005700000000	20	057	Ford County, KS	1998	NA	15905	15532	373	2.3
CN2005900000000	20	059	Franklin County, KS	1998	NA	13442	12797	645	4.8
CN2006100000000	20	061	Geary County, KS	1998	NA	10303	9636	667	6.5
CN2006300000000	20	063	Gove County, KS	1998	NA	1479	1439	40	2.7
CN2006500000000	20	065	Graham County, KS	1998	NA	1556	1511	45	2.9
CN2006700000000	20	067	Grant County, KS	1998	NA	4076	3921	155	3.8
CN2006900000000	20	069	Gray County, KS	1998	NA	3202	3130	72	2.2
CN2007100000000	20	071	Greeley County, KS	1998	NA	819	790	29	3.5
CN2007300000000	20	073	Greenwood County, KS	1998	NA	3244	3085	159	4.9
CN2007500000000	20	075	Hamilton County, KS	1998	NA	1256	1232	24	1.9
CN2007700000000	20	077	Harper County, KS	1998	NA	2997	2931	66	2.2
CN2007900000000	20	079	Harvey County, KS	1998	NA	17791	17342	449	2.5
CN2008100000000	20	081	Haskell County, KS	1998	NA	2086	2033	53	2.5
CN2008300000000	20	083	Hodgeman County, KS	1998	NA	1053	1032	21	2
CN2008500000000	20	085	Jackson County, KS	1998	NA	8431	8100	331	3.9
CN2008700000000	20	087	Jefferson County, KS	1998	NA	10340	9894	446	4.3
CN2008900000000	20	089	Jewell County, KS	1998	NA	2094	2042	52	2.5
CN2009100000000	20	091	Johnson County, KS	1998	NA	262724	256387	6337	2.4
CN2009300000000	20	093	Kearny County, KS	1998	NA	2164	2110	54	2.5
CN2009500000000	20	095	Kingman County, KS	1998	NA	4258	4136	122	2.9
CN2009700000000	20	097	Kiowa County, KS	1998	NA	1614	1579	35	2.2
CN2009900000000	20	099	Labette County, KS	1998	NA	11541	10978	563	4.9
CN2010100000000	20	101	Lane County, KS	1998	NA	1096	1066	30	2.7
CN2010300000000	20	103	Leavenworth County, KS	1998	NA	28976	27776	1200	4.1
CN2010500000000	20	105	Lincoln County, KS	1998	NA	1817	1764	53	2.9
CN2010700000000	20	107	Linn County, KS	1998	NA	3331	3051	280	8.4
CN2010900000000	20	109	Logan County, KS	1998	NA	1588	1551	37	2.3
CN2011100000000	20	111	Lyon County, KS	1998	NA	20037	19334	703	3.5
CN2011300000000	20	113	McPherson County, KS	1998	NA	16058	15642	416	2.6
CN2011500000000	20	115	Marion County, KS	1998	NA	6847	6690	157	2.3
CN2011700000000	20	117	Marshall County, KS	1998	NA	5946	5787	159	2.7
CN2011900000000	20	119	Meade County, KS	1998	NA	2167	2126	41	1.9
CN2012100000000	20	121	Miami County, KS	1998	NA	13995	13513	482	3.4
CN2012300000000	20	123	Mitchell County, KS	1998	NA	3785	3718	67	1.8
CN2012500000000	20	125	Montgomery County, KS	1998	NA	18679	17790	889	4.8
CN2012700000000	20	127	Morris County, KS	1998	NA	3123	3015	108	3.5
CN2012900000000	20	129	Morton County, KS	1998	NA	1884	1844	40	2.1
CN2013100000000	20	131	Nemaha County, KS	1998	NA	5520	5377	143	2.6
CN2013300000000	20	133	Neosho County, KS	1998	NA	8563	8195	368	4.3
CN2013500000000	20	135	Ness County, KS	1998	NA	1899	1837	62	3.3
CN2013700000000	20	137	Norton County, KS	1998	NA	3137	3076	61	1.9
CN2013900000000	20	139	Osage County, KS	1998	NA	9855	9314	541	5.5
CN2014100000000	20	141	Osborne County, KS	1998	NA	2307	2254	53	2.3
CN2014300000000	20	143	Ottawa County, KS	1998	NA	3129	3034	95	3
CN2014500000000	20	145	Pawnee County, KS	1998	NA	3784	3703	81	2.1
CN2014700000000	20	147	Phillips County, KS	1998	NA	3180	3089	91	2.9
CN2014900000000	20	149	Pottawatomie County, KS	1998	NA	11039	10698	341	3.1
CN2015100000000	20	151	Pratt County, KS	1998	NA	5012	4895	117	2.3
CN2015300000000	20	153	Rawlins County, KS	1998	NA	1508	1471	37	2.5
CN2015500000000	20	155	Reno County, KS	1998	NA	33076	31883	1193	3.6
CN2015700000000	20	157	Republic County, KS	1998	NA	3022	2949	73	2.4
CN2015900000000	20	159	Rice County, KS	1998	NA	4868	4668	200	4.1
CN2016100000000	20	161	Riley County, KS	1998	NA	31248	30080	1168	3.7
CN2016300000000	20	163	Rooks County, KS	1998	NA	2899	2794	105	3.6
CN2016500000000	20	165	Rush County, KS	1998	NA	1895	1838	57	3
CN2016700000000	20	167	Russell County, KS	1998	NA	3626	3508	118	3.3
CN2016900000000	20	169	Saline County, KS	1998	NA	30362	29397	965	3.2
CN2017100000000	20	171	Scott County, KS	1998	NA	2710	2649	61	2.3
CN2017300000000	20	173	Sedgwick County, KS	1998	NA	238228	230928	7300	3.1
CN2017500000000	20	175	Seward County, KS	1998	NA	10921	10600	321	2.9
CN2017700000000	20	177	Shawnee County, KS	1998	NA	90764	87020	3744	4.1
CN2017900000000	20	179	Sheridan County, KS	1998	NA	1480	1443	37	2.5
CN2018100000000	20	181	Sherman County, KS	1998	NA	4071	3986	85	2.1
CN2018300000000	20	183	Smith County, KS	1998	NA	2333	2287	46	2
CN2018500000000	20	185	Stafford County, KS	1998	NA	2456	2395	61	2.5
CN2018700000000	20	187	Stanton County, KS	1998	NA	1096	1075	21	1.9
CN2018900000000	20	189	Stevens County, KS	1998	NA	2815	2755	60	2.1
CN2019100000000	20	191	Sumner County, KS	1998	NA	13753	13386	367	2.7
CN2019300000000	20	193	Thomas County, KS	1998	NA	4637	4530	107	2.3
CN2019500000000	20	195	Trego County, KS	1998	NA	1908	1863	45	2.4
CN2019700000000	20	197	Wabaunsee County, KS	1998	NA	3511	3360	151	4.3
CN2019900000000	20	199	Wallace County, KS	1998	NA	856	840	16	1.9
CN2020100000000	20	201	Washington County, KS	1998	NA	3426	3324	102	3
CN2020300000000	20	203	Wichita County, KS	1998	NA	1235	1196	39	3.2
CN2020500000000	20	205	Wilson County, KS	1998	NA	5253	5025	228	4.3
CN2020700000000	20	207	Woodson County, KS	1998	NA	1585	1489	96	6.1
CN2020900000000	20	209	Wyandotte County, KS	1998	NA	77124	71548	5576	7.2
CN2100100000000	21	001	Adair County, KY	1998	NA	7883	6643	1240	15.7
CN2100300000000	21	003	Allen County, KY	1998	NA	8664	8300	364	4.2
CN2100500000000	21	005	Anderson County, KY	1998	NA	9816	9478	338	3.4
CN2100700000000	21	007	Ballard County, KY	1998	NA	4168	3931	237	5.7
CN2100900000000	21	009	Barren County, KY	1998	NA	18668	17871	797	4.3
CN2101100000000	21	011	Bath County, KY	1998	NA	5806	5496	310	5.3
CN2101300000000	21	013	Bell County, KY	1998	NA	9952	9325	627	6.3
CN2101500000000	21	015	Boone County, KY	1998	NA	44059	42809	1250	2.8
CN2101700000000	21	017	Bourbon County, KY	1998	NA	9959	9707	252	2.5
CN2101900000000	21	019	Boyd County, KY	1998	NA	22613	21193	1420	6.3
CN2102100000000	21	021	Boyle County, KY	1998	NA	14364	13906	458	3.2
CN2102300000000	21	023	Bracken County, KY	1998	NA	3874	3711	163	4.2
CN2102500000000	21	025	Breathitt County, KY	1998	NA	4184	3851	333	8
CN2102700000000	21	027	Breckinridge County, KY	1998	NA	7836	7400	436	5.6
CN2102900000000	21	029	Bullitt County, KY	1998	NA	32856	31920	936	2.8
CN2103100000000	21	031	Butler County, KY	1998	NA	5805	5442	363	6.3
CN2103300000000	21	033	Caldwell County, KY	1998	NA	6404	6064	340	5.3
CN2103500000000	21	035	Calloway County, KY	1998	NA	17837	16926	911	5.1
CN2103700000000	21	037	Campbell County, KY	1998	NA	45638	44052	1586	3.5
CN2103900000000	21	039	Carlisle County, KY	1998	NA	2697	2559	138	5.1
CN2104100000000	21	041	Carroll County, KY	1998	NA	5049	4781	268	5.3
CN2104300000000	21	043	Carter County, KY	1998	NA	11766	10426	1340	11.4
CN2104500000000	21	045	Casey County, KY	1998	NA	6996	6378	618	8.8
CN2104700000000	21	047	Christian County, KY	1998	NA	27345	26218	1127	4.1
CN2104900000000	21	049	Clark County, KY	1998	NA	16289	15742	547	3.4
CN2105100000000	21	051	Clay County, KY	1998	NA	7187	6691	496	6.9
CN2105300000000	21	053	Clinton County, KY	1998	NA	4590	4303	287	6.3
CN2105500000000	21	055	Crittenden County, KY	1998	NA	4068	3802	266	6.5
CN2105700000000	21	057	Cumberland County, KY	1998	NA	2772	2603	169	6.1
CN2105900000000	21	059	Daviess County, KY	1998	NA	49261	47021	2240	4.5
CN2106100000000	21	061	Edmonson County, KY	1998	NA	4925	4586	339	6.9
CN2106300000000	21	063	Elliott County, KY	1998	NA	2896	2494	402	13.9
CN2106500000000	21	065	Estill County, KY	1998	NA	5891	5555	336	5.7
CN2106700000000	21	067	Fayette County, KY	1998	NA	141904	139029	2875	2
CN2106900000000	21	069	Fleming County, KY	1998	NA	5986	5649	337	5.6
CN2107100000000	21	071	Floyd County, KY	1998	NA	13970	13029	941	6.7
CN2107300000000	21	073	Franklin County, KY	1998	NA	24688	23969	719	2.9
CN2107500000000	21	075	Fulton County, KY	1998	NA	3693	3332	361	9.8
CN2107700000000	21	077	Gallatin County, KY	1998	NA	3599	3460	139	3.9
CN2107900000000	21	079	Garrard County, KY	1998	NA	7296	7099	197	2.7
CN2108100000000	21	081	Grant County, KY	1998	NA	9990	9539	451	4.5
CN2108300000000	21	083	Graves County, KY	1998	NA	17260	16274	986	5.7
CN2108500000000	21	085	Grayson County, KY	1998	NA	12101	11380	721	6
CN2108700000000	21	087	Green County, KY	1998	NA	4731	3904	827	17.5
CN2108900000000	21	089	Greenup County, KY	1998	NA	16577	15579	998	6
CN2109100000000	21	091	Hancock County, KY	1998	NA	4054	3826	228	5.6
CN2109300000000	21	093	Hardin County, KY	1998	NA	36538	34707	1831	5
CN2109500000000	21	095	Harlan County, KY	1998	NA	9446	8290	1156	12.2
CN2109700000000	21	097	Harrison County, KY	1998	NA	7572	7258	314	4.1
CN2109900000000	21	099	Hart County, KY	1998	NA	8008	7589	419	5.2
CN2110100000000	21	101	Henderson County, KY	1998	NA	24120	22607	1513	6.3
CN2110300000000	21	103	Henry County, KY	1998	NA	6845	6545	300	4.4
CN2110500000000	21	105	Hickman County, KY	1998	NA	2472	2346	126	5.1
CN2110700000000	21	107	Hopkins County, KY	1998	NA	20009	19022	987	4.9
CN2110900000000	21	109	Jackson County, KY	1998	NA	6899	6591	308	4.5
CN2111100000000	21	111	Jefferson County, KY	1998	NA	372339	359083	13256	3.6
CN2111300000000	21	113	Jessamine County, KY	1998	NA	20496	20152	344	1.7
CN2111500000000	21	115	Johnson County, KY	1998	NA	9628	9010	618	6.4
CN2111700000000	21	117	Kenton County, KY	1998	NA	79335	76756	2579	3.3
CN2111900000000	21	119	Knott County, KY	1998	NA	5875	5502	373	6.3
CN2112100000000	21	121	Knox County, KY	1998	NA	11051	10373	678	6.1
CN2112300000000	21	123	Larue County, KY	1998	NA	6264	6010	254	4.1
CN2112500000000	21	125	Laurel County, KY	1998	NA	22410	21223	1187	5.3
CN2112700000000	21	127	Lawrence County, KY	1998	NA	5320	4794	526	9.9
CN2112900000000	21	129	Lee County, KY	1998	NA	2525	2371	154	6.1
CN2113100000000	21	131	Leslie County, KY	1998	NA	4528	4271	257	5.7
CN2113300000000	21	133	Letcher County, KY	1998	NA	7608	7034	574	7.5
CN2113500000000	21	135	Lewis County, KY	1998	NA	5103	4489	614	12
CN2113700000000	21	137	Lincoln County, KY	1998	NA	10951	10531	420	3.8
CN2113900000000	21	139	Livingston County, KY	1998	NA	4888	4603	285	5.8
CN2114100000000	21	141	Logan County, KY	1998	NA	13140	12653	487	3.7
CN2114300000000	21	143	Lyon County, KY	1998	NA	3328	3139	189	5.7
CN2114500000000	21	145	McCracken County, KY	1998	NA	33553	32072	1481	4.4
CN2114700000000	21	147	McCreary County, KY	1998	NA	6280	5753	527	8.4
CN2114900000000	21	149	McLean County, KY	1998	NA	4670	4340	330	7.1
CN2115100000000	21	151	Madison County, KY	1998	NA	35482	34612	870	2.5
CN2115300000000	21	153	Magoffin County, KY	1998	NA	5087	4400	687	13.5
CN2115500000000	21	155	Marion County, KY	1998	NA	10359	9712	647	6.2
CN2115700000000	21	157	Marshall County, KY	1998	NA	14609	13702	907	6.2
CN2115900000000	21	159	Martin County, KY	1998	NA	3005	2674	331	11
CN2116100000000	21	161	Mason County, KY	1998	NA	8477	8211	266	3.1
CN2116300000000	21	163	Meade County, KY	1998	NA	10788	10357	431	4
CN2116500000000	21	165	Menifee County, KY	1998	NA	2924	2725	199	6.8
CN2116700000000	21	167	Mercer County, KY	1998	NA	10899	10529	370	3.4
CN2116900000000	21	169	Metcalfe County, KY	1998	NA	4907	4676	231	4.7
CN2117100000000	21	171	Monroe County, KY	1998	NA	5158	4970	188	3.6
CN2117300000000	21	173	Montgomery County, KY	1998	NA	12480	11961	519	4.2
CN2117500000000	21	175	Morgan County, KY	1998	NA	5078	4655	423	8.3
CN2117700000000	21	177	Muhlenberg County, KY	1998	NA	12454	11542	912	7.3
CN2117900000000	21	179	Nelson County, KY	1998	NA	18647	17675	972	5.2
CN2118100000000	21	181	Nicholas County, KY	1998	NA	3263	3140	123	3.8
CN2118300000000	21	183	Ohio County, KY	1998	NA	10174	9417	757	7.4
CN2118500000000	21	185	Oldham County, KY	1998	NA	24238	23781	457	1.9
CN2118700000000	21	187	Owen County, KY	1998	NA	4371	4203	168	3.8
CN2118900000000	21	189	Owsley County, KY	1998	NA	1711	1629	82	4.8
CN2119100000000	21	191	Pendleton County, KY	1998	NA	6560	6315	245	3.7
CN2119300000000	21	193	Perry County, KY	1998	NA	11854	11059	795	6.7
CN2119500000000	21	195	Pike County, KY	1998	NA	27319	25534	1785	6.5
CN2119700000000	21	197	Powell County, KY	1998	NA	6614	6244	370	5.6
CN2119900000000	21	199	Pulaski County, KY	1998	NA	26164	24649	1515	5.8
CN2120100000000	21	201	Robertson County, KY	1998	NA	1004	961	43	4.3
CN2120300000000	21	203	Rockcastle County, KY	1998	NA	6122	5835	287	4.7
CN2120500000000	21	205	Rowan County, KY	1998	NA	9304	8964	340	3.7
CN2120700000000	21	207	Russell County, KY	1998	NA	6316	4672	1644	26
CN2120900000000	21	209	Scott County, KY	1998	NA	17205	16847	358	2.1
CN2121100000000	21	211	Shelby County, KY	1998	NA	17018	16644	374	2.2
CN2121300000000	21	213	Simpson County, KY	1998	NA	7893	7633	260	3.3
CN2121500000000	21	215	Spencer County, KY	1998	NA	4896	4747	149	3
CN2121700000000	21	217	Taylor County, KY	1998	NA	11358	8742	2616	23
CN2121900000000	21	219	Todd County, KY	1998	NA	5379	5199	180	3.3
CN2122100000000	21	221	Trigg County, KY	1998	NA	5773	5552	221	3.8
CN2122300000000	21	223	Trimble County, KY	1998	NA	3182	3035	147	4.6
CN2122500000000	21	225	Union County, KY	1998	NA	5806	5433	373	6.4
CN2122700000000	21	227	Warren County, KY	1998	NA	49152	47029	2123	4.3
CN2122900000000	21	229	Washington County, KY	1998	NA	6111	5908	203	3.3
CN2123100000000	21	231	Wayne County, KY	1998	NA	8155	7264	891	10.9
CN2123300000000	21	233	Webster County, KY	1998	NA	5583	5259	324	5.8
CN2123500000000	21	235	Whitley County, KY	1998	NA	13966	13187	779	5.6
CN2123700000000	21	237	Wolfe County, KY	1998	NA	3380	3220	160	4.7
CN2123900000000	21	239	Woodford County, KY	1998	NA	13375	13159	216	1.6
CN2200100000000	22	001	Acadia Parish, LA	1998	NA	23666	22256	1410	6
CN2200300000000	22	003	Allen Parish, LA	1998	NA	9064	8446	618	6.8
CN2200500000000	22	005	Ascension Parish, LA	1998	NA	33622	31997	1625	4.8
CN2200700000000	22	007	Assumption Parish, LA	1998	NA	9796	9262	534	5.5
CN2200900000000	22	009	Avoyelles Parish, LA	1998	NA	15981	14824	1157	7.2
CN2201100000000	22	011	Beauregard Parish, LA	1998	NA	12210	11349	861	7.1
CN2201300000000	22	013	Bienville Parish, LA	1998	NA	5562	4977	585	10.5
CN2201500000000	22	015	Bossier Parish, LA	1998	NA	45654	43170	2484	5.4
CN2201700000000	22	017	Caddo Parish, LA	1998	NA	118032	110809	7223	6.1
CN2201900000000	22	019	Calcasieu Parish, LA	1998	NA	89272	84625	4647	5.2
CN2202100000000	22	021	Caldwell Parish, LA	1998	NA	4069	3723	346	8.5
CN2202300000000	22	023	Cameron Parish, LA	1998	NA	4145	3973	172	4.1
CN2202500000000	22	025	Catahoula Parish, LA	1998	NA	4921	4433	488	9.9
CN2202700000000	22	027	Claiborne Parish, LA	1998	NA	5982	5507	475	7.9
CN2202900000000	22	029	Concordia Parish, LA	1998	NA	8558	7318	1240	14.5
CN2203100000000	22	031	De Soto Parish, LA	1998	NA	10911	10142	769	7
CN2203300000000	22	033	East Baton Rouge Parish, LA	1998	NA	205813	197323	8490	4.1
CN2203500000000	22	035	East Carroll Parish, LA	1998	NA	3118	2678	440	14.1
CN2203700000000	22	037	East Feliciana Parish, LA	1998	NA	7516	7078	438	5.8
CN2203900000000	22	039	Evangeline Parish, LA	1998	NA	12063	11421	642	5.3
CN2204100000000	22	041	Franklin Parish, LA	1998	NA	9786	8742	1044	10.7
CN2204300000000	22	043	Grant Parish, LA	1998	NA	6565	6050	515	7.8
CN2204500000000	22	045	Iberia Parish, LA	1998	NA	33871	31228	2643	7.8
CN2204700000000	22	047	Iberville Parish, LA	1998	NA	12417	11513	904	7.3
CN2204900000000	22	049	Jackson Parish, LA	1998	NA	6003	5621	382	6.4
CN2205100000000	22	051	Jefferson Parish, LA	1998	NA	244531	233127	11404	4.7
CN2205300000000	22	053	Jefferson Davis Parish, LA	1998	NA	11870	11145	725	6.1
CN2205500000000	22	055	Lafayette Parish, LA	1998	NA	98159	94196	3963	4
CN2205700000000	22	057	Lafourche Parish, LA	1998	NA	43036	41715	1321	3.1
CN2205900000000	22	059	LaSalle Parish, LA	1998	NA	5400	5056	344	6.4
CN2206100000000	22	061	Lincoln Parish, LA	1998	NA	18797	18282	515	2.7
CN2206300000000	22	063	Livingston Parish, LA	1998	NA	41890	39740	2150	5.1
CN2206500000000	22	065	Madison Parish, LA	1998	NA	5481	4812	669	12.2
CN2206700000000	22	067	Morehouse Parish, LA	1998	NA	12308	10872	1436	11.7
CN2206900000000	22	069	Natchitoches Parish, LA	1998	NA	17280	16226	1054	6.1
CN2207100000000	22	071	Orleans Parish, LA	1998	NA	209167	194813	14354	6.9
CN2207300000000	22	073	Ouachita Parish, LA	1998	NA	69087	65436	3651	5.3
CN2207500000000	22	075	Plaquemines Parish, LA	1998	NA	11198	10570	628	5.6
CN2207700000000	22	077	Pointe Coupee Parish, LA	1998	NA	9531	8835	696	7.3
CN2207900000000	22	079	Rapides Parish, LA	1998	NA	58752	55673	3079	5.2
CN2208100000000	22	081	Red River Parish, LA	1998	NA	3340	2902	438	13.1
CN2208300000000	22	083	Richland Parish, LA	1998	NA	8142	7324	818	10
CN2208500000000	22	085	Sabine Parish, LA	1998	NA	9122	8358	764	8.4
CN2208700000000	22	087	St. Bernard Parish, LA	1998	NA	32764	30838	1926	5.9
CN2208900000000	22	089	St. Charles Parish, LA	1998	NA	23885	22631	1254	5.3
CN2209100000000	22	091	St. Helena Parish, LA	1998	NA	3839	3608	231	6
CN2209300000000	22	093	St. James Parish, LA	1998	NA	8818	8129	689	7.8
CN2209500000000	22	095	St. John the Baptist Parish, LA	1998	NA	20332	18823	1509	7.4
CN2209700000000	22	097	St. Landry Parish, LA	1998	NA	32488	30098	2390	7.4
CN2209900000000	22	099	St. Martin Parish, LA	1998	NA	21871	20341	1530	7
CN2210100000000	22	101	St. Mary Parish, LA	1998	NA	25879	23934	1945	7.5
CN2210300000000	22	103	St. Tammany Parish, LA	1998	NA	94233	90315	3918	4.2
CN2210500000000	22	105	Tangipahoa Parish, LA	1998	NA	42940	39612	3328	7.8
CN2210700000000	22	107	Tensas Parish, LA	1998	NA	3096	2848	248	8
CN2210900000000	22	109	Terrebonne Parish, LA	1998	NA	49442	47758	1684	3.4
CN2211100000000	22	111	Union Parish, LA	1998	NA	11954	11318	636	5.3
CN2211300000000	22	113	Vermilion Parish, LA	1998	NA	23142	21547	1595	6.9
CN2211500000000	22	115	Vernon Parish, LA	1998	NA	17406	16335	1071	6.2
CN2211700000000	22	117	Washington Parish, LA	1998	NA	16471	15208	1263	7.7
CN2211900000000	22	119	Webster Parish, LA	1998	NA	19208	17602	1606	8.4
CN2212100000000	22	121	West Baton Rouge Parish, LA	1998	NA	9891	9415	476	4.8
CN2212300000000	22	123	West Carroll Parish, LA	1998	NA	5287	4597	690	13.1
CN2212500000000	22	125	West Feliciana Parish, LA	1998	NA	3686	3482	204	5.5
CN2212700000000	22	127	Winn Parish, LA	1998	NA	6585	6152	433	6.6
CN2300100000000	23	001	Androscoggin County, ME	1998	NA	57872	55065	2807	4.9
CN2300300000000	23	003	Aroostook County, ME	1998	NA	37222	34563	2659	7.1
CN2300500000000	23	005	Cumberland County, ME	1998	NA	139776	136296	3480	2.5
CN2300700000000	23	007	Franklin County, ME	1998	NA	14401	13412	989	6.9
CN2300900000000	23	009	Hancock County, ME	1998	NA	27265	25866	1399	5.1
CN2301100000000	23	011	Kennebec County, ME	1998	NA	58974	55811	3163	5.4
CN2301300000000	23	013	Knox County, ME	1998	NA	19833	19162	671	3.4
CN2301500000000	23	015	Lincoln County, ME	1998	NA	16971	16399	572	3.4
CN2301700000000	23	017	Oxford County, ME	1998	NA	26340	24722	1618	6.1
CN2301900000000	23	019	Penobscot County, ME	1998	NA	74997	71546	3451	4.6
CN2302100000000	23	021	Piscataquis County, ME	1998	NA	8279	7729	550	6.6
CN2302300000000	23	023	Sagadahoc County, ME	1998	NA	15483	14982	501	3.2
CN2302500000000	23	025	Somerset County, ME	1998	NA	25464	23512	1952	7.7
CN2302700000000	23	027	Waldo County, ME	1998	NA	20387	19329	1058	5.2
CN2302900000000	23	029	Washington County, ME	1998	NA	16227	14665	1562	9.6
CN2303100000000	23	031	York County, ME	1998	NA	93715	90752	2963	3.2
CN2400100000000	24	001	Allegany County, MD	1998	NA	32878	30027	2851	8.7
CN2400300000000	24	003	Anne Arundel County, MD	1998	NA	254320	245759	8561	3.4
CN2400500000000	24	005	Baltimore County, MD	1998	NA	394455	376425	18030	4.6
CN2400900000000	24	009	Calvert County, MD	1998	NA	37263	35969	1294	3.5
CN2401100000000	24	011	Caroline County, MD	1998	NA	16117	15431	686	4.3
CN2401300000000	24	013	Carroll County, MD	1998	NA	81401	78851	2550	3.1
CN2401500000000	24	015	Cecil County, MD	1998	NA	41340	38632	2708	6.6
CN2401700000000	24	017	Charles County, MD	1998	NA	60851	58950	1901	3.1
CN2401900000000	24	019	Dorchester County, MD	1998	NA	16119	14588	1531	9.5
CN2402100000000	24	021	Frederick County, MD	1998	NA	99226	96424	2802	2.8
CN2402300000000	24	023	Garrett County, MD	1998	NA	14438	12907	1531	10.6
CN2402500000000	24	025	Harford County, MD	1998	NA	113617	108588	5029	4.4
CN2402700000000	24	027	Howard County, MD	1998	NA	139352	135988	3364	2.4
CN2402900000000	24	029	Kent County, MD	1998	NA	10504	9884	620	5.9
CN2403100000000	24	031	Montgomery County, MD	1998	NA	469919	459322	10597	2.3
CN2403300000000	24	033	Prince George's County, MD	1998	NA	441370	422589	18781	4.3
CN2403500000000	24	035	Queen Anne's County, MD	1998	NA	20952	20175	777	3.7
CN2403700000000	24	037	St. Mary's County, MD	1998	NA	46596	44809	1787	3.8
CN2403900000000	24	039	Somerset County, MD	1998	NA	11959	10860	1099	9.2
CN2404100000000	24	041	Talbot County, MD	1998	NA	19022	18303	719	3.8
CN2404300000000	24	043	Washington County, MD	1998	NA	68864	65992	2872	4.2
CN2404500000000	24	045	Wicomico County, MD	1998	NA	49193	46602	2591	5.3
CN2404700000000	24	047	Worcester County, MD	1998	NA	25554	22998	2556	10
CN2451000000000	24	510	Baltimore city, MD	1998	NA	298875	272139	26736	8.9
CN2500100000000	25	001	Barnstable County, MA	1998	NA	107228	101993	5235	4.9
CN2500300000000	25	003	Berkshire County, MA	1998	NA	66490	63915	2575	3.9
CN2500500000000	25	005	Bristol County, MA	1998	NA	269394	256214	13180	4.9
CN2500700000000	25	007	Dukes County, MA	1998	NA	9443	9070	373	4
CN2500900000000	25	009	Essex County, MA	1998	NA	374401	360749	13652	3.6
CN2501100000000	25	011	Franklin County, MA	1998	NA	38572	37323	1249	3.2
CN2501300000000	25	013	Hampden County, MA	1998	NA	215204	206137	9067	4.2
CN2501500000000	25	015	Hampshire County, MA	1998	NA	82785	80548	2237	2.7
CN2501700000000	25	017	Middlesex County, MA	1998	NA	831440	811223	20217	2.4
CN2501900000000	25	019	Nantucket County/town, MA	1998	NA	6509	6398	111	1.7
CN2502100000000	25	021	Norfolk County, MA	1998	NA	365951	356979	8972	2.5
CN2502300000000	25	023	Plymouth County, MA	1998	NA	249306	240691	8615	3.5
CN2502500000000	25	025	Suffolk County, MA	1998	NA	346274	334257	12017	3.5
CN2502700000000	25	027	Worcester County, MA	1998	NA	377631	364944	12687	3.4
CN2600100000000	26	001	Alcona County, MI	1998	NA	5008	4676	332	6.6
CN2600300000000	26	003	Alger County, MI	1998	NA	4314	4099	215	5
CN2600500000000	26	005	Allegan County, MI	1998	NA	55523	54071	1452	2.6
CN2600700000000	26	007	Alpena County, MI	1998	NA	16108	15069	1039	6.5
CN2600900000000	26	009	Antrim County, MI	1998	NA	10269	9682	587	5.7
CN2601100000000	26	011	Arenac County, MI	1998	NA	6908	6430	478	6.9
CN2601300000000	26	013	Baraga County, MI	1998	NA	4304	4028	276	6.4
CN2601500000000	26	015	Barry County, MI	1998	NA	31722	30836	886	2.8
CN2601700000000	26	017	Bay County, MI	1998	NA	55217	52766	2451	4.4
CN2601900000000	26	019	Benzie County, MI	1998	NA	7684	7259	425	5.5
CN2602100000000	26	021	Berrien County, MI	1998	NA	82390	79039	3351	4.1
CN2602300000000	26	023	Branch County, MI	1998	NA	21379	20642	737	3.4
CN2602500000000	26	025	Calhoun County, MI	1998	NA	68448	65969	2479	3.6
CN2602700000000	26	027	Cass County, MI	1998	NA	26204	25337	867	3.3
CN2602900000000	26	029	Charlevoix County, MI	1998	NA	13907	13250	657	4.7
CN2603100000000	26	031	Cheboygan County, MI	1998	NA	12521	11307	1214	9.7
CN2603300000000	26	033	Chippewa County, MI	1998	NA	17509	16192	1317	7.5
CN2603500000000	26	035	Clare County, MI	1998	NA	10455	9701	754	7.2
CN2603700000000	26	037	Clinton County, MI	1998	NA	34123	33156	967	2.8
CN2603900000000	26	039	Crawford County, MI	1998	NA	5541	5228	313	5.6
CN2604100000000	26	041	Delta County, MI	1998	NA	18976	17834	1142	6
CN2604300000000	26	043	Dickinson County, MI	1998	NA	14111	13472	639	4.5
CN2604500000000	26	045	Eaton County, MI	1998	NA	55751	54201	1550	2.8
CN2604700000000	26	047	Emmet County, MI	1998	NA	17331	16139	1192	6.9
CN2604900000000	26	049	Genesee County, MI	1998	NA	200147	189522	10625	5.3
CN2605100000000	26	051	Gladwin County, MI	1998	NA	9153	8485	668	7.3
CN2605300000000	26	053	Gogebic County, MI	1998	NA	7975	7407	568	7.1
CN2605500000000	26	055	Grand Traverse County, MI	1998	NA	44980	43473	1507	3.4
CN2605700000000	26	057	Gratiot County, MI	1998	NA	19152	18254	898	4.7
CN2605900000000	26	059	Hillsdale County, MI	1998	NA	23512	22773	739	3.1
CN2606100000000	26	061	Houghton County, MI	1998	NA	17307	16449	858	5
CN2606300000000	26	063	Huron County, MI	1998	NA	18093	17392	701	3.9
CN2606500000000	26	065	Ingham County, MI	1998	NA	152983	148418	4565	3
CN2606700000000	26	067	Ionia County, MI	1998	NA	27357	26192	1165	4.3
CN2606900000000	26	069	Iosco County, MI	1998	NA	11673	10907	766	6.6
CN2607100000000	26	071	Iron County, MI	1998	NA	5557	5229	328	5.9
CN2607300000000	26	073	Isabella County, MI	1998	NA	31797	30905	892	2.8
CN2607500000000	26	075	Jackson County, MI	1998	NA	76046	73471	2575	3.4
CN2607700000000	26	077	Kalamazoo County, MI	1998	NA	127089	123960	3129	2.5
CN2607900000000	26	079	Kalkaska County, MI	1998	NA	7646	7177	469	6.1
CN2608100000000	26	081	Kent County, MI	1998	NA	318244	309793	8451	2.7
CN2608300000000	26	083	Keweenaw County, MI	1998	NA	851	776	75	8.8
CN2608500000000	26	085	Lake County, MI	1998	NA	3243	3002	241	7.4
CN2608700000000	26	087	Lapeer County, MI	1998	NA	43981	41779	2202	5
CN2608900000000	26	089	Leelanau County, MI	1998	NA	11062	10716	346	3.1
CN2609100000000	26	091	Lenawee County, MI	1998	NA	46975	45611	1364	2.9
CN2609300000000	26	093	Livingston County, MI	1998	NA	78823	76793	2030	2.6
CN2609500000000	26	095	Luce County, MI	1998	NA	2719	2519	200	7.4
CN2609700000000	26	097	Mackinac County, MI	1998	NA	7341	6683	658	9
CN2609900000000	26	099	Macomb County, MI	1998	NA	435607	419569	16038	3.7
CN2610100000000	26	101	Manistee County, MI	1998	NA	10322	9674	648	6.3
CN2610300000000	26	103	Marquette County, MI	1998	NA	31895	30409	1486	4.7
CN2610500000000	26	105	Mason County, MI	1998	NA	13965	13134	831	6
CN2610700000000	26	107	Mecosta County, MI	1998	NA	17840	17176	664	3.7
CN2610900000000	26	109	Menominee County, MI	1998	NA	12807	12162	645	5
CN2611100000000	26	111	Midland County, MI	1998	NA	42705	41500	1205	2.8
CN2611300000000	26	113	Missaukee County, MI	1998	NA	6442	6074	368	5.7
CN2611500000000	26	115	Monroe County, MI	1998	NA	72565	70493	2072	2.9
CN2611700000000	26	117	Montcalm County, MI	1998	NA	25588	24195	1393	5.4
CN2611900000000	26	119	Montmorency County, MI	1998	NA	3533	3150	383	10.8
CN2612100000000	26	121	Muskegon County, MI	1998	NA	82220	78910	3310	4
CN2612300000000	26	123	Newaygo County, MI	1998	NA	20577	19229	1348	6.6
CN2612500000000	26	125	Oakland County, MI	1998	NA	669232	649774	19458	2.9
CN2612700000000	26	127	Oceana County, MI	1998	NA	13916	12965	951	6.8
CN2612900000000	26	129	Ogemaw County, MI	1998	NA	8550	7979	571	6.7
CN2613100000000	26	131	Ontonagon County, MI	1998	NA	3070	2827	243	7.9
CN2613300000000	26	133	Osceola County, MI	1998	NA	10833	10225	608	5.6
CN2613500000000	26	135	Oscoda County, MI	1998	NA	3422	3172	250	7.3
CN2613700000000	26	137	Otsego County, MI	1998	NA	13122	12587	535	4.1
CN2613900000000	26	139	Ottawa County, MI	1998	NA	135832	132694	3138	2.3
CN2614100000000	26	141	Presque Isle County, MI	1998	NA	6156	5522	634	10.3
CN2614300000000	26	143	Roscommon County, MI	1998	NA	8009	7450	559	7
CN2614500000000	26	145	Saginaw County, MI	1998	NA	100799	96527	4272	4.2
CN2614700000000	26	147	St. Clair County, MI	1998	NA	79706	75594	4112	5.2
CN2614900000000	26	149	St. Joseph County, MI	1998	NA	32284	31281	1003	3.1
CN2615100000000	26	151	Sanilac County, MI	1998	NA	20977	19930	1047	5
CN2615300000000	26	153	Schoolcraft County, MI	1998	NA	4259	3880	379	8.9
CN2615500000000	26	155	Shiawassee County, MI	1998	NA	36400	34685	1715	4.7
CN2615700000000	26	157	Tuscola County, MI	1998	NA	27947	26596	1351	4.8
CN2615900000000	26	159	Van Buren County, MI	1998	NA	36715	35210	1505	4.1
CN2616100000000	26	161	Washtenaw County, MI	1998	NA	171763	168825	2938	1.7
CN2616300000000	26	163	Wayne County, MI	1998	NA	956875	909516	47359	4.9
CN2616500000000	26	165	Wexford County, MI	1998	NA	14423	13341	1082	7.5
CN2700100000000	27	001	Aitkin County, MN	1998	NA	6029	5548	481	8
CN2700300000000	27	003	Anoka County, MN	1998	NA	177898	174257	3641	2
CN2700500000000	27	005	Becker County, MN	1998	NA	13830	13016	814	5.9
CN2700700000000	27	007	Beltrami County, MN	1998	NA	19760	18818	942	4.8
CN2700900000000	27	009	Benton County, MN	1998	NA	20017	19344	673	3.4
CN2701100000000	27	011	Big Stone County, MN	1998	NA	2819	2715	104	3.7
CN2701300000000	27	013	Blue Earth County, MN	1998	NA	33516	32806	710	2.1
CN2701500000000	27	015	Brown County, MN	1998	NA	15090	14505	585	3.9
CN2701700000000	27	017	Carlton County, MN	1998	NA	15839	15077	762	4.8
CN2701900000000	27	019	Carver County, MN	1998	NA	39259	38506	753	1.9
CN2702100000000	27	021	Cass County, MN	1998	NA	12114	11403	711	5.9
CN2702300000000	27	023	Chippewa County, MN	1998	NA	7004	6710	294	4.2
CN2702500000000	27	025	Chisago County, MN	1998	NA	21153	20506	647	3.1
CN2702700000000	27	027	Clay County, MN	1998	NA	30087	29435	652	2.2
CN2702900000000	27	029	Clearwater County, MN	1998	NA	4047	3587	460	11.4
CN2703100000000	27	031	Cook County, MN	1998	NA	2968	2849	119	4
CN2703300000000	27	033	Cottonwood County, MN	1998	NA	5590	5295	295	5.3
CN2703500000000	27	035	Crow Wing County, MN	1998	NA	27448	26139	1309	4.8
CN2703700000000	27	037	Dakota County, MN	1998	NA	212447	208436	4011	1.9
CN2703900000000	27	039	Dodge County, MN	1998	NA	8967	8659	308	3.4
CN2704100000000	27	041	Douglas County, MN	1998	NA	16861	16322	539	3.2
CN2704300000000	27	043	Faribault County, MN	1998	NA	8047	7749	298	3.7
CN2704500000000	27	045	Fillmore County, MN	1998	NA	10074	9751	323	3.2
CN2704700000000	27	047	Freeborn County, MN	1998	NA	16612	16190	422	2.5
CN2704900000000	27	049	Goodhue County, MN	1998	NA	23800	23176	624	2.6
CN2705100000000	27	051	Grant County, MN	1998	NA	2822	2682	140	5
CN2705300000000	27	053	Hennepin County, MN	1998	NA	653431	640208	13223	2
CN2705500000000	27	055	Houston County, MN	1998	NA	11086	10783	303	2.7
CN2705700000000	27	057	Hubbard County, MN	1998	NA	8418	7980	438	5.2
CN2705900000000	27	059	Isanti County, MN	1998	NA	15680	15172	508	3.2
CN2706100000000	27	061	Itasca County, MN	1998	NA	19678	18323	1355	6.9
CN2706300000000	27	063	Jackson County, MN	1998	NA	6369	6164	205	3.2
CN2706500000000	27	065	Kanabec County, MN	1998	NA	7159	6711	448	6.3
CN2706700000000	27	067	Kandiyohi County, MN	1998	NA	21744	21090	654	3
CN2706900000000	27	069	Kittson County, MN	1998	NA	2305	2172	133	5.8
CN2707100000000	27	071	Koochiching County, MN	1998	NA	6577	6111	466	7.1
CN2707300000000	27	073	Lac qui Parle County, MN	1998	NA	3860	3748	112	2.9
CN2707500000000	27	075	Lake County, MN	1998	NA	5632	5397	235	4.2
CN2707700000000	27	077	Lake of the Woods County, MN	1998	NA	2514	2412	102	4.1
CN2707900000000	27	079	Le Sueur County, MN	1998	NA	14682	14194	488	3.3
CN2708100000000	27	081	Lincoln County, MN	1998	NA	3152	3049	103	3.3
CN2708300000000	27	083	Lyon County, MN	1998	NA	15152	14750	402	2.7
CN2708500000000	27	085	McLeod County, MN	1998	NA	21169	20546	623	2.9
CN2708700000000	27	087	Mahnomen County, MN	1998	NA	2244	2046	198	8.8
CN2708900000000	27	089	Marshall County, MN	1998	NA	4602	4171	431	9.4
CN2709100000000	27	091	Martin County, MN	1998	NA	11306	10929	377	3.3
CN2709300000000	27	093	Meeker County, MN	1998	NA	9531	9047	484	5.1
CN2709500000000	27	095	Mille Lacs County, MN	1998	NA	9265	8666	599	6.5
CN2709700000000	27	097	Morrison County, MN	1998	NA	15293	14402	891	5.8
CN2709900000000	27	099	Mower County, MN	1998	NA	19037	18629	408	2.1
CN2710100000000	27	101	Murray County, MN	1998	NA	4380	4188	192	4.4
CN2710300000000	27	103	Nicollet County, MN	1998	NA	18609	18284	325	1.7
CN2710500000000	27	105	Nobles County, MN	1998	NA	9693	9281	412	4.3
CN2710700000000	27	107	Norman County, MN	1998	NA	3423	3242	181	5.3
CN2710900000000	27	109	Olmsted County, MN	1998	NA	71231	70042	1189	1.7
CN2711100000000	27	111	Otter Tail County, MN	1998	NA	27417	26273	1144	4.2
CN2711300000000	27	113	Pennington County, MN	1998	NA	8124	7741	383	4.7
CN2711500000000	27	115	Pine County, MN	1998	NA	11285	10577	708	6.3
CN2711700000000	27	117	Pipestone County, MN	1998	NA	5108	4969	139	2.7
CN2711900000000	27	119	Polk County, MN	1998	NA	16843	16232	611	3.6
CN2712100000000	27	121	Pope County, MN	1998	NA	5577	5396	181	3.2
CN2712300000000	27	123	Ramsey County, MN	1998	NA	281652	275526	6126	2.2
CN2712500000000	27	125	Red Lake County, MN	1998	NA	1899	1736	163	8.6
CN2712700000000	27	127	Redwood County, MN	1998	NA	9149	8890	259	2.8
CN2712900000000	27	129	Renville County, MN	1998	NA	8303	7929	374	4.5
CN2713100000000	27	131	Rice County, MN	1998	NA	28812	27982	830	2.9
CN2713300000000	27	133	Rock County, MN	1998	NA	4740	4566	174	3.7
CN2713500000000	27	135	Roseau County, MN	1998	NA	9097	8742	355	3.9
CN2713700000000	27	137	St. Louis County, MN	1998	NA	103756	99546	4210	4.1
CN2713900000000	27	139	Scott County, MN	1998	NA	46978	45939	1039	2.2
CN2714100000000	27	141	Sherburne County, MN	1998	NA	32948	32071	877	2.7
CN2714300000000	27	143	Sibley County, MN	1998	NA	6667	6393	274	4.1
CN2714500000000	27	145	Stearns County, MN	1998	NA	75116	72796	2320	3.1
CN2714700000000	27	147	Steele County, MN	1998	NA	19674	19213	461	2.3
CN2714900000000	27	149	Stevens County, MN	1998	NA	5591	5447	144	2.6
CN2715100000000	27	151	Swift County, MN	1998	NA	5645	5469	176	3.1
CN2715300000000	27	153	Todd County, MN	1998	NA	9351	8839	512	5.5
CN2715500000000	27	155	Traverse County, MN	1998	NA	1854	1778	76	4.1
CN2715700000000	27	157	Wabasha County, MN	1998	NA	12429	12106	323	2.6
CN2715900000000	27	159	Wadena County, MN	1998	NA	7012	6664	348	5
CN2716100000000	27	161	Waseca County, MN	1998	NA	9685	9404	281	2.9
CN2716300000000	27	163	Washington County, MN	1998	NA	114926	112900	2026	1.8
CN2716500000000	27	165	Watonwan County, MN	1998	NA	5694	5527	167	2.9
CN2716700000000	27	167	Wilkin County, MN	1998	NA	3974	3889	85	2.1
CN2716900000000	27	169	Winona County, MN	1998	NA	28418	27764	654	2.3
CN2717100000000	27	171	Wright County, MN	1998	NA	47366	46024	1342	2.8
CN2717300000000	27	173	Yellow Medicine County, MN	1998	NA	5373	5178	195	3.6
CN2800100000000	28	001	Adams County, MS	1998	NA	14746	13541	1205	8.2
CN2800300000000	28	003	Alcorn County, MS	1998	NA	14676	13697	979	6.7
CN2800500000000	28	005	Amite County, MS	1998	NA	5610	5377	233	4.2
CN2800700000000	28	007	Attala County, MS	1998	NA	7678	6993	685	8.9
CN2800900000000	28	009	Benton County, MS	1998	NA	3293	3100	193	5.9
CN2801100000000	28	011	Bolivar County, MS	1998	NA	16815	15364	1451	8.6
CN2801300000000	28	013	Calhoun County, MS	1998	NA	6368	5980	388	6.1
CN2801500000000	28	015	Carroll County, MS	1998	NA	4321	4088	233	5.4
CN2801700000000	28	017	Chickasaw County, MS	1998	NA	7871	7173	698	8.9
CN2801900000000	28	019	Choctaw County, MS	1998	NA	2959	2764	195	6.6
CN2802100000000	28	021	Claiborne County, MS	1998	NA	3495	3128	367	10.5
CN2802300000000	28	023	Clarke County, MS	1998	NA	8652	8171	481	5.6
CN2802500000000	28	025	Clay County, MS	1998	NA	8931	8133	798	8.9
CN2802700000000	28	027	Coahoma County, MS	1998	NA	11719	10527	1192	10.2
CN2802900000000	28	029	Copiah County, MS	1998	NA	11140	10283	857	7.7
CN2803100000000	28	031	Covington County, MS	1998	NA	8339	7857	482	5.8
CN2803300000000	28	033	DeSoto County, MS	1998	NA	52957	51485	1472	2.8
CN2803500000000	28	035	Forrest County, MS	1998	NA	33688	32497	1191	3.5
CN2803700000000	28	037	Franklin County, MS	1998	NA	3306	3062	244	7.4
CN2803900000000	28	039	George County, MS	1998	NA	8218	7606	612	7.4
CN2804100000000	28	041	Greene County, MS	1998	NA	5376	4991	385	7.2
CN2804300000000	28	043	Grenada County, MS	1998	NA	10040	9463	577	5.7
CN2804500000000	28	045	Hancock County, MS	1998	NA	17334	16715	619	3.6
CN2804700000000	28	047	Harrison County, MS	1998	NA	83216	80037	3179	3.8
CN2804900000000	28	049	Hinds County, MS	1998	NA	128700	123543	5157	4
CN2805100000000	28	051	Holmes County, MS	1998	NA	7134	6343	791	11.1
CN2805300000000	28	053	Humphreys County, MS	1998	NA	4803	4282	521	10.8
CN2805500000000	28	055	Issaquena County, MS	1998	NA	674	585	89	13.2
CN2805700000000	28	057	Itawamba County, MS	1998	NA	11146	10550	596	5.3
CN2805900000000	28	059	Jackson County, MS	1998	NA	67151	64573	2578	3.8
CN2806100000000	28	061	Jasper County, MS	1998	NA	7892	7500	392	5
CN2806300000000	28	063	Jefferson County, MS	1998	NA	2455	2052	403	16.4
CN2806500000000	28	065	Jefferson Davis County, MS	1998	NA	4801	4300	501	10.4
CN2806700000000	28	067	Jones County, MS	1998	NA	30963	29947	1016	3.3
CN2806900000000	28	069	Kemper County, MS	1998	NA	4410	4005	405	9.2
CN2807100000000	28	071	Lafayette County, MS	1998	NA	17160	16835	325	1.9
CN2807300000000	28	073	Lamar County, MS	1998	NA	17391	16921	470	2.7
CN2807500000000	28	075	Lauderdale County, MS	1998	NA	34943	32980	1963	5.6
CN2807700000000	28	077	Lawrence County, MS	1998	NA	5321	5022	299	5.6
CN2807900000000	28	079	Leake County, MS	1998	NA	9796	9321	475	4.8
CN2808100000000	28	081	Lee County, MS	1998	NA	39352	37750	1602	4.1
CN2808300000000	28	083	Leflore County, MS	1998	NA	15280	13923	1357	8.9
CN2808500000000	28	085	Lincoln County, MS	1998	NA	13649	12976	673	4.9
CN2808700000000	28	087	Lowndes County, MS	1998	NA	27605	25522	2083	7.5
CN2808900000000	28	089	Madison County, MS	1998	NA	36938	35805	1133	3.1
CN2809100000000	28	091	Marion County, MS	1998	NA	10674	10047	627	5.9
CN2809300000000	28	093	Marshall County, MS	1998	NA	14073	13277	796	5.7
CN2809500000000	28	095	Monroe County, MS	1998	NA	15305	13747	1558	10.2
CN2809700000000	28	097	Montgomery County, MS	1998	NA	5422	5088	334	6.2
CN2809900000000	28	099	Neshoba County, MS	1998	NA	16355	15748	607	3.7
CN2810100000000	28	101	Newton County, MS	1998	NA	8517	8070	447	5.2
CN2810300000000	28	103	Noxubee County, MS	1998	NA	4480	4028	452	10.1
CN2810500000000	28	105	Oktibbeha County, MS	1998	NA	20667	20132	535	2.6
CN2810700000000	28	107	Panola County, MS	1998	NA	12725	11653	1072	8.4
CN2810900000000	28	109	Pearl River County, MS	1998	NA	19942	19116	826	4.1
CN2811100000000	28	111	Perry County, MS	1998	NA	4162	3877	285	6.8
CN2811300000000	28	113	Pike County, MS	1998	NA	16405	15611	794	4.8
CN2811500000000	28	115	Pontotoc County, MS	1998	NA	13147	12647	500	3.8
CN2811700000000	28	117	Prentiss County, MS	1998	NA	12233	11345	888	7.3
CN2811900000000	28	119	Quitman County, MS	1998	NA	3266	2920	346	10.6
CN2812100000000	28	121	Rankin County, MS	1998	NA	60078	58761	1317	2.2
CN2812300000000	28	123	Scott County, MS	1998	NA	11914	11410	504	4.2
CN2812500000000	28	125	Sharkey County, MS	1998	NA	2548	2219	329	12.9
CN2812700000000	28	127	Simpson County, MS	1998	NA	10568	9558	1010	9.6
CN2812900000000	28	129	Smith County, MS	1998	NA	6026	5802	224	3.7
CN2813100000000	28	131	Stone County, MS	1998	NA	5276	5017	259	4.9
CN2813300000000	28	133	Sunflower County, MS	1998	NA	10595	9362	1233	11.6
CN2813500000000	28	135	Tallahatchie County, MS	1998	NA	5272	4631	641	12.2
CN2813700000000	28	137	Tate County, MS	1998	NA	10525	10069	456	4.3
CN2813900000000	28	139	Tippah County, MS	1998	NA	10412	9767	645	6.2
CN2814100000000	28	141	Tishomingo County, MS	1998	NA	9228	8204	1024	11.1
CN2814300000000	28	143	Tunica County, MS	1998	NA	5084	4705	379	7.5
CN2814500000000	28	145	Union County, MS	1998	NA	12144	11690	454	3.7
CN2814700000000	28	147	Walthall County, MS	1998	NA	5921	5568	353	6
CN2814900000000	28	149	Warren County, MS	1998	NA	26191	24908	1283	4.9
CN2815100000000	28	151	Washington County, MS	1998	NA	28428	25854	2574	9.1
CN2815300000000	28	153	Wayne County, MS	1998	NA	8773	8197	576	6.6
CN2815500000000	28	155	Webster County, MS	1998	NA	4494	4291	203	4.5
CN2815700000000	28	157	Wilkinson County, MS	1998	NA	3337	3000	337	10.1
CN2815900000000	28	159	Winston County, MS	1998	NA	7764	7188	576	7.4
CN2816100000000	28	161	Yalobusha County, MS	1998	NA	4984	4697	287	5.8
CN2816300000000	28	163	Yazoo County, MS	1998	NA	9549	8781	768	8
CN2900100000000	29	001	Adair County, MO	1998	NA	14283	13922	361	2.5
CN2900300000000	29	003	Andrew County, MO	1998	NA	8289	7983	306	3.7
CN2900500000000	29	005	Atchison County, MO	1998	NA	3295	3223	72	2.2
CN2900700000000	29	007	Audrain County, MO	1998	NA	13229	12780	449	3.4
CN2900900000000	29	009	Barry County, MO	1998	NA	15355	14620	735	4.8
CN2901100000000	29	011	Barton County, MO	1998	NA	7263	7045	218	3
CN2901300000000	29	013	Bates County, MO	1998	NA	7498	7071	427	5.7
CN2901500000000	29	015	Benton County, MO	1998	NA	6167	5763	404	6.6
CN2901700000000	29	017	Bollinger County, MO	1998	NA	5360	5062	298	5.6
CN2901900000000	29	019	Boone County, MO	1998	NA	84689	83410	1279	1.5
CN2902100000000	29	021	Buchanan County, MO	1998	NA	42054	40010	2044	4.9
CN2902300000000	29	023	Butler County, MO	1998	NA	20084	19117	967	4.8
CN2902500000000	29	025	Caldwell County, MO	1998	NA	3298	3053	245	7.4
CN2902700000000	29	027	Callaway County, MO	1998	NA	21750	20970	780	3.6
CN2902900000000	29	029	Camden County, MO	1998	NA	17204	16280	924	5.4
CN2903100000000	29	031	Cape Girardeau County, MO	1998	NA	37385	36062	1323	3.5
CN2903300000000	29	033	Carroll County, MO	1998	NA	4941	4682	259	5.2
CN2903500000000	29	035	Carter County, MO	1998	NA	2807	2659	148	5.3
CN2903700000000	29	037	Cass County, MO	1998	NA	44496	43124	1372	3.1
CN2903900000000	29	039	Cedar County, MO	1998	NA	5537	5295	242	4.4
CN2904100000000	29	041	Chariton County, MO	1998	NA	3964	3750	214	5.4
CN2904300000000	29	043	Christian County, MO	1998	NA	27269	26312	957	3.5
CN2904500000000	29	045	Clark County, MO	1998	NA	3670	3459	211	5.7
CN2904700000000	29	047	Clay County, MO	1998	NA	105578	102691	2887	2.7
CN2904900000000	29	049	Clinton County, MO	1998	NA	9721	9354	367	3.8
CN2905100000000	29	051	Cole County, MO	1998	NA	40499	39507	992	2.4
CN2905300000000	29	053	Cooper County, MO	1998	NA	8632	8299	333	3.9
CN2905500000000	29	055	Crawford County, MO	1998	NA	10307	9647	660	6.4
CN2905700000000	29	057	Dade County, MO	1998	NA	3428	3259	169	4.9
CN2905900000000	29	059	Dallas County, MO	1998	NA	6623	6307	316	4.8
CN2906100000000	29	061	Daviess County, MO	1998	NA	3705	3533	172	4.6
CN2906300000000	29	063	DeKalb County, MO	1998	NA	4847	4659	188	3.9
CN2906500000000	29	065	Dent County, MO	1998	NA	6845	6431	414	6
CN2906700000000	29	067	Douglas County, MO	1998	NA	5679	5260	419	7.4
CN2906900000000	29	069	Dunklin County, MO	1998	NA	15007	14011	996	6.6
CN2907100000000	29	071	Franklin County, MO	1998	NA	47572	45441	2131	4.5
CN2907300000000	29	073	Gasconade County, MO	1998	NA	7826	7503	323	4.1
CN2907500000000	29	075	Gentry County, MO	1998	NA	3650	3539	111	3
CN2907700000000	29	077	Greene County, MO	1998	NA	126141	122355	3786	3
CN2907900000000	29	079	Grundy County, MO	1998	NA	4922	4729	193	3.9
CN2908100000000	29	081	Harrison County, MO	1998	NA	4418	4279	139	3.1
CN2908300000000	29	083	Henry County, MO	1998	NA	10468	9986	482	4.6
CN2908500000000	29	085	Hickory County, MO	1998	NA	2786	2568	218	7.8
CN2908700000000	29	087	Holt County, MO	1998	NA	2669	2568	101	3.8
CN2908900000000	29	089	Howard County, MO	1998	NA	4833	4657	176	3.6
CN2909100000000	29	091	Howell County, MO	1998	NA	17983	17033	950	5.3
CN2909300000000	29	093	Iron County, MO	1998	NA	4419	4067	352	8
CN2909500000000	29	095	Jackson County, MO	1998	NA	366393	350741	15652	4.3
CN2909700000000	29	097	Jasper County, MO	1998	NA	56221	54133	2088	3.7
CN2909900000000	29	099	Jefferson County, MO	1998	NA	103977	99695	4282	4.1
CN2910100000000	29	101	Johnson County, MO	1998	NA	23781	23205	576	2.4
CN2910300000000	29	103	Knox County, MO	1998	NA	2017	1942	75	3.7
CN2910500000000	29	105	Laclede County, MO	1998	NA	16296	15380	916	5.6
CN2910700000000	29	107	Lafayette County, MO	1998	NA	16625	15959	666	4
CN2910900000000	29	109	Lawrence County, MO	1998	NA	15794	15031	763	4.8
CN2911100000000	29	111	Lewis County, MO	1998	NA	5736	5525	211	3.7
CN2911300000000	29	113	Lincoln County, MO	1998	NA	18441	17582	859	4.7
CN2911500000000	29	115	Linn County, MO	1998	NA	6637	6131	506	7.6
CN2911700000000	29	117	Livingston County, MO	1998	NA	7610	7349	261	3.4
CN2911900000000	29	119	McDonald County, MO	1998	NA	8833	8398	435	4.9
CN2912100000000	29	121	Macon County, MO	1998	NA	7690	7272	418	5.4
CN2912300000000	29	123	Madison County, MO	1998	NA	4594	4296	298	6.5
CN2912500000000	29	125	Maries County, MO	1998	NA	4553	4372	181	4
CN2912700000000	29	127	Marion County, MO	1998	NA	16008	15279	729	4.6
CN2912900000000	29	129	Mercer County, MO	1998	NA	1622	1571	51	3.1
CN2913100000000	29	131	Miller County, MO	1998	NA	11756	11000	756	6.4
CN2913300000000	29	133	Mississippi County, MO	1998	NA	6166	5677	489	7.9
CN2913500000000	29	135	Moniteau County, MO	1998	NA	7478	7218	260	3.5
CN2913700000000	29	137	Monroe County, MO	1998	NA	4445	4200	245	5.5
CN2913900000000	29	139	Montgomery County, MO	1998	NA	6026	5630	396	6.6
CN2914100000000	29	141	Morgan County, MO	1998	NA	8628	8168	460	5.3
CN2914300000000	29	143	New Madrid County, MO	1998	NA	8966	8283	683	7.6
CN2914500000000	29	145	Newton County, MO	1998	NA	28306	27009	1297	4.6
CN2914700000000	29	147	Nodaway County, MO	1998	NA	12981	12788	193	1.5
CN2914900000000	29	149	Oregon County, MO	1998	NA	4487	4276	211	4.7
CN2915100000000	29	151	Osage County, MO	1998	NA	7432	7196	236	3.2
CN2915300000000	29	153	Ozark County, MO	1998	NA	4251	3988	263	6.2
CN2915500000000	29	155	Pemiscot County, MO	1998	NA	8660	7859	801	9.2
CN2915700000000	29	157	Perry County, MO	1998	NA	11129	10832	297	2.7
CN2915900000000	29	159	Pettis County, MO	1998	NA	22124	21136	988	4.5
CN2916100000000	29	161	Phelps County, MO	1998	NA	20223	19572	651	3.2
CN2916300000000	29	163	Pike County, MO	1998	NA	7979	7574	405	5.1
CN2916500000000	29	165	Platte County, MO	1998	NA	43537	42459	1078	2.5
CN2916700000000	29	167	Polk County, MO	1998	NA	12376	11839	537	4.3
CN2916900000000	29	169	Pulaski County, MO	1998	NA	12342	11645	697	5.6
CN2917100000000	29	171	Putnam County, MO	1998	NA	1959	1866	93	4.7
CN2917300000000	29	173	Ralls County, MO	1998	NA	5397	5148	249	4.6
CN2917500000000	29	175	Randolph County, MO	1998	NA	10799	10208	591	5.5
CN2917700000000	29	177	Ray County, MO	1998	NA	11547	11022	525	4.5
CN2917900000000	29	179	Reynolds County, MO	1998	NA	3363	3193	170	5.1
CN2918100000000	29	181	Ripley County, MO	1998	NA	5475	5204	271	4.9
CN2918300000000	29	183	St. Charles County, MO	1998	NA	156993	152577	4416	2.8
CN2918500000000	29	185	St. Clair County, MO	1998	NA	3926	3727	199	5.1
CN2918600000000	29	186	Ste. Genevieve County, MO	1998	NA	9128	8753	375	4.1
CN2918700000000	29	187	St. Francois County, MO	1998	NA	25816	24221	1595	6.2
CN2918900000000	29	189	St. Louis County, MO	1998	NA	559055	540778	18277	3.3
CN2919500000000	29	195	Saline County, MO	1998	NA	12197	11776	421	3.5
CN2919700000000	29	197	Schuyler County, MO	1998	NA	2487	2386	101	4.1
CN2919900000000	29	199	Scotland County, MO	1998	NA	2150	2071	79	3.7
CN2920100000000	29	201	Scott County, MO	1998	NA	20436	19396	1040	5.1
CN2920300000000	29	203	Shannon County, MO	1998	NA	4126	3864	262	6.3
CN2920500000000	29	205	Shelby County, MO	1998	NA	3543	3396	147	4.1
CN2920700000000	29	207	Stoddard County, MO	1998	NA	13434	12433	1001	7.5
CN2920900000000	29	209	Stone County, MO	1998	NA	14053	12458	1595	11.3
CN2921100000000	29	211	Sullivan County, MO	1998	NA	4136	4022	114	2.8
CN2921300000000	29	213	Taney County, MO	1998	NA	30265	27628	2637	8.7
CN2921500000000	29	215	Texas County, MO	1998	NA	9351	8581	770	8.2
CN2921700000000	29	217	Vernon County, MO	1998	NA	9230	8865	365	4
CN2921900000000	29	219	Warren County, MO	1998	NA	12519	11939	580	4.6
CN2922100000000	29	221	Washington County, MO	1998	NA	10064	9269	795	7.9
CN2922300000000	29	223	Wayne County, MO	1998	NA	3485	3128	357	10.2
CN2922500000000	29	225	Webster County, MO	1998	NA	14149	13639	510	3.6
CN2922700000000	29	227	Worth County, MO	1998	NA	895	847	48	5.4
CN2922900000000	29	229	Wright County, MO	1998	NA	7121	6627	494	6.9
CN2951000000000	29	510	St. Louis city, MO	1998	NA	158952	146410	12542	7.9
CN3000100000000	30	001	Beaverhead County, MT	1998	NA	5120	4891	229	4.5
CN3000300000000	30	003	Big Horn County, MT	1998	NA	5183	4721	462	8.9
CN3000500000000	30	005	Blaine County, MT	1998	NA	2913	2648	265	9.1
CN3000700000000	30	007	Broadwater County, MT	1998	NA	2125	2006	119	5.6
CN3000900000000	30	009	Carbon County, MT	1998	NA	4713	4432	281	6
CN3001100000000	30	011	Carter County, MT	1998	NA	1000	969	31	3.1
CN3001300000000	30	013	Cascade County, MT	1998	NA	37927	35858	2069	5.5
CN3001500000000	30	015	Chouteau County, MT	1998	NA	2817	2729	88	3.1
CN3001700000000	30	017	Custer County, MT	1998	NA	6155	5858	297	4.8
CN3001900000000	30	019	Daniels County, MT	1998	NA	1313	1277	36	2.7
CN3002100000000	30	021	Dawson County, MT	1998	NA	4918	4715	203	4.1
CN3002300000000	30	023	Deer Lodge County, MT	1998	NA	3886	3601	285	7.3
CN3002500000000	30	025	Fallon County, MT	1998	NA	1724	1666	58	3.4
CN3002700000000	30	027	Fergus County, MT	1998	NA	6320	5920	400	6.3
CN3002900000000	30	029	Flathead County, MT	1998	NA	37797	34845	2952	7.8
CN3003100000000	30	031	Gallatin County, MT	1998	NA	40184	38947	1237	3.1
CN3003300000000	30	033	Garfield County, MT	1998	NA	961	925	36	3.7
CN3003500000000	30	035	Glacier County, MT	1998	NA	5599	4804	795	14.2
CN3003700000000	30	037	Golden Valley County, MT	1998	NA	524	490	34	6.5
CN3003900000000	30	039	Granite County, MT	1998	NA	1201	1095	106	8.8
CN3004100000000	30	041	Hill County, MT	1998	NA	9146	8588	558	6.1
CN3004300000000	30	043	Jefferson County, MT	1998	NA	5021	4783	238	4.7
CN3004500000000	30	045	Judith Basin County, MT	1998	NA	1144	1094	50	4.4
CN3004700000000	30	047	Lake County, MT	1998	NA	11169	10354	815	7.3
CN3004900000000	30	049	Lewis and Clark County, MT	1998	NA	27826	26505	1321	4.7
CN3005100000000	30	051	Liberty County, MT	1998	NA	1143	1105	38	3.3
CN3005300000000	30	053	Lincoln County, MT	1998	NA	7353	6403	950	12.9
CN3005500000000	30	055	McCone County, MT	1998	NA	1241	1194	47	3.8
CN3005700000000	30	057	Madison County, MT	1998	NA	3735	3575	160	4.3
CN3005900000000	30	059	Meagher County, MT	1998	NA	995	942	53	5.3
CN3006100000000	30	061	Mineral County, MT	1998	NA	1698	1516	182	10.7
CN3006300000000	30	063	Missoula County, MT	1998	NA	51601	49436	2165	4.2
CN3006500000000	30	065	Musselshell County, MT	1998	NA	1946	1804	142	7.3
CN3006700000000	30	067	Park County, MT	1998	NA	10480	9910	570	5.4
CN3006900000000	30	069	Petroleum County, MT	1998	NA	321	304	17	5.3
CN3007100000000	30	071	Phillips County, MT	1998	NA	2482	2272	210	8.5
CN3007300000000	30	073	Pondera County, MT	1998	NA	3331	3159	172	5.2
CN3007500000000	30	075	Powder River County, MT	1998	NA	1292	1248	44	3.4
CN3007700000000	30	077	Powell County, MT	1998	NA	2498	2365	133	5.3
CN3007900000000	30	079	Prairie County, MT	1998	NA	681	638	43	6.3
CN3008100000000	30	081	Ravalli County, MT	1998	NA	16848	15670	1178	7
CN3008300000000	30	083	Richland County, MT	1998	NA	5625	5284	341	6.1
CN3008500000000	30	085	Roosevelt County, MT	1998	NA	4083	3714	369	9
CN3008700000000	30	087	Rosebud County, MT	1998	NA	4279	3924	355	8.3
CN3008900000000	30	089	Sanders County, MT	1998	NA	4033	3613	420	10.4
CN3009100000000	30	091	Sheridan County, MT	1998	NA	2142	2042	100	4.7
CN3009300000000	30	093	Silver Bow County, MT	1998	NA	17773	16752	1021	5.7
CN3009500000000	30	095	Stillwater County, MT	1998	NA	4156	3959	197	4.7
CN3009700000000	30	097	Sweet Grass County, MT	1998	NA	1773	1694	79	4.5
CN3009900000000	30	099	Teton County, MT	1998	NA	3250	3126	124	3.8
CN3010100000000	30	101	Toole County, MT	1998	NA	2852	2748	104	3.6
CN3010300000000	30	103	Treasure County, MT	1998	NA	473	448	25	5.3
CN3010500000000	30	105	Valley County, MT	1998	NA	4426	4234	192	4.3
CN3010700000000	30	107	Wheatland County, MT	1998	NA	1367	1274	93	6.8
CN3010900000000	30	109	Wibaux County, MT	1998	NA	600	563	37	6.2
CN3011100000000	30	111	Yellowstone County, MT	1998	NA	69240	66232	3008	4.3
CN3100100000000	31	001	Adams County, NE	1998	NA	15944	15619	325	2
CN3100300000000	31	003	Antelope County, NE	1998	NA	3031	2926	105	3.5
CN3100500000000	31	005	Arthur County, NE	1998	NA	207	203	4	1.9
CN3100700000000	31	007	Banner County, NE	1998	NA	447	436	11	2.5
CN3100900000000	31	009	Blaine County, NE	1998	NA	366	358	8	2.2
CN3101100000000	31	011	Boone County, NE	1998	NA	2899	2831	68	2.3
CN3101300000000	31	013	Box Butte County, NE	1998	NA	6659	6340	319	4.8
CN3101500000000	31	015	Boyd County, NE	1998	NA	1111	1083	28	2.5
CN3101700000000	31	017	Brown County, NE	1998	NA	1769	1719	50	2.8
CN3101900000000	31	019	Buffalo County, NE	1998	NA	24497	23835	662	2.7
CN3102100000000	31	021	Burt County, NE	1998	NA	3612	3483	129	3.6
CN3102300000000	31	023	Butler County, NE	1998	NA	4273	4153	120	2.8
CN3102500000000	31	025	Cass County, NE	1998	NA	13023	12717	306	2.3
CN3102700000000	31	027	Cedar County, NE	1998	NA	4817	4687	130	2.7
CN3102900000000	31	029	Chase County, NE	1998	NA	1927	1890	37	1.9
CN3103100000000	31	031	Cherry County, NE	1998	NA	3327	3249	78	2.3
CN3103300000000	31	033	Cheyenne County, NE	1998	NA	5225	5118	107	2
CN3103500000000	31	035	Clay County, NE	1998	NA	3526	3453	73	2.1
CN3103700000000	31	037	Colfax County, NE	1998	NA	5093	4958	135	2.7
CN3103900000000	31	039	Cuming County, NE	1998	NA	5253	5157	96	1.8
CN3104100000000	31	041	Custer County, NE	1998	NA	5514	5411	103	1.9
CN3104300000000	31	043	Dakota County, NE	1998	NA	10563	10260	303	2.9
CN3104500000000	31	045	Dawes County, NE	1998	NA	4727	4563	164	3.5
CN3104700000000	31	047	Dawson County, NE	1998	NA	13188	12818	370	2.8
CN3104900000000	31	049	Deuel County, NE	1998	NA	906	880	26	2.9
CN3105100000000	31	051	Dixon County, NE	1998	NA	2504	2436	68	2.7
CN3105300000000	31	053	Dodge County, NE	1998	NA	19734	19162	572	2.9
CN3105500000000	31	055	Douglas County, NE	1998	NA	259538	252991	6547	2.5
CN3105700000000	31	057	Dundy County, NE	1998	NA	1097	1079	18	1.6
CN3105900000000	31	059	Fillmore County, NE	1998	NA	3111	3055	56	1.8
CN3106100000000	31	061	Franklin County, NE	1998	NA	1634	1593	41	2.5
CN3106300000000	31	063	Frontier County, NE	1998	NA	1540	1499	41	2.7
CN3106500000000	31	065	Furnas County, NE	1998	NA	2563	2519	44	1.7
CN3106700000000	31	067	Gage County, NE	1998	NA	12747	12500	247	1.9
CN3106900000000	31	069	Garden County, NE	1998	NA	1064	1040	24	2.3
CN3107100000000	31	071	Garfield County, NE	1998	NA	1037	1010	27	2.6
CN3107300000000	31	073	Gosper County, NE	1998	NA	1365	1344	21	1.5
CN3107500000000	31	075	Grant County, NE	1998	NA	371	364	7	1.9
CN3107700000000	31	077	Greeley County, NE	1998	NA	1536	1491	45	2.9
CN3107900000000	31	079	Hall County, NE	1998	NA	31653	30841	812	2.6
CN3108100000000	31	081	Hamilton County, NE	1998	NA	5508	5410	98	1.8
CN3108300000000	31	083	Harlan County, NE	1998	NA	1759	1715	44	2.5
CN3108500000000	31	085	Hayes County, NE	1998	NA	505	484	21	4.2
CN3108700000000	31	087	Hitchcock County, NE	1998	NA	1616	1570	46	2.8
CN3108900000000	31	089	Holt County, NE	1998	NA	6468	6284	184	2.8
CN3109100000000	31	091	Hooker County, NE	1998	NA	394	383	11	2.8
CN3109300000000	31	093	Howard County, NE	1998	NA	3572	3480	92	2.6
CN3109500000000	31	095	Jefferson County, NE	1998	NA	4038	3951	87	2.2
CN3109700000000	31	097	Johnson County, NE	1998	NA	1892	1778	114	6
CN3109900000000	31	099	Kearney County, NE	1998	NA	3699	3632	67	1.8
CN3110100000000	31	101	Keith County, NE	1998	NA	4535	4406	129	2.8
CN3110300000000	31	103	Keya Paha County, NE	1998	NA	447	438	9	2
CN3110500000000	31	105	Kimball County, NE	1998	NA	2004	1964	40	2
CN3110700000000	31	107	Knox County, NE	1998	NA	4762	4610	152	3.2
CN3110900000000	31	109	Lancaster County, NE	1998	NA	145213	142137	3076	2.1
CN3111100000000	31	111	Lincoln County, NE	1998	NA	18715	18077	638	3.4
CN3111300000000	31	113	Logan County, NE	1998	NA	472	462	10	2.1
CN3111500000000	31	115	Loup County, NE	1998	NA	384	374	10	2.6
CN3111700000000	31	117	McPherson County, NE	1998	NA	328	324	4	1.2
CN3111900000000	31	119	Madison County, NE	1998	NA	20786	19977	809	3.9
CN3112100000000	31	121	Merrick County, NE	1998	NA	4686	4588	98	2.1
CN3112300000000	31	123	Morrill County, NE	1998	NA	2747	2645	102	3.7
CN3112500000000	31	125	Nance County, NE	1998	NA	1738	1691	47	2.7
CN3112700000000	31	127	Nemaha County, NE	1998	NA	4162	3970	192	4.6
CN3112900000000	31	129	Nuckolls County, NE	1998	NA	2291	2241	50	2.2
CN3113100000000	31	131	Otoe County, NE	1998	NA	7853	7628	225	2.9
CN3113300000000	31	133	Pawnee County, NE	1998	NA	1532	1488	44	2.9
CN3113500000000	31	135	Perkins County, NE	1998	NA	1499	1461	38	2.5
CN3113700000000	31	137	Phelps County, NE	1998	NA	5130	5016	114	2.2
CN3113900000000	31	139	Pierce County, NE	1998	NA	4166	4068	98	2.4
CN3114100000000	31	141	Platte County, NE	1998	NA	17907	17298	609	3.4
CN3114300000000	31	143	Polk County, NE	1998	NA	2370	2321	49	2.1
CN3114500000000	31	145	Red Willow County, NE	1998	NA	5942	5777	165	2.8
CN3114700000000	31	147	Richardson County, NE	1998	NA	4467	4234	233	5.2
CN3114900000000	31	149	Rock County, NE	1998	NA	914	883	31	3.4
CN3115100000000	31	151	Saline County, NE	1998	NA	7055	6944	111	1.6
CN3115300000000	31	153	Sarpy County, NE	1998	NA	61400	60328	1072	1.7
CN3115500000000	31	155	Saunders County, NE	1998	NA	10611	10349	262	2.5
CN3115700000000	31	157	Scotts Bluff County, NE	1998	NA	18340	17545	795	4.3
CN3115900000000	31	159	Seward County, NE	1998	NA	9370	9138	232	2.5
CN3116100000000	31	161	Sheridan County, NE	1998	NA	2908	2827	81	2.8
CN3116300000000	31	163	Sherman County, NE	1998	NA	1496	1456	40	2.7
CN3116500000000	31	165	Sioux County, NE	1998	NA	783	773	10	1.3
CN3116700000000	31	167	Stanton County, NE	1998	NA	3471	3371	100	2.9
CN3116900000000	31	169	Thayer County, NE	1998	NA	3262	3201	61	1.9
CN3117100000000	31	171	Thomas County, NE	1998	NA	462	443	19	4.1
CN3117300000000	31	173	Thurston County, NE	1998	NA	2999	2737	262	8.7
CN3117500000000	31	175	Valley County, NE	1998	NA	2518	2456	62	2.5
CN3117700000000	31	177	Washington County, NE	1998	NA	11009	10799	210	1.9
CN3117900000000	31	179	Wayne County, NE	1998	NA	5922	5728	194	3.3
CN3118100000000	31	181	Webster County, NE	1998	NA	1824	1784	40	2.2
CN3118300000000	31	183	Wheeler County, NE	1998	NA	341	335	6	1.8
CN3118500000000	31	185	York County, NE	1998	NA	9285	9153	132	1.4
CN3200100000000	32	001	Churchill County, NV	1998	NA	10230	9591	639	6.2
CN3200300000000	32	003	Clark County, NV	1998	NA	664172	637114	27058	4.1
CN3200500000000	32	005	Douglas County, NV	1998	NA	18295	17377	918	5
CN3200700000000	32	007	Elko County, NV	1998	NA	22338	21079	1259	5.6
CN3200900000000	32	009	Esmeralda County, NV	1998	NA	586	529	57	9.7
CN3201100000000	32	011	Eureka County, NV	1998	NA	1015	960	55	5.4
CN3201300000000	32	013	Humboldt County, NV	1998	NA	8939	8362	577	6.5
CN3201500000000	32	015	Lander County, NV	1998	NA	3084	2771	313	10.1
CN3201700000000	32	017	Lincoln County, NV	1998	NA	1197	1125	72	6
CN3201900000000	32	019	Lyon County, NV	1998	NA	13136	12171	965	7.3
CN3202100000000	32	021	Mineral County, NV	1998	NA	2568	2396	172	6.7
CN3202300000000	32	023	Nye County, NV	1998	NA	15214	14604	610	4
CN3202700000000	32	027	Pershing County, NV	1998	NA	2607	2516	91	3.5
CN3202900000000	32	029	Storey County, NV	1998	NA	1588	1522	66	4.2
CN3203100000000	32	031	Washoe County, NV	1998	NA	186499	179543	6956	3.7
CN3203300000000	32	033	White Pine County, NV	1998	NA	3794	3576	218	5.7
CN3251000000000	32	510	Carson City, NV	1998	NA	23478	22152	1326	5.6
CN3300100000000	33	001	Belknap County, NH	1998	NA	30353	29608	745	2.5
CN3300300000000	33	003	Carroll County, NH	1998	NA	21830	21280	550	2.5
CN3300500000000	33	005	Cheshire County, NH	1998	NA	38959	37803	1156	3
CN3300700000000	33	007	Coos County, NH	1998	NA	17100	16435	665	3.9
CN3300900000000	33	009	Grafton County, NH	1998	NA	43333	42400	933	2.2
CN3301100000000	33	011	Hillsborough County, NH	1998	NA	203210	197908	5302	2.6
CN3301300000000	33	013	Merrimack County, NH	1998	NA	74421	72715	1706	2.3
CN3301500000000	33	015	Rockingham County, NH	1998	NA	153587	148196	5391	3.5
CN3301700000000	33	017	Strafford County, NH	1998	NA	57646	56059	1587	2.8
CN3301900000000	33	019	Sullivan County, NH	1998	NA	21208	20650	558	2.6
CN3400100000000	34	001	Atlantic County, NJ	1998	NA	130317	120228	10089	7.7
CN3400300000000	34	003	Bergen County, NJ	1998	NA	449742	433507	16235	3.6
CN3400500000000	34	005	Burlington County, NJ	1998	NA	227574	219895	7679	3.4
CN3400700000000	34	007	Camden County, NJ	1998	NA	261624	249907	11717	4.5
CN3400900000000	34	009	Cape May County, NJ	1998	NA	46702	41811	4891	10.5
CN3401100000000	34	011	Cumberland County, NJ	1998	NA	66430	60518	5912	8.9
CN3401300000000	34	013	Essex County, NJ	1998	NA	372031	351293	20738	5.6
CN3401500000000	34	015	Gloucester County, NJ	1998	NA	132585	126585	6000	4.5
CN3401700000000	34	017	Hudson County, NJ	1998	NA	287829	267019	20810	7.2
CN3401900000000	34	019	Hunterdon County, NJ	1998	NA	69805	68287	1518	2.2
CN3402100000000	34	021	Mercer County, NJ	1998	NA	170753	163758	6995	4.1
CN3402300000000	34	023	Middlesex County, NJ	1998	NA	408590	393441	15149	3.7
CN3402500000000	34	025	Monmouth County, NJ	1998	NA	310564	298130	12434	4
CN3402700000000	34	027	Morris County, NJ	1998	NA	263457	256183	7274	2.8
CN3402900000000	34	029	Ocean County, NJ	1998	NA	214150	203915	10235	4.8
CN3403100000000	34	031	Passaic County, NJ	1998	NA	235702	222024	13678	5.8
CN3403300000000	34	033	Salem County, NJ	1998	NA	32556	30894	1662	5.1
CN3403500000000	34	035	Somerset County, NJ	1998	NA	169583	165318	4265	2.5
CN3403700000000	34	037	Sussex County, NJ	1998	NA	76770	74013	2757	3.6
CN3403900000000	34	039	Union County, NJ	1998	NA	268075	255293	12782	4.8
CN3404100000000	34	041	Warren County, NJ	1998	NA	51582	49514	2068	4
CN3500100000000	35	001	Bernalillo County, NM	1998	NA	290204	277584	12620	4.3
CN3500300000000	35	003	Catron County, NM	1998	NA	1179	1040	139	11.8
CN3500500000000	35	005	Chaves County, NM	1998	NA	26740	24165	2575	9.6
CN3500600000000	35	006	Cibola County, NM	1998	NA	11440	10453	987	8.6
CN3500700000000	35	007	Colfax County, NM	1998	NA	6618	6198	420	6.3
CN3500900000000	35	009	Curry County, NM	1998	NA	19990	19102	888	4.4
CN3501100000000	35	011	De Baca County, NM	1998	NA	1033	975	58	5.6
CN3501300000000	35	013	Dona Ana County, NM	1998	NA	68455	62712	5743	8.4
CN3501500000000	35	015	Eddy County, NM	1998	NA	24368	22704	1664	6.8
CN3501700000000	35	017	Grant County, NM	1998	NA	13077	12188	889	6.8
CN3501900000000	35	019	Guadalupe County, NM	1998	NA	1885	1696	189	10
CN3502100000000	35	021	Harding County, NM	1998	NA	440	416	24	5.5
CN3502300000000	35	023	Hidalgo County, NM	1998	NA	2665	2529	136	5.1
CN3502500000000	35	025	Lea County, NM	1998	NA	25085	23652	1433	5.7
CN3502700000000	35	027	Lincoln County, NM	1998	NA	7598	7237	361	4.8
CN3502800000000	35	028	Los Alamos County, NM	1998	NA	10377	10190	187	1.8
CN3502900000000	35	029	Luna County, NM	1998	NA	11548	8546	3002	26
CN3503100000000	35	031	McKinley County, NM	1998	NA	25337	23277	2060	8.1
CN3503300000000	35	033	Mora County, NM	1998	NA	1753	1418	335	19.1
CN3503500000000	35	035	Otero County, NM	1998	NA	20419	19203	1216	6
CN3503700000000	35	037	Quay County, NM	1998	NA	4631	4408	223	4.8
CN3503900000000	35	039	Rio Arriba County, NM	1998	NA	19192	17495	1697	8.8
CN3504100000000	35	041	Roosevelt County, NM	1998	NA	7714	7456	258	3.3
CN3504300000000	35	043	Sandoval County, NM	1998	NA	43329	41185	2144	4.9
CN3504500000000	35	045	San Juan County, NM	1998	NA	50467	46387	4080	8.1
CN3504700000000	35	047	San Miguel County, NM	1998	NA	12321	11312	1009	8.2
CN3504900000000	35	049	Santa Fe County, NM	1998	NA	64646	62381	2265	3.5
CN3505100000000	35	051	Sierra County, NM	1998	NA	4434	4264	170	3.8
CN3505300000000	35	053	Socorro County, NM	1998	NA	6477	6068	409	6.3
CN3505500000000	35	055	Taos County, NM	1998	NA	13484	11851	1633	12.1
CN3505700000000	35	057	Torrance County, NM	1998	NA	6387	6048	339	5.3
CN3505900000000	35	059	Union County, NM	1998	NA	2024	1943	81	4
CN3506100000000	35	061	Valencia County, NM	1998	NA	29243	27754	1489	5.1
CN3600100000000	36	001	Albany County, NY	1998	NA	159832	155062	4770	3
CN3600300000000	36	003	Allegany County, NY	1998	NA	23715	21944	1771	7.5
CN3600500000000	36	005	Bronx County, NY	1998	NA	481396	433618	47778	9.9
CN3600700000000	36	007	Broome County, NY	1998	NA	99353	95345	4008	4
CN3600900000000	36	009	Cattaraugus County, NY	1998	NA	41710	38700	3010	7.2
CN3601100000000	36	011	Cayuga County, NY	1998	NA	38750	36730	2020	5.2
CN3601300000000	36	013	Chautauqua County, NY	1998	NA	68756	65133	3623	5.3
CN3601500000000	36	015	Chemung County, NY	1998	NA	45623	43714	1909	4.2
CN3601700000000	36	017	Chenango County, NY	1998	NA	24290	22915	1375	5.7
CN3601900000000	36	019	Clinton County, NY	1998	NA	40034	37587	2447	6.1
CN3602100000000	36	021	Columbia County, NY	1998	NA	33451	32355	1096	3.3
CN3602300000000	36	023	Cortland County, NY	1998	NA	23919	22116	1803	7.5
CN3602500000000	36	025	Delaware County, NY	1998	NA	21218	20255	963	4.5
CN3602700000000	36	027	Dutchess County, NY	1998	NA	120487	116423	4064	3.4
CN3602900000000	36	029	Erie County, NY	1998	NA	473137	449035	24102	5.1
CN3603100000000	36	031	Essex County, NY	1998	NA	18491	17000	1491	8.1
CN3603300000000	36	033	Franklin County, NY	1998	NA	21421	19724	1697	7.9
CN3603500000000	36	035	Fulton County, NY	1998	NA	27039	25367	1672	6.2
CN3603700000000	36	037	Genesee County, NY	1998	NA	32757	31033	1724	5.3
CN3603900000000	36	039	Greene County, NY	1998	NA	21965	20761	1204	5.5
CN3604100000000	36	041	Hamilton County, NY	1998	NA	2507	2226	281	11.2
CN3604300000000	36	043	Herkimer County, NY	1998	NA	31622	29784	1838	5.8
CN3604500000000	36	045	Jefferson County, NY	1998	NA	44527	40386	4141	9.3
CN3604700000000	36	047	Kings County, NY	1998	NA	1000828	907559	93269	9.3
CN3604900000000	36	049	Lewis County, NY	1998	NA	12220	11172	1048	8.6
CN3605100000000	36	051	Livingston County, NY	1998	NA	35289	33510	1779	5
CN3605300000000	36	053	Madison County, NY	1998	NA	35966	34343	1623	4.5
CN3605500000000	36	055	Monroe County, NY	1998	NA	390923	376841	14082	3.6
CN3605700000000	36	057	Montgomery County, NY	1998	NA	23903	22471	1432	6
CN3605900000000	36	059	Nassau County, NY	1998	NA	696875	676297	20578	3
CN3606100000000	36	061	New York County, NY	1998	NA	850941	793728	57213	6.7
CN3606300000000	36	063	Niagara County, NY	1998	NA	111872	104522	7350	6.6
CN3606500000000	36	065	Oneida County, NY	1998	NA	113285	108505	4780	4.2
CN3606700000000	36	067	Onondaga County, NY	1998	NA	236948	228745	8203	3.5
CN3606900000000	36	069	Ontario County, NY	1998	NA	54709	52553	2156	3.9
CN3607100000000	36	071	Orange County, NY	1998	NA	159112	153679	5433	3.4
CN3607300000000	36	073	Orleans County, NY	1998	NA	21544	20394	1150	5.3
CN3607500000000	36	075	Oswego County, NY	1998	NA	57445	54154	3291	5.7
CN3607700000000	36	077	Otsego County, NY	1998	NA	31760	30176	1584	5
CN3607900000000	36	079	Putnam County, NY	1998	NA	53961	52529	1432	2.7
CN3608100000000	36	081	Queens County, NY	1998	NA	1021305	950752	70553	6.9
CN3608300000000	36	083	Rensselaer County, NY	1998	NA	81032	77768	3264	4
CN3608500000000	36	085	Richmond County, NY	1998	NA	202597	188688	13909	6.9
CN3608700000000	36	087	Rockland County, NY	1998	NA	147574	142601	4973	3.4
CN3608900000000	36	089	St. Lawrence County, NY	1998	NA	52038	47917	4121	7.9
CN3609100000000	36	091	Saratoga County, NY	1998	NA	105714	102063	3651	3.5
CN3609300000000	36	093	Schenectady County, NY	1998	NA	74012	71034	2978	4
CN3609500000000	36	095	Schoharie County, NY	1998	NA	15318	14561	757	4.9
CN3609700000000	36	097	Schuyler County, NY	1998	NA	8890	8363	527	5.9
CN3609900000000	36	099	Seneca County, NY	1998	NA	15718	14951	767	4.9
CN3610100000000	36	101	Steuben County, NY	1998	NA	48430	45521	2909	6
CN3610300000000	36	103	Suffolk County, NY	1998	NA	723546	697830	25716	3.6
CN3610500000000	36	105	Sullivan County, NY	1998	NA	31639	29695	1944	6.1
CN3610700000000	36	107	Tioga County, NY	1998	NA	26711	25714	997	3.7
CN3610900000000	36	109	Tompkins County, NY	1998	NA	50527	49054	1473	2.9
CN3611100000000	36	111	Ulster County, NY	1998	NA	82534	79657	2877	3.5
CN3611300000000	36	113	Warren County, NY	1998	NA	32361	30340	2021	6.2
CN3611500000000	36	115	Washington County, NY	1998	NA	29088	27687	1401	4.8
CN3611700000000	36	117	Wayne County, NY	1998	NA	50830	48422	2408	4.7
CN3611900000000	36	119	Westchester County, NY	1998	NA	454002	438915	15087	3.3
CN3612100000000	36	121	Wyoming County, NY	1998	NA	20888	19285	1603	7.7
CN3612300000000	36	123	Yates County, NY	1998	NA	13485	12966	519	3.8
CN3700100000000	37	001	Alamance County, NC	1998	NA	67745	65812	1933	2.9
CN3700300000000	37	003	Alexander County, NC	1998	NA	17397	17006	391	2.2
CN3700500000000	37	005	Alleghany County, NC	1998	NA	5654	5439	215	3.8
CN3700700000000	37	007	Anson County, NC	1998	NA	11329	10428	901	8
CN3700900000000	37	009	Ashe County, NC	1998	NA	11414	10584	830	7.3
CN3701100000000	37	011	Avery County, NC	1998	NA	7958	7675	283	3.6
CN3701300000000	37	013	Beaufort County, NC	1998	NA	20622	18992	1630	7.9
CN3701500000000	37	015	Bertie County, NC	1998	NA	9004	8478	526	5.8
CN3701700000000	37	017	Bladen County, NC	1998	NA	20279	19083	1196	5.9
CN3701900000000	37	019	Brunswick County, NC	1998	NA	33306	31610	1696	5.1
CN3702100000000	37	021	Buncombe County, NC	1998	NA	105497	102712	2785	2.6
CN3702300000000	37	023	Burke County, NC	1998	NA	43939	42451	1488	3.4
CN3702500000000	37	025	Cabarrus County, NC	1998	NA	66459	64888	1571	2.4
CN3702700000000	37	027	Caldwell County, NC	1998	NA	41283	40275	1008	2.4
CN3702900000000	37	029	Camden County, NC	1998	NA	3224	3125	99	3.1
CN3703100000000	37	031	Carteret County, NC	1998	NA	30201	28838	1363	4.5
CN3703300000000	37	033	Caswell County, NC	1998	NA	13025	12674	351	2.7
CN3703500000000	37	035	Catawba County, NC	1998	NA	76108	74088	2020	2.7
CN3703700000000	37	037	Chatham County, NC	1998	NA	26854	26320	534	2
CN3703900000000	37	039	Cherokee County, NC	1998	NA	11530	10849	681	5.9
CN3704100000000	37	041	Chowan County, NC	1998	NA	6617	6421	196	3
CN3704300000000	37	043	Clay County, NC	1998	NA	4207	4079	128	3
CN3704500000000	37	045	Cleveland County, NC	1998	NA	46437	43911	2526	5.4
CN3704700000000	37	047	Columbus County, NC	1998	NA	23678	21823	1855	7.8
CN3704900000000	37	049	Craven County, NC	1998	NA	37871	36219	1652	4.4
CN3705100000000	37	051	Cumberland County, NC	1998	NA	120515	115594	4921	4.1
CN3705300000000	37	053	Currituck County, NC	1998	NA	9140	8896	244	2.7
CN3705500000000	37	055	Dare County, NC	1998	NA	18104	17102	1002	5.5
CN3705700000000	37	057	Davidson County, NC	1998	NA	81054	78797	2257	2.8
CN3705900000000	37	059	Davie County, NC	1998	NA	17849	17381	468	2.6
CN3706100000000	37	061	Duplin County, NC	1998	NA	22197	20683	1514	6.8
CN3706300000000	37	063	Durham County, NC	1998	NA	117809	115271	2538	2.2
CN3706500000000	37	065	Edgecombe County, NC	1998	NA	25923	23507	2416	9.3
CN3706700000000	37	067	Forsyth County, NC	1998	NA	156808	152626	4182	2.7
CN3706900000000	37	069	Franklin County, NC	1998	NA	23587	22966	621	2.6
CN3707100000000	37	071	Gaston County, NC	1998	NA	99947	96548	3399	3.4
CN3707300000000	37	073	Gates County, NC	1998	NA	4664	4522	142	3
CN3707500000000	37	075	Graham County, NC	1998	NA	4134	3749	385	9.3
CN3707700000000	37	077	Granville County, NC	1998	NA	23570	22900	670	2.8
CN3707900000000	37	079	Greene County, NC	1998	NA	9226	8885	341	3.7
CN3708100000000	37	081	Guilford County, NC	1998	NA	223454	217571	5883	2.6
CN3708300000000	37	083	Halifax County, NC	1998	NA	23046	21058	1988	8.6
CN3708500000000	37	085	Harnett County, NC	1998	NA	37947	36541	1406	3.7
CN3708700000000	37	087	Haywood County, NC	1998	NA	25041	23516	1525	6.1
CN3708900000000	37	089	Henderson County, NC	1998	NA	37549	36590	959	2.6
CN3709100000000	37	091	Hertford County, NC	1998	NA	10355	9900	455	4.4
CN3709300000000	37	093	Hoke County, NC	1998	NA	11706	11123	583	5
CN3709500000000	37	095	Hyde County, NC	1998	NA	3114	2893	221	7.1
CN3709700000000	37	097	Iredell County, NC	1998	NA	62600	60959	1641	2.6
CN3709900000000	37	099	Jackson County, NC	1998	NA	16446	15718	728	4.4
CN3710100000000	37	101	Johnston County, NC	1998	NA	59881	58456	1425	2.4
CN3710300000000	37	103	Jones County, NC	1998	NA	4546	4345	201	4.4
CN3710500000000	37	105	Lee County, NC	1998	NA	29524	28497	1027	3.5
CN3710700000000	37	107	Lenoir County, NC	1998	NA	30469	28674	1795	5.9
CN3710900000000	37	109	Lincoln County, NC	1998	NA	32122	31064	1058	3.3
CN3711100000000	37	111	McDowell County, NC	1998	NA	20912	20097	815	3.9
CN3711300000000	37	113	Macon County, NC	1998	NA	14138	13438	700	5
CN3711500000000	37	115	Madison County, NC	1998	NA	9350	9059	291	3.1
CN3711700000000	37	117	Martin County, NC	1998	NA	11657	10724	933	8
CN3711900000000	37	119	Mecklenburg County, NC	1998	NA	365516	357166	8350	2.3
CN3712100000000	37	121	Mitchell County, NC	1998	NA	7323	6782	541	7.4
CN3712300000000	37	123	Montgomery County, NC	1998	NA	12048	11526	522	4.3
CN3712500000000	37	125	Moore County, NC	1998	NA	30484	29271	1213	4
CN3712700000000	37	127	Nash County, NC	1998	NA	44495	42072	2423	5.4
CN3712900000000	37	129	New Hanover County, NC	1998	NA	82121	79120	3001	3.7
CN3713100000000	37	131	Northampton County, NC	1998	NA	8461	7825	636	7.5
CN3713300000000	37	133	Onslow County, NC	1998	NA	48363	46656	1707	3.5
CN3713500000000	37	135	Orange County, NC	1998	NA	64455	63610	845	1.3
CN3713700000000	37	137	Pamlico County, NC	1998	NA	5660	5432	228	4
CN3713900000000	37	139	Pasquotank County, NC	1998	NA	15373	14703	670	4.4
CN3714100000000	37	141	Pender County, NC	1998	NA	16882	15988	894	5.3
CN3714300000000	37	143	Perquimans County, NC	1998	NA	4807	4614	193	4
CN3714500000000	37	145	Person County, NC	1998	NA	18023	17225	798	4.4
CN3714700000000	37	147	Pitt County, NC	1998	NA	67176	64224	2952	4.4
CN3714900000000	37	149	Polk County, NC	1998	NA	7840	7679	161	2.1
CN3715100000000	37	151	Randolph County, NC	1998	NA	72091	70100	1991	2.8
CN3715300000000	37	153	Richmond County, NC	1998	NA	19685	18020	1665	8.5
CN3715500000000	37	155	Robeson County, NC	1998	NA	56303	52022	4281	7.6
CN3715700000000	37	157	Rockingham County, NC	1998	NA	46634	44149	2485	5.3
CN3715900000000	37	159	Rowan County, NC	1998	NA	65532	63729	1803	2.8
CN3716100000000	37	161	Rutherford County, NC	1998	NA	30347	28848	1499	4.9
CN3716300000000	37	163	Sampson County, NC	1998	NA	23987	22760	1227	5.1
CN3716500000000	37	165	Scotland County, NC	1998	NA	17812	16346	1466	8.2
CN3716700000000	37	167	Stanly County, NC	1998	NA	27675	26732	943	3.4
CN3716900000000	37	169	Stokes County, NC	1998	NA	23475	22938	537	2.3
CN3717100000000	37	171	Surry County, NC	1998	NA	36125	34793	1332	3.7
CN3717300000000	37	173	Swain County, NC	1998	NA	5868	5114	754	12.8
CN3717500000000	37	175	Transylvania County, NC	1998	NA	11738	11461	277	2.4
CN3717700000000	37	177	Tyrrell County, NC	1998	NA	1917	1761	156	8.1
CN3717900000000	37	179	Union County, NC	1998	NA	60235	58868	1367	2.3
CN3718100000000	37	181	Vance County, NC	1998	NA	19629	18272	1357	6.9
CN3718300000000	37	183	Wake County, NC	1998	NA	350589	345203	5386	1.5
CN3718500000000	37	185	Warren County, NC	1998	NA	7346	6838	508	6.9
CN3718700000000	37	187	Washington County, NC	1998	NA	6127	5674	453	7.4
CN3718900000000	37	189	Watauga County, NC	1998	NA	23490	23054	436	1.9
CN3719100000000	37	191	Wayne County, NC	1998	NA	49944	47765	2179	4.4
CN3719300000000	37	193	Wilkes County, NC	1998	NA	32634	31771	863	2.6
CN3719500000000	37	195	Wilson County, NC	1998	NA	36626	34090	2536	6.9
CN3719700000000	37	197	Yadkin County, NC	1998	NA	18593	18121	472	2.5
CN3719900000000	37	199	Yancey County, NC	1998	NA	6616	6226	390	5.9
CN3800100000000	38	001	Adams County, ND	1998	NA	1444	1410	34	2.4
CN3800300000000	38	003	Barnes County, ND	1998	NA	5839	5685	154	2.6
CN3800500000000	38	005	Benson County, ND	1998	NA	2870	2652	218	7.6
CN3800700000000	38	007	Billings County, ND	1998	NA	521	499	22	4.2
CN3800900000000	38	009	Bottineau County, ND	1998	NA	3423	3293	130	3.8
CN3801100000000	38	011	Bowman County, ND	1998	NA	1846	1808	38	2.1
CN3801300000000	38	013	Burke County, ND	1998	NA	1041	1007	34	3.3
CN3801500000000	38	015	Burleigh County, ND	1998	NA	40645	39619	1026	2.5
CN3801700000000	38	017	Cass County, ND	1998	NA	74283	73208	1075	1.4
CN3801900000000	38	019	Cavalier County, ND	1998	NA	2528	2455	73	2.9
CN3802100000000	38	021	Dickey County, ND	1998	NA	2884	2829	55	1.9
CN3802300000000	38	023	Divide County, ND	1998	NA	1166	1140	26	2.2
CN3802500000000	38	025	Dunn County, ND	1998	NA	2005	1931	74	3.7
CN3802700000000	38	027	Eddy County, ND	1998	NA	1394	1324	70	5
CN3802900000000	38	029	Emmons County, ND	1998	NA	2038	1964	74	3.6
CN3803100000000	38	031	Foster County, ND	1998	NA	2232	2185	47	2.1
CN3803300000000	38	033	Golden Valley County, ND	1998	NA	906	878	28	3.1
CN3803500000000	38	035	Grand Forks County, ND	1998	NA	37147	36359	788	2.1
CN3803700000000	38	037	Grant County, ND	1998	NA	1484	1442	42	2.8
CN3803900000000	38	039	Griggs County, ND	1998	NA	1652	1617	35	2.1
CN3804100000000	38	041	Hettinger County, ND	1998	NA	1340	1297	43	3.2
CN3804300000000	38	043	Kidder County, ND	1998	NA	1447	1388	59	4.1
CN3804500000000	38	045	LaMoure County, ND	1998	NA	2315	2261	54	2.3
CN3804700000000	38	047	Logan County, ND	1998	NA	1125	1105	20	1.8
CN3804900000000	38	049	McHenry County, ND	1998	NA	2895	2760	135	4.7
CN3805100000000	38	051	McIntosh County, ND	1998	NA	1757	1715	42	2.4
CN3805300000000	38	053	McKenzie County, ND	1998	NA	3189	3081	108	3.4
CN3805500000000	38	055	McLean County, ND	1998	NA	4567	4299	268	5.9
CN3805700000000	38	057	Mercer County, ND	1998	NA	4880	4543	337	6.9
CN3805900000000	38	059	Morton County, ND	1998	NA	13931	13460	471	3.4
CN3806100000000	38	061	Mountrail County, ND	1998	NA	3024	2852	172	5.7
CN3806300000000	38	063	Nelson County, ND	1998	NA	1696	1634	62	3.7
CN3806500000000	38	065	Oliver County, ND	1998	NA	1095	1047	48	4.4
CN3806700000000	38	067	Pembina County, ND	1998	NA	5120	4827	293	5.7
CN3806900000000	38	069	Pierce County, ND	1998	NA	2470	2399	71	2.9
CN3807100000000	38	071	Ramsey County, ND	1998	NA	6545	6349	196	3
CN3807300000000	38	073	Ransom County, ND	1998	NA	2763	2703	60	2.2
CN3807500000000	38	075	Renville County, ND	1998	NA	1404	1372	32	2.3
CN3807700000000	38	077	Richland County, ND	1998	NA	9638	9388	250	2.6
CN3807900000000	38	079	Rolette County, ND	1998	NA	5665	5010	655	11.6
CN3808100000000	38	081	Sargent County, ND	1998	NA	2467	2417	50	2
CN3808300000000	38	083	Sheridan County, ND	1998	NA	690	660	30	4.3
CN3808500000000	38	085	Sioux County, ND	1998	NA	1693	1585	108	6.4
CN3808700000000	38	087	Slope County, ND	1998	NA	400	390	10	2.5
CN3808900000000	38	089	Stark County, ND	1998	NA	13056	12635	421	3.2
CN3809100000000	38	091	Steele County, ND	1998	NA	1110	1093	17	1.5
CN3809300000000	38	093	Stutsman County, ND	1998	NA	12004	11719	285	2.4
CN3809500000000	38	095	Towner County, ND	1998	NA	1456	1419	37	2.5
CN3809700000000	38	097	Traill County, ND	1998	NA	3824	3708	116	3
CN3809900000000	38	099	Walsh County, ND	1998	NA	6336	6083	253	4
CN3810100000000	38	101	Ward County, ND	1998	NA	29686	28816	870	2.9
CN3810300000000	38	103	Wells County, ND	1998	NA	2532	2446	86	3.4
CN3810500000000	38	105	Williams County, ND	1998	NA	10039	9646	393	3.9
CN3900100000000	39	001	Adams County, OH	1998	NA	11344	9993	1351	11.9
CN3900300000000	39	003	Allen County, OH	1998	NA	50395	47670	2725	5.4
CN3900500000000	39	005	Ashland County, OH	1998	NA	25511	24357	1154	4.5
CN3900700000000	39	007	Ashtabula County, OH	1998	NA	47173	43904	3269	6.9
CN3900900000000	39	009	Athens County, OH	1998	NA	26525	25113	1412	5.3
CN3901100000000	39	011	Auglaize County, OH	1998	NA	24173	23072	1101	4.6
CN3901300000000	39	013	Belmont County, OH	1998	NA	32380	30472	1908	5.9
CN3901500000000	39	015	Brown County, OH	1998	NA	19475	18394	1081	5.6
CN3901700000000	39	017	Butler County, OH	1998	NA	180586	173955	6631	3.7
CN3901900000000	39	019	Carroll County, OH	1998	NA	13568	12853	715	5.3
CN3902100000000	39	021	Champaign County, OH	1998	NA	18848	18031	817	4.3
CN3902300000000	39	023	Clark County, OH	1998	NA	68421	65162	3259	4.8
CN3902500000000	39	025	Clermont County, OH	1998	NA	93141	89524	3617	3.9
CN3902700000000	39	027	Clinton County, OH	1998	NA	25228	24409	819	3.2
CN3902900000000	39	029	Columbiana County, OH	1998	NA	52385	49195	3190	6.1
CN3903100000000	39	031	Coshocton County, OH	1998	NA	17631	16599	1032	5.9
CN3903300000000	39	033	Crawford County, OH	1998	NA	21739	20319	1420	6.5
CN3903500000000	39	035	Cuyahoga County, OH	1998	NA	680825	662569	18256	2.7
CN3903700000000	39	037	Darke County, OH	1998	NA	29074	27559	1515	5.2
CN3903900000000	39	039	Defiance County, OH	1998	NA	21464	20264	1200	5.6
CN3904100000000	39	041	Delaware County, OH	1998	NA	54342	53248	1094	2
CN3904300000000	39	043	Erie County, OH	1998	NA	41757	39497	2260	5.4
CN3904500000000	39	045	Fairfield County, OH	1998	NA	64496	62377	2119	3.3
CN3904700000000	39	047	Fayette County, OH	1998	NA	14803	14181	622	4.2
CN3904900000000	39	049	Franklin County, OH	1998	NA	581236	564728	16508	2.8
CN3905100000000	39	051	Fulton County, OH	1998	NA	22777	21832	945	4.1
CN3905300000000	39	053	Gallia County, OH	1998	NA	14543	13252	1291	8.9
CN3905500000000	39	055	Geauga County, OH	1998	NA	47646	46812	834	1.8
CN3905700000000	39	057	Greene County, OH	1998	NA	71728	69164	2564	3.6
CN3905900000000	39	059	Guernsey County, OH	1998	NA	18908	17222	1686	8.9
CN3906100000000	39	061	Hamilton County, OH	1998	NA	433758	417056	16702	3.9
CN3906300000000	39	063	Hancock County, OH	1998	NA	40746	39342	1404	3.4
CN3906500000000	39	065	Hardin County, OH	1998	NA	15410	14763	647	4.2
CN3906700000000	39	067	Harrison County, OH	1998	NA	6706	6282	424	6.3
CN3906900000000	39	069	Henry County, OH	1998	NA	15290	14394	896	5.9
CN3907100000000	39	071	Highland County, OH	1998	NA	19160	18101	1059	5.5
CN3907300000000	39	073	Hocking County, OH	1998	NA	12215	11394	821	6.7
CN3907500000000	39	075	Holmes County, OH	1998	NA	18112	17512	600	3.3
CN3907700000000	39	077	Huron County, OH	1998	NA	30085	27375	2710	9
CN3907900000000	39	079	Jackson County, OH	1998	NA	14397	13277	1120	7.8
CN3908100000000	39	081	Jefferson County, OH	1998	NA	30363	28313	2050	6.8
CN3908300000000	39	083	Knox County, OH	1998	NA	26538	25145	1393	5.2
CN3908500000000	39	085	Lake County, OH	1998	NA	126571	123845	2726	2.2
CN3908700000000	39	087	Lawrence County, OH	1998	NA	26745	24830	1915	7.2
CN3908900000000	39	089	Licking County, OH	1998	NA	70275	67215	3060	4.4
CN3909100000000	39	091	Logan County, OH	1998	NA	26494	25528	966	3.6
CN3909300000000	39	093	Lorain County, OH	1998	NA	141270	136859	4411	3.1
CN3909500000000	39	095	Lucas County, OH	1998	NA	228565	214713	13852	6.1
CN3909700000000	39	097	Madison County, OH	1998	NA	20181	19603	578	2.9
CN3909900000000	39	099	Mahoning County, OH	1998	NA	118684	110544	8140	6.9
CN3910100000000	39	101	Marion County, OH	1998	NA	31591	30097	1494	4.7
CN3910300000000	39	103	Medina County, OH	1998	NA	78054	76512	1542	2
CN3910500000000	39	105	Meigs County, OH	1998	NA	8579	7569	1010	11.8
CN3910700000000	39	107	Mercer County, OH	1998	NA	20174	18597	1577	7.8
CN3910900000000	39	109	Miami County, OH	1998	NA	50254	48244	2010	4
CN3911100000000	39	111	Monroe County, OH	1998	NA	6007	5417	590	9.8
CN3911300000000	39	113	Montgomery County, OH	1998	NA	281475	268843	12632	4.5
CN3911500000000	39	115	Morgan County, OH	1998	NA	4958	4229	729	14.7
CN3911700000000	39	117	Morrow County, OH	1998	NA	13629	12784	845	6.2
CN3911900000000	39	119	Muskingum County, OH	1998	NA	42428	39467	2961	7
CN3912100000000	39	121	Noble County, OH	1998	NA	5526	5070	456	8.3
CN3912300000000	39	123	Ottawa County, OH	1998	NA	20787	19328	1459	7
CN3912500000000	39	125	Paulding County, OH	1998	NA	9964	9433	531	5.3
CN3912700000000	39	127	Perry County, OH	1998	NA	14483	13302	1181	8.2
CN3912900000000	39	129	Pickaway County, OH	1998	NA	24296	23391	905	3.7
CN3913100000000	39	131	Pike County, OH	1998	NA	11790	10640	1150	9.8
CN3913300000000	39	133	Portage County, OH	1998	NA	81880	78459	3421	4.2
CN3913500000000	39	135	Preble County, OH	1998	NA	21741	20782	959	4.4
CN3913700000000	39	137	Putnam County, OH	1998	NA	20483	19589	894	4.4
CN3913900000000	39	139	Richland County, OH	1998	NA	61330	57329	4001	6.5
CN3914100000000	39	141	Ross County, OH	1998	NA	35177	32912	2265	6.4
CN3914300000000	39	143	Sandusky County, OH	1998	NA	32439	30311	2128	6.6
CN3914500000000	39	145	Scioto County, OH	1998	NA	33181	29703	3478	10.5
CN3914700000000	39	147	Seneca County, OH	1998	NA	29269	27387	1882	6.4
CN3914900000000	39	149	Shelby County, OH	1998	NA	28331	27174	1157	4.1
CN3915100000000	39	151	Stark County, OH	1998	NA	188218	179614	8604	4.6
CN3915300000000	39	153	Summit County, OH	1998	NA	277823	265421	12402	4.5
CN3915500000000	39	155	Trumbull County, OH	1998	NA	113085	105769	7316	6.5
CN3915700000000	39	157	Tuscarawas County, OH	1998	NA	44240	41719	2521	5.7
CN3915900000000	39	159	Union County, OH	1998	NA	17672	17106	566	3.2
CN3916100000000	39	161	Van Wert County, OH	1998	NA	16251	15608	643	4
CN3916300000000	39	163	Vinton County, OH	1998	NA	3817	3357	460	12.1
CN3916500000000	39	165	Warren County, OH	1998	NA	76388	73910	2478	3.2
CN3916700000000	39	167	Washington County, OH	1998	NA	32346	30346	2000	6.2
CN3916900000000	39	169	Wayne County, OH	1998	NA	56408	54361	2047	3.6
CN3917100000000	39	171	Williams County, OH	1998	NA	20981	19988	993	4.7
CN3917300000000	39	173	Wood County, OH	1998	NA	65957	63523	2434	3.7
CN3917500000000	39	175	Wyandot County, OH	1998	NA	12419	11808	611	4.9
CN4000100000000	40	001	Adair County, OK	1998	NA	9225	8579	646	7
CN4000300000000	40	003	Alfalfa County, OK	1998	NA	2572	2514	58	2.3
CN4000500000000	40	005	Atoka County, OK	1998	NA	4892	4688	204	4.2
CN4000700000000	40	007	Beaver County, OK	1998	NA	2868	2760	108	3.8
CN4000900000000	40	009	Beckham County, OK	1998	NA	9610	9212	398	4.1
CN4001100000000	40	011	Blaine County, OK	1998	NA	4664	4501	163	3.5
CN4001300000000	40	013	Bryan County, OK	1998	NA	16827	16347	480	2.9
CN4001500000000	40	015	Caddo County, OK	1998	NA	12909	12232	677	5.2
CN4001700000000	40	017	Canadian County, OK	1998	NA	45460	44319	1141	2.5
CN4001900000000	40	019	Carter County, OK	1998	NA	20646	19307	1339	6.5
CN4002100000000	40	021	Cherokee County, OK	1998	NA	17880	17105	775	4.3
CN4002300000000	40	023	Choctaw County, OK	1998	NA	5579	4982	597	10.7
CN4002500000000	40	025	Cimarron County, OK	1998	NA	1818	1764	54	3
CN4002700000000	40	027	Cleveland County, OK	1998	NA	110583	107265	3318	3
CN4002900000000	40	029	Coal County, OK	1998	NA	2565	2344	221	8.6
CN4003100000000	40	031	Comanche County, OK	1998	NA	40973	38998	1975	4.8
CN4003300000000	40	033	Cotton County, OK	1998	NA	2238	2107	131	5.9
CN4003500000000	40	035	Craig County, OK	1998	NA	6763	6571	192	2.8
CN4003700000000	40	037	Creek County, OK	1998	NA	33230	31952	1278	3.8
CN4003900000000	40	039	Custer County, OK	1998	NA	12192	11690	502	4.1
CN4004100000000	40	041	Delaware County, OK	1998	NA	17220	16446	774	4.5
CN4004300000000	40	043	Dewey County, OK	1998	NA	2085	2001	84	4
CN4004500000000	40	045	Ellis County, OK	1998	NA	1687	1603	84	5
CN4004700000000	40	047	Garfield County, OK	1998	NA	28065	27046	1019	3.6
CN4004900000000	40	049	Garvin County, OK	1998	NA	11373	10608	765	6.7
CN4005100000000	40	051	Grady County, OK	1998	NA	20337	19263	1074	5.3
CN4005300000000	40	053	Grant County, OK	1998	NA	2395	2332	63	2.6
CN4005500000000	40	055	Greer County, OK	1998	NA	2609	2510	99	3.8
CN4005700000000	40	057	Harmon County, OK	1998	NA	1370	1304	66	4.8
CN4005900000000	40	059	Harper County, OK	1998	NA	1745	1688	57	3.3
CN4006100000000	40	061	Haskell County, OK	1998	NA	4979	4414	565	11.3
CN4006300000000	40	063	Hughes County, OK	1998	NA	5490	5043	447	8.1
CN4006500000000	40	065	Jackson County, OK	1998	NA	12788	12201	587	4.6
CN4006700000000	40	067	Jefferson County, OK	1998	NA	3244	3092	152	4.7
CN4006900000000	40	069	Johnston County, OK	1998	NA	4755	4461	294	6.2
CN4007100000000	40	071	Kay County, OK	1998	NA	22486	20862	1624	7.2
CN4007300000000	40	073	Kingfisher County, OK	1998	NA	7066	6856	210	3
CN4007500000000	40	075	Kiowa County, OK	1998	NA	4700	4484	216	4.6
CN4007700000000	40	077	Latimer County, OK	1998	NA	4476	3877	599	13.4
CN4007900000000	40	079	Le Flore County, OK	1998	NA	19828	18363	1465	7.4
CN4008100000000	40	081	Lincoln County, OK	1998	NA	14042	13363	679	4.8
CN4008300000000	40	083	Logan County, OK	1998	NA	14253	13741	512	3.6
CN4008500000000	40	085	Love County, OK	1998	NA	3843	3656	187	4.9
CN4008700000000	40	087	McClain County, OK	1998	NA	12968	12549	419	3.2
CN4008900000000	40	089	McCurtain County, OK	1998	NA	15184	13950	1234	8.1
CN4009100000000	40	091	McIntosh County, OK	1998	NA	7854	7221	633	8.1
CN4009300000000	40	093	Major County, OK	1998	NA	4031	3889	142	3.5
CN4009500000000	40	095	Marshall County, OK	1998	NA	5204	4907	297	5.7
CN4009700000000	40	097	Mayes County, OK	1998	NA	14964	14287	677	4.5
CN4009900000000	40	099	Murray County, OK	1998	NA	5610	5232	378	6.7
CN4010100000000	40	101	Muskogee County, OK	1998	NA	31673	29625	2048	6.5
CN4010300000000	40	103	Noble County, OK	1998	NA	5862	5668	194	3.3
CN4010500000000	40	105	Nowata County, OK	1998	NA	3667	3466	201	5.5
CN4010700000000	40	107	Okfuskee County, OK	1998	NA	4166	3882	284	6.8
CN4010900000000	40	109	Oklahoma County, OK	1998	NA	327705	315606	12099	3.7
CN4011100000000	40	111	Okmulgee County, OK	1998	NA	14685	13354	1331	9.1
CN4011300000000	40	113	Osage County, OK	1998	NA	20326	19557	769	3.8
CN4011500000000	40	115	Ottawa County, OK	1998	NA	13108	12214	894	6.8
CN4011700000000	40	117	Pawnee County, OK	1998	NA	6264	5892	372	5.9
CN4011900000000	40	119	Payne County, OK	1998	NA	35864	35219	645	1.8
CN4012100000000	40	121	Pittsburg County, OK	1998	NA	17486	16081	1405	8
CN4012300000000	40	123	Pontotoc County, OK	1998	NA	16906	16035	871	5.2
CN4012500000000	40	125	Pottawatomie County, OK	1998	NA	28617	27172	1445	5
CN4012700000000	40	127	Pushmataha County, OK	1998	NA	5124	4781	343	6.7
CN4012900000000	40	129	Roger Mills County, OK	1998	NA	2059	1971	88	4.3
CN4013100000000	40	131	Rogers County, OK	1998	NA	35570	34406	1164	3.3
CN4013300000000	40	133	Seminole County, OK	1998	NA	10142	9181	961	9.5
CN4013500000000	40	135	Sequoyah County, OK	1998	NA	17534	15970	1564	8.9
CN4013700000000	40	137	Stephens County, OK	1998	NA	18194	17206	988	5.4
CN4013900000000	40	139	Texas County, OK	1998	NA	13937	13568	369	2.6
CN4014100000000	40	141	Tillman County, OK	1998	NA	3714	3518	196	5.3
CN4014300000000	40	143	Tulsa County, OK	1998	NA	298233	288852	9381	3.1
CN4014500000000	40	145	Wagoner County, OK	1998	NA	28694	27794	900	3.1
CN4014700000000	40	147	Washington County, OK	1998	NA	18738	18046	692	3.7
CN4014900000000	40	149	Washita County, OK	1998	NA	5042	4841	201	4
CN4015100000000	40	151	Woods County, OK	1998	NA	4491	4366	125	2.8
CN4015300000000	40	153	Woodward County, OK	1998	NA	9511	9049	462	4.9
CN4100100000000	41	001	Baker County, OR	1998	NA	7664	6964	700	9.1
CN4100300000000	41	003	Benton County, OR	1998	NA	42558	41180	1378	3.2
CN4100500000000	41	005	Clackamas County, OR	1998	NA	195710	188571	7139	3.6
CN4100700000000	41	007	Clatsop County, OR	1998	NA	17835	16745	1090	6.1
CN4100900000000	41	009	Columbia County, OR	1998	NA	22821	21611	1210	5.3
CN4101100000000	41	011	Coos County, OR	1998	NA	27929	25004	2925	10.5
CN4101300000000	41	013	Crook County, OR	1998	NA	7667	6910	757	9.9
CN4101500000000	41	015	Curry County, OR	1998	NA	8575	7764	811	9.5
CN4101700000000	41	017	Deschutes County, OR	1998	NA	56971	52789	4182	7.3
CN4101900000000	41	019	Douglas County, OR	1998	NA	46468	41930	4538	9.8
CN4102100000000	41	021	Gilliam County, OR	1998	NA	1238	1168	70	5.7
CN4102300000000	41	023	Grant County, OR	1998	NA	4293	3685	608	14.2
CN4102500000000	41	025	Harney County, OR	1998	NA	4032	3714	318	7.9
CN4102700000000	41	027	Hood River County, OR	1998	NA	11296	10237	1059	9.4
CN4102900000000	41	029	Jackson County, OR	1998	NA	89444	82960	6484	7.2
CN4103100000000	41	031	Jefferson County, OR	1998	NA	8534	7944	590	6.9
CN4103300000000	41	033	Josephine County, OR	1998	NA	29215	26505	2710	9.3
CN4103500000000	41	035	Klamath County, OR	1998	NA	29064	26212	2852	9.8
CN4103700000000	41	037	Lake County, OR	1998	NA	3505	3068	437	12.5
CN4103900000000	41	039	Lane County, OR	1998	NA	164837	155321	9516	5.8
CN4104100000000	41	041	Lincoln County, OR	1998	NA	21922	20112	1810	8.3
CN4104300000000	41	043	Linn County, OR	1998	NA	54039	49205	4834	8.9
CN4104500000000	41	045	Malheur County, OR	1998	NA	14813	13436	1377	9.3
CN4104700000000	41	047	Marion County, OR	1998	NA	140207	131730	8477	6
CN4104900000000	41	049	Morrow County, OR	1998	NA	4298	3901	397	9.2
CN4105100000000	41	051	Multnomah County, OR	1998	NA	369624	352057	17567	4.8
CN4105300000000	41	053	Polk County, OR	1998	NA	30727	29139	1588	5.2
CN4105500000000	41	055	Sherman County, OR	1998	NA	1078	1019	59	5.5
CN4105700000000	41	057	Tillamook County, OR	1998	NA	11343	10612	731	6.4
CN4105900000000	41	059	Umatilla County, OR	1998	NA	35345	33068	2277	6.4
CN4106100000000	41	061	Union County, OR	1998	NA	12674	11751	923	7.3
CN4106300000000	41	063	Wallowa County, OR	1998	NA	3658	3269	389	10.6
CN4106500000000	41	065	Wasco County, OR	1998	NA	12234	11261	973	8
CN4106700000000	41	067	Washington County, OR	1998	NA	245408	235952	9456	3.9
CN4106900000000	41	069	Wheeler County, OR	1998	NA	618	560	58	9.4
CN4107100000000	41	071	Yamhill County, OR	1998	NA	42336	40387	1949	4.6
CN4200100000000	42	001	Adams County, PA	1998	NA	42590	40846	1744	4.1
CN4200300000000	42	003	Allegheny County, PA	1998	NA	658758	631998	26760	4.1
CN4200500000000	42	005	Armstrong County, PA	1998	NA	32106	29883	2223	6.9
CN4200700000000	42	007	Beaver County, PA	1998	NA	87103	82770	4333	5
CN4200900000000	42	009	Bedford County, PA	1998	NA	25595	23993	1602	6.3
CN4201100000000	42	011	Berks County, PA	1998	NA	186505	178487	8018	4.3
CN4201300000000	42	013	Blair County, PA	1998	NA	63687	60490	3197	5
CN4201500000000	42	015	Bradford County, PA	1998	NA	28148	26820	1328	4.7
CN4201700000000	42	017	Bucks County, PA	1998	NA	328708	316888	11820	3.6
CN4201900000000	42	019	Butler County, PA	1998	NA	88868	85096	3772	4.2
CN4202100000000	42	021	Cambria County, PA	1998	NA	67067	62589	4478	6.7
CN4202300000000	42	023	Cameron County, PA	1998	NA	2794	2606	188	6.7
CN4202500000000	42	025	Carbon County, PA	1998	NA	27543	25573	1970	7.2
CN4202700000000	42	027	Centre County, PA	1998	NA	66773	64916	1857	2.8
CN4202900000000	42	029	Chester County, PA	1998	NA	235124	228756	6368	2.7
CN4203100000000	42	031	Clarion County, PA	1998	NA	19309	18279	1030	5.3
CN4203300000000	42	033	Clearfield County, PA	1998	NA	38602	35494	3108	8.1
CN4203500000000	42	035	Clinton County, PA	1998	NA	17616	16408	1208	6.9
CN4203700000000	42	037	Columbia County, PA	1998	NA	33581	31651	1930	5.7
CN4203900000000	42	039	Crawford County, PA	1998	NA	42571	40441	2130	5
CN4204100000000	42	041	Cumberland County, PA	1998	NA	123619	120439	3180	2.6
CN4204300000000	42	043	Dauphin County, PA	1998	NA	141350	136928	4422	3.1
CN4204500000000	42	045	Delaware County, PA	1998	NA	281959	270938	11021	3.9
CN4204700000000	42	047	Elk County, PA	1998	NA	18475	17365	1110	6
CN4204900000000	42	049	Erie County, PA	1998	NA	141745	134412	7333	5.2
CN4205100000000	42	051	Fayette County, PA	1998	NA	57977	53832	4145	7.1
CN4205300000000	42	053	Forest County, PA	1998	NA	1756	1604	152	8.7
CN4205500000000	42	055	Franklin County, PA	1998	NA	67148	64550	2598	3.9
CN4205700000000	42	057	Fulton County, PA	1998	NA	6884	6583	301	4.4
CN4205900000000	42	059	Greene County, PA	1998	NA	16645	15311	1334	8
CN4206100000000	42	061	Huntingdon County, PA	1998	NA	19045	17477	1568	8.2
CN4206300000000	42	063	Indiana County, PA	1998	NA	37663	34883	2780	7.4
CN4206500000000	42	065	Jefferson County, PA	1998	NA	22019	20486	1533	7
CN4206700000000	42	067	Juniata County, PA	1998	NA	10194	9387	807	7.9
CN4206900000000	42	069	Lackawanna County, PA	1998	NA	106541	100411	6130	5.8
CN4207100000000	42	071	Lancaster County, PA	1998	NA	246878	239777	7101	2.9
CN4207300000000	42	073	Lawrence County, PA	1998	NA	41018	38617	2401	5.9
CN4207500000000	42	075	Lebanon County, PA	1998	NA	67031	64711	2320	3.5
CN4207700000000	42	077	Lehigh County, PA	1998	NA	158071	151305	6766	4.3
CN4207900000000	42	079	Luzerne County, PA	1998	NA	158839	148636	10203	6.4
CN4208100000000	42	081	Lycoming County, PA	1998	NA	58161	54820	3341	5.7
CN4208300000000	42	083	McKean County, PA	1998	NA	21723	20325	1398	6.4
CN4208500000000	42	085	Mercer County, PA	1998	NA	58450	55980	2470	4.2
CN4208700000000	42	087	Mifflin County, PA	1998	NA	22223	20788	1435	6.5
CN4208900000000	42	089	Monroe County, PA	1998	NA	52772	49324	3448	6.5
CN4209100000000	42	091	Montgomery County, PA	1998	NA	403933	391005	12928	3.2
CN4209300000000	42	093	Montour County, PA	1998	NA	8671	8406	265	3.1
CN4209500000000	42	095	Northampton County, PA	1998	NA	131870	126152	5718	4.3
CN4209700000000	42	097	Northumberland County, PA	1998	NA	44164	41498	2666	6
CN4209900000000	42	099	Perry County, PA	1998	NA	24661	23817	844	3.4
CN4210100000000	42	101	Philadelphia County/city, PA	1998	NA	646373	606105	40268	6.2
CN4210300000000	42	103	Pike County, PA	1998	NA	18382	17584	798	4.3
CN4210500000000	42	105	Potter County, PA	1998	NA	8741	8127	614	7
CN4210700000000	42	107	Schuylkill County, PA	1998	NA	67953	63323	4630	6.8
CN4210900000000	42	109	Snyder County, PA	1998	NA	19125	18196	929	4.9
CN4211100000000	42	111	Somerset County, PA	1998	NA	37585	35193	2392	6.4
CN4211300000000	42	113	Sullivan County, PA	1998	NA	2765	2584	181	6.5
CN4211500000000	42	115	Susquehanna County, PA	1998	NA	18557	17589	968	5.2
CN4211700000000	42	117	Tioga County, PA	1998	NA	19936	18826	1110	5.6
CN4211900000000	42	119	Union County, PA	1998	NA	18585	17884	701	3.8
CN4212100000000	42	121	Venango County, PA	1998	NA	26683	25253	1430	5.4
CN4212300000000	42	123	Warren County, PA	1998	NA	21028	20059	969	4.6
CN4212500000000	42	125	Washington County, PA	1998	NA	97414	92482	4932	5.1
CN4212700000000	42	127	Wayne County, PA	1998	NA	19129	17855	1274	6.7
CN4212900000000	42	129	Westmoreland County, PA	1998	NA	185227	175591	9636	5.2
CN4213100000000	42	131	Wyoming County, PA	1998	NA	15461	14354	1107	7.2
CN4213300000000	42	133	York County, PA	1998	NA	195662	188448	7214	3.7
CN4400100000000	44	001	Bristol County, RI	1998	NA	26967	26021	946	3.5
CN4400300000000	44	003	Kent County, RI	1998	NA	91555	87559	3996	4.4
CN4400500000000	44	005	Newport County, RI	1998	NA	41887	40004	1883	4.5
CN4400700000000	44	007	Providence County, RI	1998	NA	304408	288970	15438	5.1
CN4400900000000	44	009	Washington County, RI	1998	NA	67794	65510	2284	3.4
CN4500100000000	45	001	Abbeville County, SC	1998	NA	12697	12082	615	4.8
CN4500300000000	45	003	Aiken County, SC	1998	NA	62997	60139	2858	4.5
CN4500500000000	45	005	Allendale County, SC	1998	NA	4980	4678	302	6.1
CN4500700000000	45	007	Anderson County, SC	1998	NA	84797	82309	2488	2.9
CN4500900000000	45	009	Bamberg County, SC	1998	NA	7626	7140	486	6.4
CN4501100000000	45	011	Barnwell County, SC	1998	NA	11584	10831	753	6.5
CN4501300000000	45	013	Beaufort County, SC	1998	NA	49742	48698	1044	2.1
CN4501500000000	45	015	Berkeley County, SC	1998	NA	62140	60397	1743	2.8
CN4501700000000	45	017	Calhoun County, SC	1998	NA	6811	6479	332	4.9
CN4501900000000	45	019	Charleston County, SC	1998	NA	158530	153897	4633	2.9
CN4502100000000	45	021	Cherokee County, SC	1998	NA	25670	24700	970	3.8
CN4502300000000	45	023	Chester County, SC	1998	NA	15773	14385	1388	8.8
CN4502500000000	45	025	Chesterfield County, SC	1998	NA	20056	18498	1558	7.8
CN4502700000000	45	027	Clarendon County, SC	1998	NA	12428	11623	805	6.5
CN4502900000000	45	029	Colleton County, SC	1998	NA	15455	14768	687	4.4
CN4503100000000	45	031	Darlington County, SC	1998	NA	31190	29217	1973	6.3
CN4503300000000	45	033	Dillon County, SC	1998	NA	14664	13649	1015	6.9
CN4503500000000	45	035	Dorchester County, SC	1998	NA	42845	41514	1331	3.1
CN4503700000000	45	037	Edgefield County, SC	1998	NA	9320	8910	410	4.4
CN4503900000000	45	039	Fairfield County, SC	1998	NA	10947	10058	889	8.1
CN4504100000000	45	041	Florence County, SC	1998	NA	63164	60330	2834	4.5
CN4504300000000	45	043	Georgetown County, SC	1998	NA	25128	23155	1973	7.9
CN4504500000000	45	045	Greenville County, SC	1998	NA	193104	189233	3871	2
CN4504700000000	45	047	Greenwood County, SC	1998	NA	34172	32424	1748	5.1
CN4504900000000	45	049	Hampton County, SC	1998	NA	8660	8217	443	5.1
CN4505100000000	45	051	Horry County, SC	1998	NA	101210	97404	3806	3.8
CN4505300000000	45	053	Jasper County, SC	1998	NA	7933	7667	266	3.4
CN4505500000000	45	055	Kershaw County, SC	1998	NA	23125	22025	1100	4.8
CN4505700000000	45	057	Lancaster County, SC	1998	NA	28957	27603	1354	4.7
CN4505900000000	45	059	Laurens County, SC	1998	NA	28945	28035	910	3.1
CN4506100000000	45	061	Lee County, SC	1998	NA	8130	7439	691	8.5
CN4506300000000	45	063	Lexington County, SC	1998	NA	118518	116448	2070	1.7
CN4506500000000	45	065	McCormick County, SC	1998	NA	4151	3799	352	8.5
CN4506700000000	45	067	Marion County, SC	1998	NA	16255	14752	1503	9.2
CN4506900000000	45	069	Marlboro County, SC	1998	NA	11823	10388	1435	12.1
CN4507100000000	45	071	Newberry County, SC	1998	NA	18022	17085	937	5.2
CN4507300000000	45	073	Oconee County, SC	1998	NA	28482	27479	1003	3.5
CN4507500000000	45	075	Orangeburg County, SC	1998	NA	41247	38256	2991	7.3
CN4507700000000	45	077	Pickens County, SC	1998	NA	56475	54935	1540	2.7
CN4507900000000	45	079	Richland County, SC	1998	NA	158738	155191	3547	2.2
CN4508100000000	45	081	Saluda County, SC	1998	NA	8945	8563	382	4.3
CN4508300000000	45	083	Spartanburg County, SC	1998	NA	132614	128223	4391	3.3
CN4508500000000	45	085	Sumter County, SC	1998	NA	46913	44745	2168	4.6
CN4508700000000	45	087	Union County, SC	1998	NA	15185	14196	989	6.5
CN4508900000000	45	089	Williamsburg County, SC	1998	NA	14521	12888	1633	11.2
CN4509100000000	45	091	York County, SC	1998	NA	86537	83362	3175	3.7
CN4600300000000	46	003	Aurora County, SD	1998	NA	1349	1311	38	2.8
CN4600500000000	46	005	Beadle County, SD	1998	NA	9169	8810	359	3.9
CN4600700000000	46	007	Bennett County, SD	1998	NA	1013	975	38	3.8
CN4600900000000	46	009	Bon Homme County, SD	1998	NA	3115	3059	56	1.8
CN4601100000000	46	011	Brookings County, SD	1998	NA	16156	15916	240	1.5
CN4601300000000	46	013	Brown County, SD	1998	NA	21185	20702	483	2.3
CN4601500000000	46	015	Brule County, SD	1998	NA	2629	2540	89	3.4
CN4601700000000	46	017	Buffalo County, SD	1998	NA	818	740	78	9.5
CN4601900000000	46	019	Butte County, SD	1998	NA	3801	3641	160	4.2
CN4602100000000	46	021	Campbell County, SD	1998	NA	861	833	28	3.3
CN4602300000000	46	023	Charles Mix County, SD	1998	NA	4598	4416	182	4
CN4602500000000	46	025	Clark County, SD	1998	NA	1956	1895	61	3.1
CN4602700000000	46	027	Clay County, SD	1998	NA	7058	6991	67	0.9
CN4602900000000	46	029	Codington County, SD	1998	NA	14977	14498	479	3.2
CN4603100000000	46	031	Corson County, SD	1998	NA	1538	1443	95	6.2
CN4603300000000	46	033	Custer County, SD	1998	NA	3369	3228	141	4.2
CN4603500000000	46	035	Davison County, SD	1998	NA	10260	10034	226	2.2
CN4603700000000	46	037	Day County, SD	1998	NA	3041	2863	178	5.9
CN4603900000000	46	039	Deuel County, SD	1998	NA	2419	2342	77	3.2
CN4604100000000	46	041	Dewey County, SD	1998	NA	2448	2095	353	14.4
CN4604300000000	46	043	Douglas County, SD	1998	NA	1648	1602	46	2.8
CN4604500000000	46	045	Edmunds County, SD	1998	NA	2240	2205	35	1.6
CN4604700000000	46	047	Fall River County, SD	1998	NA	3445	3341	104	3
CN4604900000000	46	049	Faulk County, SD	1998	NA	1172	1145	27	2.3
CN4605100000000	46	051	Grant County, SD	1998	NA	4347	4167	180	4.1
CN4605300000000	46	053	Gregory County, SD	1998	NA	2542	2460	82	3.2
CN4605500000000	46	055	Haakon County, SD	1998	NA	1100	1063	37	3.4
CN4605700000000	46	057	Hamlin County, SD	1998	NA	2580	2512	68	2.6
CN4605900000000	46	059	Hand County, SD	1998	NA	2064	2012	52	2.5
CN4606100000000	46	061	Hanson County, SD	1998	NA	1733	1695	38	2.2
CN4606300000000	46	063	Harding County, SD	1998	NA	760	737	23	3
CN4606500000000	46	065	Hughes County, SD	1998	NA	9758	9545	213	2.2
CN4606700000000	46	067	Hutchinson County, SD	1998	NA	3856	3773	83	2.2
CN4606900000000	46	069	Hyde County, SD	1998	NA	918	891	27	2.9
CN4607100000000	46	071	Jackson County, SD	1998	NA	1113	1056	57	5.1
CN4607300000000	46	073	Jerauld County, SD	1998	NA	1151	1120	31	2.7
CN4607500000000	46	075	Jones County, SD	1998	NA	789	766	23	2.9
CN4607700000000	46	077	Kingsbury County, SD	1998	NA	2696	2592	104	3.9
CN4607900000000	46	079	Lake County, SD	1998	NA	6230	6078	152	2.4
CN4608100000000	46	081	Lawrence County, SD	1998	NA	11346	10883	463	4.1
CN4608300000000	46	083	Lincoln County, SD	1998	NA	12242	12081	161	1.3
CN4608500000000	46	085	Lyman County, SD	1998	NA	2454	2343	111	4.5
CN4608700000000	46	087	McCook County, SD	1998	NA	2470	2400	70	2.8
CN4608900000000	46	089	McPherson County, SD	1998	NA	1258	1232	26	2.1
CN4609100000000	46	091	Marshall County, SD	1998	NA	2269	2178	91	4
CN4609300000000	46	093	Meade County, SD	1998	NA	12426	12063	363	2.9
CN4609500000000	46	095	Mellette County, SD	1998	NA	698	650	48	6.9
CN4609700000000	46	097	Miner County, SD	1998	NA	1269	1226	43	3.4
CN4609900000000	46	099	Minnehaha County, SD	1998	NA	88169	86662	1507	1.7
CN4610100000000	46	101	Moody County, SD	1998	NA	3744	3566	178	4.8
CN4610200000000	46	102	Oglala Lakota County, SD	1998	NA	3239	2837	402	12.4
CN4610300000000	46	103	Pennington County, SD	1998	NA	47280	46091	1189	2.5
CN4610500000000	46	105	Perkins County, SD	1998	NA	1931	1875	56	2.9
CN4610700000000	46	107	Potter County, SD	1998	NA	1469	1422	47	3.2
CN4610900000000	46	109	Roberts County, SD	1998	NA	4809	4543	266	5.5
CN4611100000000	46	111	Sanborn County, SD	1998	NA	1484	1438	46	3.1
CN4611500000000	46	115	Spink County, SD	1998	NA	3522	3397	125	3.5
CN4611700000000	46	117	Stanley County, SD	1998	NA	1869	1822	47	2.5
CN4611900000000	46	119	Sully County, SD	1998	NA	871	845	26	3
CN4612100000000	46	121	Todd County, SD	1998	NA	2851	2632	219	7.7
CN4612300000000	46	123	Tripp County, SD	1998	NA	3581	3483	98	2.7
CN4612500000000	46	125	Turner County, SD	1998	NA	4132	4035	97	2.3
CN4612700000000	46	127	Union County, SD	1998	NA	7122	6900	222	3.1
CN4612900000000	46	129	Walworth County, SD	1998	NA	3097	2990	107	3.5
CN4613500000000	46	135	Yankton County, SD	1998	NA	11261	11006	255	2.3
CN4613700000000	46	137	Ziebach County, SD	1998	NA	688	607	81	11.8
CN4700100000000	47	001	Anderson County, TN	1998	NA	35719	34383	1336	3.7
CN4700300000000	47	003	Bedford County, TN	1998	NA	18069	17092	977	5.4
CN4700500000000	47	005	Benton County, TN	1998	NA	7530	6942	588	7.8
CN4700700000000	47	007	Bledsoe County, TN	1998	NA	4111	3941	170	4.1
CN4700900000000	47	009	Blount County, TN	1998	NA	50894	49210	1684	3.3
CN4701100000000	47	011	Bradley County, TN	1998	NA	43785	42072	1713	3.9
CN4701300000000	47	013	Campbell County, TN	1998	NA	16993	15871	1122	6.6
CN4701500000000	47	015	Cannon County, TN	1998	NA	4950	4635	315	6.4
CN4701700000000	47	017	Carroll County, TN	1998	NA	13250	12095	1155	8.7
CN4701900000000	47	019	Carter County, TN	1998	NA	25977	24608	1369	5.3
CN4702100000000	47	021	Cheatham County, TN	1998	NA	19360	18931	429	2.2
CN4702300000000	47	023	Chester County, TN	1998	NA	8305	7962	343	4.1
CN4702500000000	47	025	Claiborne County, TN	1998	NA	12637	12047	590	4.7
CN4702700000000	47	027	Clay County, TN	1998	NA	2727	2358	369	13.5
CN4702900000000	47	029	Cocke County, TN	1998	NA	16641	15340	1301	7.8
CN4703100000000	47	031	Coffee County, TN	1998	NA	23131	21987	1144	4.9
CN4703300000000	47	033	Crockett County, TN	1998	NA	7269	6799	470	6.5
CN4703500000000	47	035	Cumberland County, TN	1998	NA	20990	19770	1220	5.8
CN4703700000000	47	037	Davidson County, TN	1998	NA	307550	299404	8146	2.6
CN4703900000000	47	039	Decatur County, TN	1998	NA	5737	5236	501	8.7
CN4704100000000	47	041	DeKalb County, TN	1998	NA	8275	7734	541	6.5
CN4704300000000	47	043	Dickson County, TN	1998	NA	21713	20972	741	3.4
CN4704500000000	47	045	Dyer County, TN	1998	NA	18494	17685	809	4.4
CN4704700000000	47	047	Fayette County, TN	1998	NA	14188	13616	572	4
CN4704900000000	47	049	Fentress County, TN	1998	NA	6809	6181	628	9.2
CN4705100000000	47	051	Franklin County, TN	1998	NA	18684	17819	865	4.6
CN4705300000000	47	053	Gibson County, TN	1998	NA	22000	20667	1333	6.1
CN4705500000000	47	055	Giles County, TN	1998	NA	15762	15111	651	4.1
CN4705700000000	47	057	Grainger County, TN	1998	NA	10134	9624	510	5
CN4705900000000	47	059	Greene County, TN	1998	NA	35177	32905	2272	6.5
CN4706100000000	47	061	Grundy County, TN	1998	NA	5625	5256	369	6.6
CN4706300000000	47	063	Hamblen County, TN	1998	NA	30227	28851	1376	4.6
CN4706500000000	47	065	Hamilton County, TN	1998	NA	148639	143015	5624	3.8
CN4706700000000	47	067	Hancock County, TN	1998	NA	2810	2640	170	6
CN4706900000000	47	069	Hardeman County, TN	1998	NA	9693	8518	1175	12.1
CN4707100000000	47	071	Hardin County, TN	1998	NA	12640	11719	921	7.3
CN4707300000000	47	073	Hawkins County, TN	1998	NA	23835	22680	1155	4.8
CN4707500000000	47	075	Haywood County, TN	1998	NA	8679	7786	893	10.3
CN4707700000000	47	077	Henderson County, TN	1998	NA	14376	13254	1122	7.8
CN4707900000000	47	079	Henry County, TN	1998	NA	14857	13813	1044	7
CN4708100000000	47	081	Hickman County, TN	1998	NA	8214	7627	587	7.1
CN4708300000000	47	083	Houston County, TN	1998	NA	2815	2494	321	11.4
CN4708500000000	47	085	Humphreys County, TN	1998	NA	8112	7525	587	7.2
CN4708700000000	47	087	Jackson County, TN	1998	NA	4693	4285	408	8.7
CN4708900000000	47	089	Jefferson County, TN	1998	NA	23674	22511	1163	4.9
CN4709100000000	47	091	Johnson County, TN	1998	NA	7336	6785	551	7.5
CN4709300000000	47	093	Knox County, TN	1998	NA	202940	196471	6469	3.2
CN4709500000000	47	095	Lake County, TN	1998	NA	2550	2300	250	9.8
CN4709700000000	47	097	Lauderdale County, TN	1998	NA	10078	9229	849	8.4
CN4709900000000	47	099	Lawrence County, TN	1998	NA	21917	19915	2002	9.1
CN4710100000000	47	101	Lewis County, TN	1998	NA	4381	3887	494	11.3
CN4710300000000	47	103	Lincoln County, TN	1998	NA	14372	13552	820	5.7
CN4710500000000	47	105	Loudon County, TN	1998	NA	20484	19818	666	3.3
CN4710700000000	47	107	McMinn County, TN	1998	NA	22208	20809	1399	6.3
CN4710900000000	47	109	McNairy County, TN	1998	NA	12194	11429	765	6.3
CN4711100000000	47	111	Macon County, TN	1998	NA	8187	7693	494	6
CN4711300000000	47	113	Madison County, TN	1998	NA	50176	48438	1738	3.5
CN4711500000000	47	115	Marion County, TN	1998	NA	12447	11735	712	5.7
CN4711700000000	47	117	Marshall County, TN	1998	NA	12531	11956	575	4.6
CN4711900000000	47	119	Maury County, TN	1998	NA	37116	35740	1376	3.7
CN4712100000000	47	121	Meigs County, TN	1998	NA	4718	4329	389	8.2
CN4712300000000	47	123	Monroe County, TN	1998	NA	18004	16889	1115	6.2
CN4712500000000	47	125	Montgomery County, TN	1998	NA	56495	54441	2054	3.6
CN4712700000000	47	127	Moore County, TN	1998	NA	2976	2888	88	3
CN4712900000000	47	129	Morgan County, TN	1998	NA	6863	6357	506	7.4
CN4713100000000	47	131	Obion County, TN	1998	NA	15330	14508	822	5.4
CN4713300000000	47	133	Overton County, TN	1998	NA	9967	9258	709	7.1
CN4713500000000	47	135	Perry County, TN	1998	NA	3805	3537	268	7
CN4713700000000	47	137	Pickett County, TN	1998	NA	2188	2061	127	5.8
CN4713900000000	47	139	Polk County, TN	1998	NA	6980	6559	421	6
CN4714100000000	47	141	Putnam County, TN	1998	NA	31320	29971	1349	4.3
CN4714300000000	47	143	Rhea County, TN	1998	NA	11866	10945	921	7.8
CN4714500000000	47	145	Roane County, TN	1998	NA	26328	24975	1353	5.1
CN4714700000000	47	147	Robertson County, TN	1998	NA	28684	27679	1005	3.5
CN4714900000000	47	149	Rutherford County, TN	1998	NA	95347	92562	2785	2.9
CN4715100000000	47	151	Scott County, TN	1998	NA	8538	7958	580	6.8
CN4715300000000	47	153	Sequatchie County, TN	1998	NA	4845	4561	284	5.9
CN4715500000000	47	155	Sevier County, TN	1998	NA	35379	32992	2387	6.7
CN4715700000000	47	157	Shelby County, TN	1998	NA	445859	428636	17223	3.9
CN4715900000000	47	159	Smith County, TN	1998	NA	9748	9373	375	3.8
CN4716100000000	47	161	Stewart County, TN	1998	NA	3294	2956	338	10.3
CN4716300000000	47	163	Sullivan County, TN	1998	NA	75330	72382	2948	3.9
CN4716500000000	47	165	Sumner County, TN	1998	NA	69262	66910	2352	3.4
CN4716700000000	47	167	Tipton County, TN	1998	NA	22533	21510	1023	4.5
CN4716900000000	47	169	Trousdale County, TN	1998	NA	2050	1867	183	8.9
CN4717100000000	47	171	Unicoi County, TN	1998	NA	7949	7526	423	5.3
CN4717300000000	47	173	Union County, TN	1998	NA	7801	7467	334	4.3
CN4717500000000	47	175	Van Buren County, TN	1998	NA	2421	2254	167	6.9
CN4717700000000	47	177	Warren County, TN	1998	NA	19647	18438	1209	6.2
CN4717900000000	47	179	Washington County, TN	1998	NA	52175	50391	1784	3.4
CN4718100000000	47	181	Wayne County, TN	1998	NA	7758	6698	1060	13.7
CN4718300000000	47	183	Weakley County, TN	1998	NA	17499	16505	994	5.7
CN4718500000000	47	185	White County, TN	1998	NA	11440	10800	640	5.6
CN4718700000000	47	187	Williamson County, TN	1998	NA	65960	64853	1107	1.7
CN4718900000000	47	189	Wilson County, TN	1998	NA	47378	45762	1616	3.4
CN4800100000000	48	001	Anderson County, TX	1998	NA	20949	19735	1214	5.8
CN4800300000000	48	003	Andrews County, TX	1998	NA	5526	5084	442	8
CN4800500000000	48	005	Angelina County, TX	1998	NA	36275	34166	2109	5.8
CN4800700000000	48	007	Aransas County, TX	1998	NA	9650	9063	587	6.1
CN4800900000000	48	009	Archer County, TX	1998	NA	4165	4021	144	3.5
CN4801100000000	48	011	Armstrong County, TX	1998	NA	979	958	21	2.1
CN4801300000000	48	013	Atascosa County, TX	1998	NA	16684	15890	794	4.8
CN4801500000000	48	015	Austin County, TX	1998	NA	12612	12203	409	3.2
CN4801700000000	48	017	Bailey County, TX	1998	NA	3536	3313	223	6.3
CN4801900000000	48	019	Bandera County, TX	1998	NA	6719	6496	223	3.3
CN4802100000000	48	021	Bastrop County, TX	1998	NA	26925	26097	828	3.1
CN4802300000000	48	023	Baylor County, TX	1998	NA	1816	1719	97	5.3
CN4802500000000	48	025	Bee County, TX	1998	NA	11078	10437	641	5.8
CN4802700000000	48	027	Bell County, TX	1998	NA	93467	89418	4049	4.3
CN4802900000000	48	029	Bexar County, TX	1998	NA	661519	635849	25670	3.9
CN4803100000000	48	031	Blanco County, TX	1998	NA	3758	3675	83	2.2
CN4803300000000	48	033	Borden County, TX	1998	NA	405	397	8	2
CN4803500000000	48	035	Bosque County, TX	1998	NA	6592	6317	275	4.2
CN4803700000000	48	037	Bowie County, TX	1998	NA	39338	36009	3329	8.5
CN4803900000000	48	039	Brazoria County, TX	1998	NA	105551	99039	6512	6.2
CN4804100000000	48	041	Brazos County, TX	1998	NA	73739	72468	1271	1.7
CN4804300000000	48	043	Brewster County, TX	1998	NA	5183	5055	128	2.5
CN4804500000000	48	045	Briscoe County, TX	1998	NA	928	894	34	3.7
CN4804700000000	48	047	Brooks County, TX	1998	NA	2996	2722	274	9.1
CN4804900000000	48	049	Brown County, TX	1998	NA	16975	16159	816	4.8
CN4805100000000	48	051	Burleson County, TX	1998	NA	6988	6698	290	4.1
CN4805300000000	48	053	Burnet County, TX	1998	NA	13563	13078	485	3.6
CN4805500000000	48	055	Caldwell County, TX	1998	NA	15729	15122	607	3.9
CN4805700000000	48	057	Calhoun County, TX	1998	NA	9402	8765	637	6.8
CN4805900000000	48	059	Callahan County, TX	1998	NA	5963	5724	239	4
CN4806100000000	48	061	Cameron County, TX	1998	NA	127362	111144	16218	12.7
CN4806300000000	48	063	Camp County, TX	1998	NA	5449	5001	448	8.2
CN4806500000000	48	065	Carson County, TX	1998	NA	3155	3032	123	3.9
CN4806700000000	48	067	Cass County, TX	1998	NA	15935	14558	1377	8.6
CN4806900000000	48	069	Castro County, TX	1998	NA	4148	3959	189	4.6
CN4807100000000	48	071	Chambers County, TX	1998	NA	11791	11279	512	4.3
CN4807300000000	48	073	Cherokee County, TX	1998	NA	20865	19985	880	4.2
CN4807500000000	48	075	Childress County, TX	1998	NA	3182	3048	134	4.2
CN4807700000000	48	077	Clay County, TX	1998	NA	5367	5196	171	3.2
CN4807900000000	48	079	Cochran County, TX	1998	NA	1437	1358	79	5.5
CN4808100000000	48	081	Coke County, TX	1998	NA	1525	1477	48	3.1
CN4808300000000	48	083	Coleman County, TX	1998	NA	3694	3350	344	9.3
CN4808500000000	48	085	Collin County, TX	1998	NA	261450	256132	5318	2
CN4808700000000	48	087	Collingsworth County, TX	1998	NA	1549	1523	26	1.7
CN4808900000000	48	089	Colorado County, TX	1998	NA	8213	7903	310	3.8
CN4809100000000	48	091	Comal County, TX	1998	NA	37838	36819	1019	2.7
CN4809300000000	48	093	Comanche County, TX	1998	NA	6859	6593	266	3.9
CN4809500000000	48	095	Concho County, TX	1998	NA	1500	1460	40	2.7
CN4809700000000	48	097	Cooke County, TX	1998	NA	16842	16282	560	3.3
CN4809900000000	48	099	Coryell County, TX	1998	NA	21253	20311	942	4.4
CN4810100000000	48	101	Cottle County, TX	1998	NA	836	789	47	5.6
CN4810300000000	48	103	Crane County, TX	1998	NA	2183	2052	131	6
CN4810500000000	48	105	Crockett County, TX	1998	NA	2112	2011	101	4.8
CN4810700000000	48	107	Crosby County, TX	1998	NA	2945	2723	222	7.5
CN4810900000000	48	109	Culberson County, TX	1998	NA	1245	1141	104	8.4
CN4811100000000	48	111	Dallam County, TX	1998	NA	3650	3530	120	3.3
CN4811300000000	48	113	Dallas County, TX	1998	NA	1193975	1149251	44724	3.7
CN4811500000000	48	115	Dawson County, TX	1998	NA	5958	5586	372	6.2
CN4811700000000	48	117	Deaf Smith County, TX	1998	NA	8082	7482	600	7.4
CN4811900000000	48	119	Delta County, TX	1998	NA	2720	2619	101	3.7
CN4812100000000	48	121	Denton County, TX	1998	NA	237355	232548	4807	2
CN4812300000000	48	123	DeWitt County, TX	1998	NA	8611	8221	390	4.5
CN4812500000000	48	125	Dickens County, TX	1998	NA	1007	961	46	4.6
CN4812700000000	48	127	Dimmit County, TX	1998	NA	3692	3083	609	16.5
CN4812900000000	48	129	Donley County, TX	1998	NA	1481	1407	74	5
CN4813100000000	48	131	Duval County, TX	1998	NA	5026	4400	626	12.5
CN4813300000000	48	133	Eastland County, TX	1998	NA	8874	8436	438	4.9
CN4813500000000	48	135	Ector County, TX	1998	NA	63536	59313	4223	6.6
CN4813700000000	48	137	Edwards County, TX	1998	NA	843	791	52	6.2
CN4813900000000	48	139	Ellis County, TX	1998	NA	53869	51886	1983	3.7
CN4814100000000	48	141	El Paso County, TX	1998	NA	290423	260328	30095	10.4
CN4814300000000	48	143	Erath County, TX	1998	NA	16462	15987	475	2.9
CN4814500000000	48	145	Falls County, TX	1998	NA	6997	6670	327	4.7
CN4814700000000	48	147	Fannin County, TX	1998	NA	13111	12509	602	4.6
CN4814900000000	48	149	Fayette County, TX	1998	NA	10444	10163	281	2.7
CN4815100000000	48	151	Fisher County, TX	1998	NA	1768	1693	75	4.2
CN4815300000000	48	153	Floyd County, TX	1998	NA	3422	3151	271	7.9
CN4815500000000	48	155	Foard County, TX	1998	NA	805	773	32	4
CN4815700000000	48	157	Fort Bend County, TX	1998	NA	180580	175461	5119	2.8
CN4815900000000	48	159	Franklin County, TX	1998	NA	4449	4254	195	4.4
CN4816100000000	48	161	Freestone County, TX	1998	NA	7536	7119	417	5.5
CN4816300000000	48	163	Frio County, TX	1998	NA	6392	5826	566	8.9
CN4816500000000	48	165	Gaines County, TX	1998	NA	6830	6484	346	5.1
CN4816700000000	48	167	Galveston County, TX	1998	NA	123800	115462	8338	6.7
CN4816900000000	48	169	Garza County, TX	1998	NA	2033	1894	139	6.8
CN4817100000000	48	171	Gillespie County, TX	1998	NA	10375	10188	187	1.8
CN4817300000000	48	173	Glasscock County, TX	1998	NA	661	646	15	2.3
CN4817500000000	48	175	Goliad County, TX	1998	NA	2751	2649	102	3.7
CN4817700000000	48	177	Gonzales County, TX	1998	NA	7402	7110	292	3.9
CN4817900000000	48	179	Gray County, TX	1998	NA	10499	9993	506	4.8
CN4818100000000	48	181	Grayson County, TX	1998	NA	50436	47963	2473	4.9
CN4818300000000	48	183	Gregg County, TX	1998	NA	59436	55212	4224	7.1
CN4818500000000	48	185	Grimes County, TX	1998	NA	8895	8462	433	4.9
CN4818700000000	48	187	Guadalupe County, TX	1998	NA	41727	40649	1078	2.6
CN4818900000000	48	189	Hale County, TX	1998	NA	17359	16303	1056	6.1
CN4819100000000	48	191	Hall County, TX	1998	NA	1663	1542	121	7.3
CN4819300000000	48	193	Hamilton County, TX	1998	NA	4068	3904	164	4
CN4819500000000	48	195	Hansford County, TX	1998	NA	2490	2424	66	2.7
CN4819700000000	48	197	Hardeman County, TX	1998	NA	1994	1881	113	5.7
CN4819900000000	48	199	Hardin County, TX	1998	NA	23450	21940	1510	6.4
CN4820100000000	48	201	Harris County, TX	1998	NA	1751260	1675586	75674	4.3
CN4820300000000	48	203	Harrison County, TX	1998	NA	28152	26007	2145	7.6
CN4820500000000	48	205	Hartley County, TX	1998	NA	2946	2901	45	1.5
CN4820700000000	48	207	Haskell County, TX	1998	NA	2629	2529	100	3.8
CN4820900000000	48	209	Hays County, TX	1998	NA	50485	49095	1390	2.8
CN4821100000000	48	211	Hemphill County, TX	1998	NA	1922	1868	54	2.8
CN4821300000000	48	213	Henderson County, TX	1998	NA	29706	28458	1248	4.2
CN4821500000000	48	215	Hidalgo County, TX	1998	NA	194779	159775	35004	18
CN4821700000000	48	217	Hill County, TX	1998	NA	15933	15312	621	3.9
CN4821900000000	48	219	Hockley County, TX	1998	NA	11116	10437	679	6.1
CN4822100000000	48	221	Hood County, TX	1998	NA	16692	15965	727	4.4
CN4822300000000	48	223	Hopkins County, TX	1998	NA	16034	15236	798	5
CN4822500000000	48	225	Houston County, TX	1998	NA	8855	8501	354	4
CN4822700000000	48	227	Howard County, TX	1998	NA	14247	13551	696	4.9
CN4822900000000	48	229	Hudspeth County, TX	1998	NA	1433	1390	43	3
CN4823100000000	48	231	Hunt County, TX	1998	NA	35501	34070	1431	4
CN4823300000000	48	233	Hutchinson County, TX	1998	NA	9766	9202	564	5.8
CN4823500000000	48	235	Irion County, TX	1998	NA	764	743	21	2.7
CN4823700000000	48	237	Jack County, TX	1998	NA	3588	3470	118	3.3
CN4823900000000	48	239	Jackson County, TX	1998	NA	8542	8232	310	3.6
CN4824100000000	48	241	Jasper County, TX	1998	NA	14965	13263	1702	11.4
CN4824300000000	48	243	Jeff Davis County, TX	1998	NA	1530	1496	34	2.2
CN4824500000000	48	245	Jefferson County, TX	1998	NA	116972	108876	8096	6.9
CN4824700000000	48	247	Jim Hogg County, TX	1998	NA	2169	1951	218	10.1
CN4824900000000	48	249	Jim Wells County, TX	1998	NA	17114	15626	1488	8.7
CN4825100000000	48	251	Johnson County, TX	1998	NA	59646	57567	2079	3.5
CN4825300000000	48	253	Jones County, TX	1998	NA	10299	9952	347	3.4
CN4825500000000	48	255	Karnes County, TX	1998	NA	6163	5912	251	4.1
CN4825700000000	48	257	Kaufman County, TX	1998	NA	32169	30777	1392	4.3
CN4825900000000	48	259	Kendall County, TX	1998	NA	12600	12276	324	2.6
CN4826100000000	48	261	Kenedy County, TX	1998	NA	240	232	8	3.3
CN4826300000000	48	263	Kent County, TX	1998	NA	448	434	14	3.1
CN4826500000000	48	265	Kerr County, TX	1998	NA	17687	17231	456	2.6
CN4826700000000	48	267	Kimble County, TX	1998	NA	2401	2347	54	2.2
CN4826900000000	48	269	King County, TX	1998	NA	125	116	9	7.2
CN4827100000000	48	271	Kinney County, TX	1998	NA	1124	1026	98	8.7
CN4827300000000	48	273	Kleberg County, TX	1998	NA	13331	12429	902	6.8
CN4827500000000	48	275	Knox County, TX	1998	NA	2093	1992	101	4.8
CN4827700000000	48	277	Lamar County, TX	1998	NA	21789	20318	1471	6.8
CN4827900000000	48	279	Lamb County, TX	1998	NA	6600	6173	427	6.5
CN4828100000000	48	281	Lampasas County, TX	1998	NA	7688	7351	337	4.4
CN4828300000000	48	283	La Salle County, TX	1998	NA	2945	2689	256	8.7
CN4828500000000	48	285	Lavaca County, TX	1998	NA	9309	9100	209	2.2
CN4828700000000	48	287	Lee County, TX	1998	NA	7206	6933	273	3.8
CN4828900000000	48	289	Leon County, TX	1998	NA	5880	5487	393	6.7
CN4829100000000	48	291	Liberty County, TX	1998	NA	28691	26782	1909	6.7
CN4829300000000	48	293	Limestone County, TX	1998	NA	9245	8774	471	5.1
CN4829500000000	48	295	Lipscomb County, TX	1998	NA	1586	1547	39	2.5
CN4829700000000	48	297	Live Oak County, TX	1998	NA	4519	4322	197	4.4
CN4829900000000	48	299	Llano County, TX	1998	NA	5292	5117	175	3.3
CN4830100000000	48	301	Loving County, TX	1998	NA	82	74	8	9.8
CN4830300000000	48	303	Lubbock County, TX	1998	NA	122676	118499	4177	3.4
CN4830500000000	48	305	Lynn County, TX	1998	NA	2957	2817	140	4.7
CN4830700000000	48	307	McCulloch County, TX	1998	NA	3757	3516	241	6.4
CN4830900000000	48	309	McLennan County, TX	1998	NA	100447	96066	4381	4.4
CN4831100000000	48	311	McMullen County, TX	1998	NA	279	268	11	3.9
CN4831300000000	48	313	Madison County, TX	1998	NA	4195	4050	145	3.5
CN4831500000000	48	315	Marion County, TX	1998	NA	3869	3482	387	10
CN4831700000000	48	317	Martin County, TX	1998	NA	1711	1627	84	4.9
CN4831900000000	48	319	Mason County, TX	1998	NA	1541	1500	41	2.7
CN4832100000000	48	321	Matagorda County, TX	1998	NA	16929	14958	1971	11.6
CN4832300000000	48	323	Maverick County, TX	1998	NA	18351	13570	4781	26.1
CN4832500000000	48	325	Medina County, TX	1998	NA	15696	14959	737	4.7
CN4832700000000	48	327	Menard County, TX	1998	NA	1111	1071	40	3.6
CN4832900000000	48	329	Midland County, TX	1998	NA	64315	61598	2717	4.2
CN4833100000000	48	331	Milam County, TX	1998	NA	9634	9202	432	4.5
CN4833300000000	48	333	Mills County, TX	1998	NA	2319	2251	68	2.9
CN4833500000000	48	335	Mitchell County, TX	1998	NA	3468	3203	265	7.6
CN4833700000000	48	337	Montague County, TX	1998	NA	7530	7197	333	4.4
CN4833900000000	48	339	Montgomery County, TX	1998	NA	137422	132840	4582	3.3
CN4834100000000	48	341	Moore County, TX	1998	NA	9360	9065	295	3.2
CN4834300000000	48	343	Morris County, TX	1998	NA	6543	5698	845	12.9
CN4834500000000	48	345	Motley County, TX	1998	NA	605	583	22	3.6
CN4834700000000	48	347	Nacogdoches County, TX	1998	NA	25284	24119	1165	4.6
CN4834900000000	48	349	Navarro County, TX	1998	NA	21264	20171	1093	5.1
CN4835100000000	48	351	Newton County, TX	1998	NA	5855	5140	715	12.2
CN4835300000000	48	353	Nolan County, TX	1998	NA	7435	6954	481	6.5
CN4835500000000	48	355	Nueces County, TX	1998	NA	146316	136227	10089	6.9
CN4835700000000	48	357	Ochiltree County, TX	1998	NA	5147	4988	159	3.1
CN4835900000000	48	359	Oldham County, TX	1998	NA	1142	1105	37	3.2
CN4836100000000	48	361	Orange County, TX	1998	NA	41688	37844	3844	9.2
CN4836300000000	48	363	Palo Pinto County, TX	1998	NA	12562	11888	674	5.4
CN4836500000000	48	365	Panola County, TX	1998	NA	8073	7289	784	9.7
CN4836700000000	48	367	Parker County, TX	1998	NA	40954	39765	1189	2.9
CN4836900000000	48	369	Parmer County, TX	1998	NA	4437	4304	133	3
CN4837100000000	48	371	Pecos County, TX	1998	NA	6743	6280	463	6.9
CN4837300000000	48	373	Polk County, TX	1998	NA	15029	14103	926	6.2
CN4837500000000	48	375	Potter County, TX	1998	NA	55029	51896	3133	5.7
CN4837700000000	48	377	Presidio County, TX	1998	NA	3723	2616	1107	29.7
CN4837900000000	48	379	Rains County, TX	1998	NA	3810	3646	164	4.3
CN4838100000000	48	381	Randall County, TX	1998	NA	57533	56587	946	1.6
CN4838300000000	48	383	Reagan County, TX	1998	NA	1945	1824	121	6.2
CN4838500000000	48	385	Real County, TX	1998	NA	1250	1202	48	3.8
CN4838700000000	48	387	Red River County, TX	1998	NA	6072	5670	402	6.6
CN4838900000000	48	389	Reeves County, TX	1998	NA	6762	6025	737	10.9
CN4839100000000	48	391	Refugio County, TX	1998	NA	2967	2825	142	4.8
CN4839300000000	48	393	Roberts County, TX	1998	NA	488	468	20	4.1
CN4839500000000	48	395	Robertson County, TX	1998	NA	6441	6124	317	4.9
CN4839700000000	48	397	Rockwall County, TX	1998	NA	21272	20813	459	2.2
CN4839900000000	48	399	Runnels County, TX	1998	NA	5192	4960	232	4.5
CN4840100000000	48	401	Rusk County, TX	1998	NA	20861	19619	1242	6
CN4840300000000	48	403	Sabine County, TX	1998	NA	4084	3719	365	8.9
CN4840500000000	48	405	San Augustine County, TX	1998	NA	3411	3169	242	7.1
CN4840700000000	48	407	San Jacinto County, TX	1998	NA	8220	7866	354	4.3
CN4840900000000	48	409	San Patricio County, TX	1998	NA	29795	27733	2062	6.9
CN4841100000000	48	411	San Saba County, TX	1998	NA	2551	2449	102	4
CN4841300000000	48	413	Schleicher County, TX	1998	NA	1521	1456	65	4.3
CN4841500000000	48	415	Scurry County, TX	1998	NA	8081	7649	432	5.3
CN4841700000000	48	417	Shackelford County, TX	1998	NA	1409	1332	77	5.5
CN4841900000000	48	419	Shelby County, TX	1998	NA	9553	8958	595	6.2
CN4842100000000	48	421	Sherman County, TX	1998	NA	1414	1389	25	1.8
CN4842300000000	48	423	Smith County, TX	1998	NA	89518	84883	4635	5.2
CN4842500000000	48	425	Somervell County, TX	1998	NA	2023	1873	150	7.4
CN4842700000000	48	427	Starr County, TX	1998	NA	21664	15682	5982	27.6
CN4842900000000	48	429	Stephens County, TX	1998	NA	4298	4103	195	4.5
CN4843100000000	48	431	Sterling County, TX	1998	NA	696	672	24	3.4
CN4843300000000	48	433	Stonewall County, TX	1998	NA	742	698	44	5.9
CN4843500000000	48	435	Sutton County, TX	1998	NA	2207	2113	94	4.3
CN4843700000000	48	437	Swisher County, TX	1998	NA	3710	3568	142	3.8
CN4843900000000	48	439	Tarrant County, TX	1998	NA	757445	732087	25358	3.3
CN4844100000000	48	441	Taylor County, TX	1998	NA	60594	58390	2204	3.6
CN4844300000000	48	443	Terrell County, TX	1998	NA	529	505	24	4.5
CN4844500000000	48	445	Terry County, TX	1998	NA	5777	5365	412	7.1
CN4844700000000	48	447	Throckmorton County, TX	1998	NA	772	754	18	2.3
CN4844900000000	48	449	Titus County, TX	1998	NA	12732	11898	834	6.6
CN4845100000000	48	451	Tom Green County, TX	1998	NA	52230	50084	2146	4.1
CN4845300000000	48	453	Travis County, TX	1998	NA	449531	436822	12709	2.8
CN4845500000000	48	455	Trinity County, TX	1998	NA	4781	4522	259	5.4
CN4845700000000	48	457	Tyler County, TX	1998	NA	6465	5929	536	8.3
CN4845900000000	48	459	Upshur County, TX	1998	NA	17000	15838	1162	6.8
CN4846100000000	48	461	Upton County, TX	1998	NA	1627	1533	94	5.8
CN4846300000000	48	463	Uvalde County, TX	1998	NA	11314	10147	1167	10.3
CN4846500000000	48	465	Val Verde County, TX	1998	NA	17866	16165	1701	9.5
CN4846700000000	48	467	Van Zandt County, TX	1998	NA	19881	19049	832	4.2
CN4846900000000	48	469	Victoria County, TX	1998	NA	43310	41315	1995	4.6
CN4847100000000	48	471	Walker County, TX	1998	NA	23289	22777	512	2.2
CN4847300000000	48	473	Waller County, TX	1998	NA	12530	11980	550	4.4
CN4847500000000	48	475	Ward County, TX	1998	NA	4701	4325	376	8
CN4847700000000	48	477	Washington County, TX	1998	NA	15021	14647	374	2.5
CN4847900000000	48	479	Webb County, TX	1998	NA	72462	65627	6835	9.4
CN4848100000000	48	481	Wharton County, TX	1998	NA	19076	18017	1059	5.6
CN4848300000000	48	483	Wheeler County, TX	1998	NA	2795	2703	92	3.3
CN4848500000000	48	485	Wichita County, TX	1998	NA	61420	58402	3018	4.9
CN4848700000000	48	487	Wilbarger County, TX	1998	NA	7237	7000	237	3.3
CN4848900000000	48	489	Willacy County, TX	1998	NA	7363	5808	1555	21.1
CN4849100000000	48	491	Williamson County, TX	1998	NA	136637	134001	2636	1.9
CN4849300000000	48	493	Wilson County, TX	1998	NA	15058	14609	449	3
CN4849500000000	48	495	Winkler County, TX	1998	NA	3152	2862	290	9.2
CN4849700000000	48	497	Wise County, TX	1998	NA	22955	22225	730	3.2
CN4849900000000	48	499	Wood County, TX	1998	NA	13720	12956	764	5.6
CN4850100000000	48	501	Yoakum County, TX	1998	NA	3439	3198	241	7
CN4850300000000	48	503	Young County, TX	1998	NA	8294	7779	515	6.2
CN4850500000000	48	505	Zapata County, TX	1998	NA	4673	4139	534	11.4
CN4850700000000	48	507	Zavala County, TX	1998	NA	4369	3438	931	21.3
CN4900100000000	49	001	Beaver County, UT	1998	NA	2504	2384	120	4.8
CN4900300000000	49	003	Box Elder County, UT	1998	NA	19318	18413	905	4.7
CN4900500000000	49	005	Cache County, UT	1998	NA	44632	43279	1353	3
CN4900700000000	49	007	Carbon County, UT	1998	NA	9871	9264	607	6.1
CN4900900000000	49	009	Daggett County, UT	1998	NA	424	408	16	3.8
CN4901100000000	49	011	Davis County, UT	1998	NA	120576	116554	4022	3.3
CN4901300000000	49	013	Duchesne County, UT	1998	NA	6120	5672	448	7.3
CN4901500000000	49	015	Emery County, UT	1998	NA	4233	3905	328	7.7
CN4901700000000	49	017	Garfield County, UT	1998	NA	2745	2510	235	8.6
CN4901900000000	49	019	Grand County, UT	1998	NA	5332	4952	380	7.1
CN4902100000000	49	021	Iron County, UT	1998	NA	14913	14345	568	3.8
CN4902300000000	49	023	Juab County, UT	1998	NA	3622	3461	161	4.4
CN4902500000000	49	025	Kane County, UT	1998	NA	2708	2605	103	3.8
CN4902700000000	49	027	Millard County, UT	1998	NA	4718	4499	219	4.6
CN4902900000000	49	029	Morgan County, UT	1998	NA	3686	3544	142	3.9
CN4903100000000	49	031	Piute County, UT	1998	NA	526	501	25	4.8
CN4903300000000	49	033	Rich County, UT	1998	NA	981	948	33	3.4
CN4903500000000	49	035	Salt Lake County, UT	1998	NA	483047	467234	15813	3.3
CN4903700000000	49	037	San Juan County, UT	1998	NA	4987	4592	395	7.9
CN4903900000000	49	039	Sanpete County, UT	1998	NA	9009	8477	532	5.9
CN4904100000000	49	041	Sevier County, UT	1998	NA	8307	7932	375	4.5
CN4904300000000	49	043	Summit County, UT	1998	NA	14170	13546	624	4.4
CN4904500000000	49	045	Tooele County, UT	1998	NA	12014	11424	590	4.9
CN4904700000000	49	047	Uintah County, UT	1998	NA	10897	10249	648	5.9
CN4904900000000	49	049	Utah County, UT	1998	NA	165275	160251	5024	3
CN4905100000000	49	051	Wasatch County, UT	1998	NA	6196	5899	297	4.8
CN4905300000000	49	053	Washington County, UT	1998	NA	37212	35850	1362	3.7
CN4905500000000	49	055	Wayne County, UT	1998	NA	1485	1396	89	6
CN4905700000000	49	057	Weber County, UT	1998	NA	101324	96571	4753	4.7
CN5000100000000	50	001	Addison County, VT	1998	NA	19586	18884	702	3.6
CN5000300000000	50	003	Bennington County, VT	1998	NA	20158	19371	787	3.9
CN5000500000000	50	005	Caledonia County, VT	1998	NA	15129	14407	722	4.8
CN5000700000000	50	007	Chittenden County, VT	1998	NA	89540	87521	2019	2.3
CN5000900000000	50	009	Essex County, VT	1998	NA	2847	2677	170	6
CN5001100000000	50	011	Franklin County, VT	1998	NA	23262	22487	775	3.3
CN5001300000000	50	013	Grand Isle County, VT	1998	NA	3356	3200	156	4.6
CN5001500000000	50	015	Lamoille County, VT	1998	NA	11930	11368	562	4.7
CN5001700000000	50	017	Orange County, VT	1998	NA	15853	15431	422	2.7
CN5001900000000	50	019	Orleans County, VT	1998	NA	12317	11443	874	7.1
CN5002100000000	50	021	Rutland County, VT	1998	NA	32856	31581	1275	3.9
CN5002300000000	50	023	Washington County, VT	1998	NA	31245	29968	1277	4.1
CN5002500000000	50	025	Windham County, VT	1998	NA	23857	23112	745	3.1
CN5002700000000	50	027	Windsor County, VT	1998	NA	31792	30950	842	2.6
CN5100100000000	51	001	Accomack County, VA	1998	NA	14437	13489	948	6.6
CN5100300000000	51	003	Albemarle County, VA	1998	NA	39643	39183	460	1.2
CN5100500000000	51	005	Alleghany County, VA	1998	NA	8502	8060	442	5.2
CN5100700000000	51	007	Amelia County, VA	1998	NA	5047	4912	135	2.7
CN5100900000000	51	009	Amherst County, VA	1998	NA	14337	14011	326	2.3
CN5101100000000	51	011	Appomattox County, VA	1998	NA	5657	5428	229	4
CN5101300000000	51	013	Arlington County, VA	1998	NA	105900	104138	1762	1.7
CN5101500000000	51	015	Augusta County, VA	1998	NA	31072	30380	692	2.2
CN5101700000000	51	017	Bath County, VA	1998	NA	2319	2176	143	6.2
CN5101900000000	51	019	Bedford County, VA	1998	NA	32618	31848	770	2.4
CN5102100000000	51	021	Bland County, VA	1998	NA	3484	3336	148	4.2
CN5102300000000	51	023	Botetourt County, VA	1998	NA	16597	16197	400	2.4
CN5102500000000	51	025	Brunswick County, VA	1998	NA	7336	7024	312	4.3
CN5102700000000	51	027	Buchanan County, VA	1998	NA	8955	7675	1280	14.3
CN5102900000000	51	029	Buckingham County, VA	1998	NA	6174	5854	320	5.2
CN5103100000000	51	031	Campbell County, VA	1998	NA	26105	25377	728	2.8
CN5103300000000	51	033	Caroline County, VA	1998	NA	10117	9611	506	5
CN5103500000000	51	035	Carroll County, VA	1998	NA	13719	12977	742	5.4
CN5103600000000	51	036	Charles City County, VA	1998	NA	3725	3603	122	3.3
CN5103700000000	51	037	Charlotte County, VA	1998	NA	5994	5773	221	3.7
CN5104100000000	51	041	Chesterfield County, VA	1998	NA	139335	136397	2938	2.1
CN5104300000000	51	043	Clarke County, VA	1998	NA	6404	6284	120	1.9
CN5104500000000	51	045	Craig County, VA	1998	NA	2179	2028	151	6.9
CN5104700000000	51	047	Culpeper County, VA	1998	NA	15923	15588	335	2.1
CN5104900000000	51	049	Cumberland County, VA	1998	NA	3745	3638	107	2.9
CN5105100000000	51	051	Dickenson County, VA	1998	NA	5740	4824	916	16
CN5105300000000	51	053	Dinwiddie County, VA	1998	NA	12041	11724	317	2.6
CN5105700000000	51	057	Essex County, VA	1998	NA	4332	4091	241	5.6
CN5105900000000	51	059	Fairfax County, VA	1998	NA	522884	514618	8266	1.6
CN5106100000000	51	061	Fauquier County, VA	1998	NA	27749	27260	489	1.8
CN5106300000000	51	063	Floyd County, VA	1998	NA	6449	6259	190	2.9
CN5106500000000	51	065	Fluvanna County, VA	1998	NA	9330	9190	140	1.5
CN5106700000000	51	067	Franklin County, VA	1998	NA	24334	23663	671	2.8
CN5106900000000	51	069	Frederick County, VA	1998	NA	32934	32094	840	2.6
CN5107100000000	51	071	Giles County, VA	1998	NA	8337	7721	616	7.4
CN5107300000000	51	073	Gloucester County, VA	1998	NA	17885	17443	442	2.5
CN5107500000000	51	075	Goochland County, VA	1998	NA	8982	8793	189	2.1
CN5107700000000	51	077	Grayson County, VA	1998	NA	8212	7762	450	5.5
CN5107900000000	51	079	Greene County, VA	1998	NA	7386	7280	106	1.4
CN5108100000000	51	081	Greensville County, VA	1998	NA	5452	5250	202	3.7
CN5108300000000	51	083	Halifax County, VA	1998	NA	17950	16644	1306	7.3
CN5108500000000	51	085	Hanover County, VA	1998	NA	45785	44986	799	1.7
CN5108700000000	51	087	Henrico County, VA	1998	NA	137066	134167	2899	2.1
CN5108900000000	51	089	Henry County, VA	1998	NA	27800	26718	1082	3.9
CN5109100000000	51	091	Highland County, VA	1998	NA	1263	1220	43	3.4
CN5109300000000	51	093	Isle of Wight County, VA	1998	NA	15050	14578	472	3.1
CN5109500000000	51	095	James City County, VA	1998	NA	24412	23926	486	2
CN5109700000000	51	097	King and Queen County, VA	1998	NA	2914	2823	91	3.1
CN5109900000000	51	099	King George County, VA	1998	NA	8382	8175	207	2.5
CN5110100000000	51	101	King William County, VA	1998	NA	6246	6055	191	3.1
CN5110300000000	51	103	Lancaster County, VA	1998	NA	5060	4529	531	10.5
CN5110500000000	51	105	Lee County, VA	1998	NA	9850	9065	785	8
CN5110700000000	51	107	Loudoun County, VA	1998	NA	83090	82053	1037	1.2
CN5110900000000	51	109	Louisa County, VA	1998	NA	9338	8904	434	4.6
CN5111100000000	51	111	Lunenburg County, VA	1998	NA	4583	4309	274	6
CN5111300000000	51	113	Madison County, VA	1998	NA	8253	8095	158	1.9
CN5111500000000	51	115	Mathews County, VA	1998	NA	4610	4488	122	2.6
CN5111700000000	51	117	Mecklenburg County, VA	1998	NA	14894	14219	675	4.5
CN5111900000000	51	119	Middlesex County, VA	1998	NA	4840	4736	104	2.1
CN5112100000000	51	121	Montgomery County, VA	1998	NA	36948	36232	716	1.9
CN5112500000000	51	125	Nelson County, VA	1998	NA	6989	6788	201	2.9
CN5112700000000	51	127	New Kent County, VA	1998	NA	6780	6606	174	2.6
CN5113100000000	51	131	Northampton County, VA	1998	NA	5142	4864	278	5.4
CN5113300000000	51	133	Northumberland County, VA	1998	NA	5150	4692	458	8.9
CN5113500000000	51	135	Nottoway County, VA	1998	NA	6398	6158	240	3.8
CN5113700000000	51	137	Orange County, VA	1998	NA	11059	10762	297	2.7
CN5113900000000	51	139	Page County, VA	1998	NA	11708	11132	576	4.9
CN5114100000000	51	141	Patrick County, VA	1998	NA	9100	8712	388	4.3
CN5114300000000	51	143	Pittsylvania County, VA	1998	NA	30913	29321	1592	5.1
CN5114500000000	51	145	Powhatan County, VA	1998	NA	10641	10446	195	1.8
CN5114700000000	51	147	Prince Edward County, VA	1998	NA	8117	7733	384	4.7
CN5114900000000	51	149	Prince George County, VA	1998	NA	11851	11491	360	3
CN5115300000000	51	153	Prince William County, VA	1998	NA	136689	133954	2735	2
CN5115500000000	51	155	Pulaski County, VA	1998	NA	16558	15890	668	4
CN5115700000000	51	157	Rappahannock County, VA	1998	NA	4158	4037	121	2.9
CN5115900000000	51	159	Richmond County, VA	1998	NA	3954	3765	189	4.8
CN5116100000000	51	161	Roanoke County, VA	1998	NA	48460	47667	793	1.6
CN5116300000000	51	163	Rockbridge County, VA	1998	NA	9686	9472	214	2.2
CN5116500000000	51	165	Rockingham County, VA	1998	NA	36565	36088	477	1.3
CN5116700000000	51	167	Russell County, VA	1998	NA	14084	12798	1286	9.1
CN5116900000000	51	169	Scott County, VA	1998	NA	9517	8778	739	7.8
CN5117100000000	51	171	Shenandoah County, VA	1998	NA	17310	16841	469	2.7
CN5117300000000	51	173	Smyth County, VA	1998	NA	16525	15622	903	5.5
CN5117500000000	51	175	Southampton County, VA	1998	NA	7718	7479	239	3.1
CN5117700000000	51	177	Spotsylvania County, VA	1998	NA	42461	41710	751	1.8
CN5117900000000	51	179	Stafford County, VA	1998	NA	44550	43848	702	1.6
CN5118100000000	51	181	Surry County, VA	1998	NA	2483	2285	198	8
CN5118300000000	51	183	Sussex County, VA	1998	NA	5747	5517	230	4
CN5118500000000	51	185	Tazewell County, VA	1998	NA	19714	18018	1696	8.6
CN5118700000000	51	187	Warren County, VA	1998	NA	14716	14291	425	2.9
CN5119100000000	51	191	Washington County, VA	1998	NA	25090	23823	1267	5
CN5119300000000	51	193	Westmoreland County, VA	1998	NA	7298	6892	406	5.6
CN5119500000000	51	195	Wise County, VA	1998	NA	14784	13269	1515	10.2
CN5119700000000	51	197	Wythe County, VA	1998	NA	14125	13514	611	4.3
CN5119900000000	51	199	York County, VA	1998	NA	28431	27873	558	2
CN5151000000000	51	510	Alexandria city, VA	1998	NA	72298	70669	1629	2.3
CN5152000000000	51	520	Bristol city, VA	1998	NA	7927	7575	352	4.4
CN5153000000000	51	530	Buena Vista city, VA	1998	NA	3318	3229	89	2.7
CN5154000000000	51	540	Charlottesville city, VA	1998	NA	18278	17962	316	1.7
CN5155000000000	51	550	Chesapeake city, VA	1998	NA	105004	102208	2796	2.7
CN5157000000000	51	570	Colonial Heights city, VA	1998	NA	8521	8281	240	2.8
CN5158000000000	51	580	Covington city, VA	1998	NA	3408	3215	193	5.7
CN5159000000000	51	590	Danville city, VA	1998	NA	25396	23875	1521	6
CN5159500000000	51	595	Emporia city, VA	1998	NA	2623	2513	110	4.2
CN5160000000000	51	600	Fairfax city, VA	1998	NA	12308	12151	157	1.3
CN5161000000000	51	610	Falls Church city, VA	1998	NA	5727	5600	127	2.2
CN5162000000000	51	620	Franklin city, VA	1998	NA	3760	3615	145	3.9
CN5163000000000	51	630	Fredericksburg city, VA	1998	NA	9633	9289	344	3.6
CN5164000000000	51	640	Galax city, VA	1998	NA	3277	3169	108	3.3
CN5165000000000	51	650	Hampton city, VA	1998	NA	66200	63748	2452	3.7
CN5166000000000	51	660	Harrisonburg city, VA	1998	NA	18053	17805	248	1.4
CN5167000000000	51	670	Hopewell city, VA	1998	NA	10812	10345	467	4.3
CN5167800000000	51	678	Lexington city, VA	1998	NA	2889	2837	52	1.8
CN5168000000000	51	680	Lynchburg city, VA	1998	NA	29507	28715	792	2.7
CN5168300000000	51	683	Manassas city, VA	1998	NA	18233	17888	345	1.9
CN5168500000000	51	685	Manassas Park city, VA	1998	NA	4164	4093	71	1.7
CN5169000000000	51	690	Martinsville city, VA	1998	NA	6824	6458	366	5.4
CN5170000000000	51	700	Newport News city, VA	1998	NA	84190	80804	3386	4
CN5171000000000	51	710	Norfolk city, VA	1998	NA	84583	80133	4450	5.3
CN5172000000000	51	720	Norton city, VA	1998	NA	1476	1371	105	7.1
CN5173000000000	51	730	Petersburg city, VA	1998	NA	15901	14978	923	5.8
CN5173500000000	51	735	Poquoson city, VA	1998	NA	6065	5931	134	2.2
CN5174000000000	51	740	Portsmouth city, VA	1998	NA	44967	42540	2427	5.4
CN5175000000000	51	750	Radford city, VA	1998	NA	6443	6270	173	2.7
CN5176000000000	51	760	Richmond city, VA	1998	NA	94477	90813	3664	3.9
CN5177000000000	51	770	Roanoke city, VA	1998	NA	49597	48158	1439	2.9
CN5177500000000	51	775	Salem city, VA	1998	NA	13754	13418	336	2.4
CN5179000000000	51	790	Staunton city, VA	1998	NA	11451	11182	269	2.3
CN5180000000000	51	800	Suffolk city, VA	1998	NA	29959	28812	1147	3.8
CN5181000000000	51	810	Virginia Beach city, VA	1998	NA	211520	205686	5834	2.8
CN5182000000000	51	820	Waynesboro city, VA	1998	NA	9065	8805	260	2.9
CN5183000000000	51	830	Williamsburg city, VA	1998	NA	6080	5743	337	5.5
CN5184000000000	51	840	Winchester city, VA	1998	NA	13252	12858	394	3
CN5300100000000	53	001	Adams County, WA	1998	NA	9367	8409	958	10.2
CN5300300000000	53	003	Asotin County, WA	1998	NA	12936	12433	503	3.9
CN5300500000000	53	005	Benton County, WA	1998	NA	74055	69338	4717	6.4
CN5300700000000	53	007	Chelan County, WA	1998	NA	36832	33755	3077	8.4
CN5300900000000	53	009	Clallam County, WA	1998	NA	25515	23584	1931	7.6
CN5301100000000	53	011	Clark County, WA	1998	NA	185669	177643	8026	4.3
CN5301300000000	53	013	Columbia County, WA	1998	NA	1551	1379	172	11.1
CN5301500000000	53	015	Cowlitz County, WA	1998	NA	43881	40637	3244	7.4
CN5301700000000	53	017	Douglas County, WA	1998	NA	20408	19058	1350	6.6
CN5301900000000	53	019	Ferry County, WA	1998	NA	2808	2498	310	11
CN5302100000000	53	021	Franklin County, WA	1998	NA	23554	21285	2269	9.6
CN5302300000000	53	023	Garfield County, WA	1998	NA	1115	1072	43	3.9
CN5302500000000	53	025	Grant County, WA	1998	NA	38836	35442	3394	8.7
CN5302700000000	53	027	Grays Harbor County, WA	1998	NA	28000	25318	2682	9.6
CN5302900000000	53	029	Island County, WA	1998	NA	29937	28938	999	3.3
CN5303100000000	53	031	Jefferson County, WA	1998	NA	10270	9611	659	6.4
CN5303300000000	53	033	King County, WA	1998	NA	974897	942774	32123	3.3
CN5303500000000	53	035	Kitsap County, WA	1998	NA	94647	89911	4736	5
CN5303700000000	53	037	Kittitas County, WA	1998	NA	15548	14650	898	5.8
CN5303900000000	53	039	Klickitat County, WA	1998	NA	9219	8274	945	10.3
CN5304100000000	53	041	Lewis County, WA	1998	NA	31258	28540	2718	8.7
CN5304300000000	53	043	Lincoln County, WA	1998	NA	5138	4880	258	5
CN5304500000000	53	045	Mason County, WA	1998	NA	20770	19443	1327	6.4
CN5304700000000	53	047	Okanogan County, WA	1998	NA	24140	21685	2455	10.2
CN5304900000000	53	049	Pacific County, WA	1998	NA	8549	7734	815	9.5
CN5305100000000	53	051	Pend Oreille County, WA	1998	NA	4340	3834	506	11.7
CN5305300000000	53	053	Pierce County, WA	1998	NA	345346	330375	14971	4.3
CN5305500000000	53	055	San Juan County, WA	1998	NA	6152	5888	264	4.3
CN5305700000000	53	057	Skagit County, WA	1998	NA	49611	46235	3376	6.8
CN5305900000000	53	059	Skamania County, WA	1998	NA	4396	3974	422	9.6
CN5306100000000	53	061	Snohomish County, WA	1998	NA	322005	311168	10837	3.4
CN5306300000000	53	063	Spokane County, WA	1998	NA	215528	205599	9929	4.6
CN5306500000000	53	065	Stevens County, WA	1998	NA	18051	16488	1563	8.7
CN5306700000000	53	067	Thurston County, WA	1998	NA	105101	100196	4905	4.7
CN5306900000000	53	069	Wahkiakum County, WA	1998	NA	1972	1850	122	6.2
CN5307100000000	53	071	Walla Walla County, WA	1998	NA	27698	25890	1808	6.5
CN5307300000000	53	073	Whatcom County, WA	1998	NA	82094	77556	4538	5.5
CN5307500000000	53	075	Whitman County, WA	1998	NA	19901	19521	380	1.9
CN5307700000000	53	077	Yakima County, WA	1998	NA	119397	107422	11975	10
CN5400100000000	54	001	Barbour County, WV	1998	NA	6132	5420	712	11.6
CN5400300000000	54	003	Berkeley County, WV	1998	NA	34213	32890	1323	3.9
CN5400500000000	54	005	Boone County, WV	1998	NA	8127	7303	824	10.1
CN5400700000000	54	007	Braxton County, WV	1998	NA	5172	4616	556	10.8
CN5400900000000	54	009	Brooke County, WV	1998	NA	11391	10737	654	5.7
CN5401100000000	54	011	Cabell County, WV	1998	NA	42379	40187	2192	5.2
CN5401300000000	54	013	Calhoun County, WV	1998	NA	2539	2138	401	15.8
CN5401500000000	54	015	Clay County, WV	1998	NA	4071	3625	446	11
CN5401700000000	54	017	Doddridge County, WV	1998	NA	3331	3073	258	7.7
CN5401900000000	54	019	Fayette County, WV	1998	NA	17755	16119	1636	9.2
CN5402100000000	54	021	Gilmer County, WV	1998	NA	2737	2524	213	7.8
CN5402300000000	54	023	Grant County, WV	1998	NA	4515	4076	439	9.7
CN5402500000000	54	025	Greenbrier County, WV	1998	NA	14913	13737	1176	7.9
CN5402700000000	54	027	Hampshire County, WV	1998	NA	8742	8214	528	6
CN5402900000000	54	029	Hancock County, WV	1998	NA	15118	14285	833	5.5
CN5403100000000	54	031	Hardy County, WV	1998	NA	6880	6591	289	4.2
CN5403300000000	54	033	Harrison County, WV	1998	NA	34298	31857	2441	7.1
CN5403500000000	54	035	Jackson County, WV	1998	NA	12918	12000	918	7.1
CN5403700000000	54	037	Jefferson County, WV	1998	NA	20984	20332	652	3.1
CN5403900000000	54	039	Kanawha County, WV	1998	NA	103977	99109	4868	4.7
CN5404100000000	54	041	Lewis County, WV	1998	NA	6921	6340	581	8.4
CN5404300000000	54	043	Lincoln County, WV	1998	NA	6907	6121	786	11.4
CN5404500000000	54	045	Logan County, WV	1998	NA	14042	12513	1529	10.9
CN5404700000000	54	047	McDowell County, WV	1998	NA	7452	6579	873	11.7
CN5404900000000	54	049	Marion County, WV	1998	NA	23610	21760	1850	7.8
CN5405100000000	54	051	Marshall County, WV	1998	NA	15916	14941	975	6.1
CN5405300000000	54	053	Mason County, WV	1998	NA	8942	7851	1091	12.2
CN5405500000000	54	055	Mercer County, WV	1998	NA	28031	26549	1482	5.3
CN5405700000000	54	057	Mineral County, WV	1998	NA	12076	11244	832	6.9
CN5405900000000	54	059	Mingo County, WV	1998	NA	8750	7571	1179	13.5
CN5406100000000	54	061	Monongalia County, WV	1998	NA	37732	36402	1330	3.5
CN5406300000000	54	063	Monroe County, WV	1998	NA	5154	4870	284	5.5
CN5406500000000	54	065	Morgan County, WV	1998	NA	6015	5809	206	3.4
CN5406700000000	54	067	Nicholas County, WV	1998	NA	10474	9538	936	8.9
CN5406900000000	54	069	Ohio County, WV	1998	NA	24298	23219	1079	4.4
CN5407100000000	54	071	Pendleton County, WV	1998	NA	3777	3639	138	3.7
CN5407300000000	54	073	Pleasants County, WV	1998	NA	3301	2936	365	11.1
CN5407500000000	54	075	Pocahontas County, WV	1998	NA	4267	3894	373	8.7
CN5407700000000	54	077	Preston County, WV	1998	NA	12476	11609	867	6.9
CN5407900000000	54	079	Putnam County, WV	1998	NA	26236	25013	1223	4.7
CN5408100000000	54	081	Raleigh County, WV	1998	NA	34454	31911	2543	7.4
CN5408300000000	54	083	Randolph County, WV	1998	NA	13139	11962	1177	9
CN5408500000000	54	085	Ritchie County, WV	1998	NA	4119	3661	458	11.1
CN5408700000000	54	087	Roane County, WV	1998	NA	6310	5598	712	11.3
CN5408900000000	54	089	Summers County, WV	1998	NA	4337	3927	410	9.5
CN5409100000000	54	091	Taylor County, WV	1998	NA	6941	6401	540	7.8
CN5409300000000	54	093	Tucker County, WV	1998	NA	3538	3147	391	11.1
CN5409500000000	54	095	Tyler County, WV	1998	NA	4085	3739	346	8.5
CN5409700000000	54	097	Upshur County, WV	1998	NA	10525	9779	746	7.1
CN5409900000000	54	099	Wayne County, WV	1998	NA	16764	15672	1092	6.5
CN5410100000000	54	101	Webster County, WV	1998	NA	2999	2728	271	9
CN5410300000000	54	103	Wetzel County, WV	1998	NA	7349	6588	761	10.4
CN5410500000000	54	105	Wirt County, WV	1998	NA	1900	1622	278	14.6
CN5410700000000	54	107	Wood County, WV	1998	NA	43733	40955	2778	6.4
CN5410900000000	54	109	Wyoming County, WV	1998	NA	8385	7608	777	9.3
CN5500100000000	55	001	Adams County, WI	1998	NA	8215	7857	358	4.4
CN5500300000000	55	003	Ashland County, WI	1998	NA	8084	7456	628	7.8
CN5500500000000	55	005	Barron County, WI	1998	NA	24563	23512	1051	4.3
CN5500700000000	55	007	Bayfield County, WI	1998	NA	7496	7002	494	6.6
CN5500900000000	55	009	Brown County, WI	1998	NA	133389	129765	3624	2.7
CN5501100000000	55	011	Buffalo County, WI	1998	NA	8053	7807	246	3.1
CN5501300000000	55	013	Burnett County, WI	1998	NA	7123	6823	300	4.2
CN5501500000000	55	015	Calumet County, WI	1998	NA	25251	24557	694	2.7
CN5501700000000	55	017	Chippewa County, WI	1998	NA	30927	29750	1177	3.8
CN5501900000000	55	019	Clark County, WI	1998	NA	16809	15835	974	5.8
CN5502100000000	55	021	Columbia County, WI	1998	NA	27521	26307	1214	4.4
CN5502300000000	55	023	Crawford County, WI	1998	NA	10377	9975	402	3.9
CN5502500000000	55	025	Dane County, WI	1998	NA	263234	259180	4054	1.5
CN5502700000000	55	027	Dodge County, WI	1998	NA	48258	46900	1358	2.8
CN5502900000000	55	029	Door County, WI	1998	NA	15750	14923	827	5.3
CN5503100000000	55	031	Douglas County, WI	1998	NA	23193	22091	1102	4.8
CN5503300000000	55	033	Dunn County, WI	1998	NA	22451	21726	725	3.2
CN5503500000000	55	035	Eau Claire County, WI	1998	NA	52496	50941	1555	3
CN5503700000000	55	037	Florence County, WI	1998	NA	1780	1657	123	6.9
CN5503900000000	55	039	Fond du Lac County, WI	1998	NA	55159	53456	1703	3.1
CN5504100000000	55	041	Forest County, WI	1998	NA	4629	4278	351	7.6
CN5504300000000	55	043	Grant County, WI	1998	NA	24951	23943	1008	4
CN5504500000000	55	045	Green County, WI	1998	NA	19027	18390	637	3.3
CN5504700000000	55	047	Green Lake County, WI	1998	NA	10690	10170	520	4.9
CN5504900000000	55	049	Iowa County, WI	1998	NA	13985	13529	456	3.3
CN5505100000000	55	051	Iron County, WI	1998	NA	3235	2981	254	7.9
CN5505300000000	55	053	Jackson County, WI	1998	NA	11657	11176	481	4.1
CN5505500000000	55	055	Jefferson County, WI	1998	NA	42152	40997	1155	2.7
CN5505700000000	55	057	Juneau County, WI	1998	NA	10988	10256	732	6.7
CN5505900000000	55	059	Kenosha County, WI	1998	NA	81756	79039	2717	3.3
CN5506100000000	55	061	Kewaunee County, WI	1998	NA	11080	10708	372	3.4
CN5506300000000	55	063	La Crosse County, WI	1998	NA	60896	59202	1694	2.8
CN5506500000000	55	065	Lafayette County, WI	1998	NA	8127	7838	289	3.6
CN5506700000000	55	067	Langlade County, WI	1998	NA	9496	8935	561	5.9
CN5506900000000	55	069	Lincoln County, WI	1998	NA	15494	14743	751	4.8
CN5507100000000	55	071	Manitowoc County, WI	1998	NA	45827	44228	1599	3.5
CN5507300000000	55	073	Marathon County, WI	1998	NA	73829	71209	2620	3.5
CN5507500000000	55	075	Marinette County, WI	1998	NA	21504	20248	1256	5.8
CN5507700000000	55	077	Marquette County, WI	1998	NA	7185	6756	429	6
CN5507800000000	55	078	Menominee County, WI	1998	NA	2529	2310	219	8.7
CN5507900000000	55	079	Milwaukee County, WI	1998	NA	484421	465260	19161	4
CN5508100000000	55	081	Monroe County, WI	1998	NA	20026	19138	888	4.4
CN5508300000000	55	083	Oconto County, WI	1998	NA	15806	14992	814	5.1
CN5508500000000	55	085	Oneida County, WI	1998	NA	20480	19512	968	4.7
CN5508700000000	55	087	Outagamie County, WI	1998	NA	102122	99313	2809	2.8
CN5508900000000	55	089	Ozaukee County, WI	1998	NA	48766	47707	1059	2.2
CN5509100000000	55	091	Pepin County, WI	1998	NA	3448	3300	148	4.3
CN5509300000000	55	093	Pierce County, WI	1998	NA	20691	20117	574	2.8
CN5509500000000	55	095	Polk County, WI	1998	NA	22528	21612	916	4.1
CN5509700000000	55	097	Portage County, WI	1998	NA	37707	36224	1483	3.9
CN5509900000000	55	099	Price County, WI	1998	NA	7610	7115	495	6.5
CN5510100000000	55	101	Racine County, WI	1998	NA	93725	89915	3810	4.1
CN5510300000000	55	103	Richland County, WI	1998	NA	8911	8567	344	3.9
CN5510500000000	55	105	Rock County, WI	1998	NA	80145	76874	3271	4.1
CN5510700000000	55	107	Rusk County, WI	1998	NA	7178	6749	429	6
CN5510900000000	55	109	St. Croix County, WI	1998	NA	33350	32457	893	2.7
CN5511100000000	55	111	Sauk County, WI	1998	NA	33881	32734	1147	3.4
CN5511300000000	55	113	Sawyer County, WI	1998	NA	9245	8668	577	6.2
CN5511500000000	55	115	Shawano County, WI	1998	NA	21141	20273	868	4.1
CN5511700000000	55	117	Sheboygan County, WI	1998	NA	61828	60359	1469	2.4
CN5511900000000	55	119	Taylor County, WI	1998	NA	10513	9982	531	5.1
CN5512100000000	55	121	Trempealeau County, WI	1998	NA	14552	13929	623	4.3
CN5512300000000	55	123	Vernon County, WI	1998	NA	14083	13486	597	4.2
CN5512500000000	55	125	Vilas County, WI	1998	NA	11159	10634	525	4.7
CN5512700000000	55	127	Walworth County, WI	1998	NA	52462	51097	1365	2.6
CN5512900000000	55	129	Washburn County, WI	1998	NA	7869	7399	470	6
CN5513100000000	55	131	Washington County, WI	1998	NA	67950	66135	1815	2.7
CN5513300000000	55	133	Waukesha County, WI	1998	NA	213893	208948	4945	2.3
CN5513500000000	55	135	Waupaca County, WI	1998	NA	26867	25990	877	3.3
CN5513700000000	55	137	Waushara County, WI	1998	NA	10618	10079	539	5.1
CN5513900000000	55	139	Winnebago County, WI	1998	NA	96983	94364	2619	2.7
CN5514100000000	55	141	Wood County, WI	1998	NA	40469	38649	1820	4.5
CN5600100000000	56	001	Albany County, WY	1998	NA	17497	17138	359	2.1
CN5600300000000	56	003	Big Horn County, WY	1998	NA	5757	5398	359	6.2
CN5600500000000	56	005	Campbell County, WY	1998	NA	19151	18242	909	4.7
CN5600700000000	56	007	Carbon County, WY	1998	NA	8267	7832	435	5.3
CN5600900000000	56	009	Converse County, WY	1998	NA	6593	6252	341	5.2
CN5601100000000	56	011	Crook County, WY	1998	NA	2979	2823	156	5.2
CN5601300000000	56	013	Fremont County, WY	1998	NA	17537	16179	1358	7.7
CN5601500000000	56	015	Goshen County, WY	1998	NA	6431	6137	294	4.6
CN5601700000000	56	017	Hot Springs County, WY	1998	NA	2400	2292	108	4.5
CN5601900000000	56	019	Johnson County, WY	1998	NA	3743	3593	150	4
CN5602100000000	56	021	Laramie County, WY	1998	NA	39258	37875	1383	3.5
CN5602300000000	56	023	Lincoln County, WY	1998	NA	6306	5918	388	6.2
CN5602500000000	56	025	Natrona County, WY	1998	NA	33097	31341	1756	5.3
CN5602700000000	56	027	Niobrara County, WY	1998	NA	1279	1244	35	2.7
CN5602900000000	56	029	Park County, WY	1998	NA	15175	14488	687	4.5
CN5603100000000	56	031	Platte County, WY	1998	NA	4447	4234	213	4.8
CN5603300000000	56	033	Sheridan County, WY	1998	NA	13608	12919	689	5.1
CN5603500000000	56	035	Sublette County, WY	1998	NA	3037	2941	96	3.2
CN5603700000000	56	037	Sweetwater County, WY	1998	NA	21093	19975	1118	5.3
CN5603900000000	56	039	Teton County, WY	1998	NA	11024	10798	226	2.1
CN5604100000000	56	041	Uinta County, WY	1998	NA	10742	10141	601	5.6
CN5604300000000	56	043	Washakie County, WY	1998	NA	4911	4626	285	5.8
CN5604500000000	56	045	Weston County, WY	1998	NA	3259	3104	155	4.8
CN7200100000000	72	001	Adjuntas Municipio, PR	1998	NA	5810	4719	1091	18.8
CN7200300000000	72	003	Aguada Municipio, PR	1998	NA	15740	12747	2993	19
CN7200500000000	72	005	Aguadilla Municipio, PR	1998	NA	22693	18680	4013	17.7
CN7200700000000	72	007	Aguas Buenas Municipio, PR	1998	NA	9231	8038	1193	12.9
CN7200900000000	72	009	Aibonito Municipio, PR	1998	NA	10834	9550	1284	11.9
CN7201100000000	72	011	Anasco Municipio, PR	1998	NA	10911	8884	2027	18.6
CN7201300000000	72	013	Arecibo Municipio, PR	1998	NA	31069	25856	5213	16.8
CN7201500000000	72	015	Arroyo Municipio, PR	1998	NA	5459	4396	1063	19.5
CN7201700000000	72	017	Barceloneta Municipio, PR	1998	NA	8483	6796	1687	19.9
CN7201900000000	72	019	Barranquitas Municipio, PR	1998	NA	6864	5660	1204	17.5
CN7202100000000	72	021	Bayamon Municipio, PR	1998	NA	87335	79969	7366	8.4
CN7202300000000	72	023	Cabo Rojo Municipio, PR	1998	NA	16779	14702	2077	12.4
CN7202500000000	72	025	Caguas Municipio, PR	1998	NA	59336	52741	6595	11.1
CN7202700000000	72	027	Camuy Municipio, PR	1998	NA	9791	8373	1418	14.5
CN7202900000000	72	029	Canovanas Municipio, PR	1998	NA	17219	15108	2111	12.3
CN7203100000000	72	031	Carolina Municipio, PR	1998	NA	79965	72649	7316	9.1
CN7203300000000	72	033	Catano Municipio, PR	1998	NA	9985	9014	971	9.7
CN7203500000000	72	035	Cayey Municipio, PR	1998	NA	17453	15109	2344	13.4
CN7203700000000	72	037	Ceiba Municipio, PR	1998	NA	5713	4892	821	14.4
CN7203900000000	72	039	Ciales Municipio, PR	1998	NA	4456	3421	1035	23.2
CN7204100000000	72	041	Cidra Municipio, PR	1998	NA	16738	15040	1698	10.1
CN7204300000000	72	043	Coamo Municipio, PR	1998	NA	9535	7855	1680	17.6
CN7204500000000	72	045	Comerio Municipio, PR	1998	NA	5631	4950	681	12.1
CN7204700000000	72	047	Corozal Municipio, PR	1998	NA	9938	8967	971	9.8
CN7204900000000	72	049	Culebra Municipio, PR	1998	NA	807	749	58	7.2
CN7205100000000	72	051	Dorado Municipio, PR	1998	NA	10906	9761	1145	10.5
CN7205300000000	72	053	Fajardo Municipio, PR	1998	NA	13788	11392	2396	17.4
CN7205400000000	72	054	Florida Municipio, PR	1998	NA	2973	2271	702	23.6
CN7205500000000	72	055	Guanica Municipio, PR	1998	NA	6255	4839	1416	22.6
CN7205700000000	72	057	Guayama Municipio, PR	1998	NA	11564	9202	2362	20.4
CN7205900000000	72	059	Guayanilla Municipio, PR	1998	NA	7962	6737	1225	15.4
CN7206100000000	72	061	Guaynabo Municipio, PR	1998	NA	41733	39349	2384	5.7
CN7206300000000	72	063	Gurabo Municipio, PR	1998	NA	12203	10707	1496	12.3
CN7206500000000	72	065	Hatillo Municipio, PR	1998	NA	11320	9754	1566	13.8
CN7206700000000	72	067	Hormigueros Municipio, PR	1998	NA	7105	6189	916	12.9
CN7206900000000	72	069	Humacao Municipio, PR	1998	NA	20588	17071	3517	17.1
CN7207100000000	72	071	Isabela Municipio, PR	1998	NA	13769	10937	2832	20.6
CN7207300000000	72	073	Jayuya Municipio, PR	1998	NA	4181	3496	685	16.4
CN7207500000000	72	075	Juana Diaz Municipio, PR	1998	NA	14186	11453	2733	19.3
CN7207700000000	72	077	Juncos Municipio, PR	1998	NA	12749	11098	1651	13
CN7207900000000	72	079	Lajas Municipio, PR	1998	NA	8734	7244	1490	17.1
CN7208100000000	72	081	Lares Municipio, PR	1998	NA	9385	7836	1549	16.5
CN7208300000000	72	083	Las Marias Municipio, PR	1998	NA	3156	2485	671	21.3
CN7208500000000	72	085	Las Piedras Municipio, PR	1998	NA	10602	8967	1635	15.4
CN7208700000000	72	087	Loiza Municipio, PR	1998	NA	8433	7361	1072	12.7
CN7208900000000	72	089	Luquillo Municipio, PR	1998	NA	6633	5376	1257	19
CN7209100000000	72	091	Manati Municipio, PR	1998	NA	13949	11275	2674	19.2
CN7209300000000	72	093	Maricao Municipio, PR	1998	NA	2254	1853	401	17.8
CN7209500000000	72	095	Maunabo Municipio, PR	1998	NA	2988	2198	790	26.4
CN7209700000000	72	097	Mayaguez Municipio, PR	1998	NA	36660	30892	5768	15.7
CN7209900000000	72	099	Moca Municipio, PR	1998	NA	13333	10896	2437	18.3
CN7210100000000	72	101	Morovis Municipio, PR	1998	NA	9933	8361	1572	15.8
CN7210300000000	72	103	Naguabo Municipio, PR	1998	NA	7262	6058	1204	16.6
CN7210500000000	72	105	Naranjito Municipio, PR	1998	NA	7195	6304	891	12.4
CN7210700000000	72	107	Orocovis Municipio, PR	1998	NA	5555	4549	1006	18.1
CN7210900000000	72	109	Patillas Municipio, PR	1998	NA	6122	4868	1254	20.5
CN7211100000000	72	111	Penuelas Municipio, PR	1998	NA	7933	6341	1592	20.1
CN7211300000000	72	113	Ponce Municipio, PR	1998	NA	59783	50837	8946	15
CN7211500000000	72	115	Quebradillas Municipio, PR	1998	NA	8077	7015	1062	13.1
CN7211700000000	72	117	Rincon Municipio, PR	1998	NA	5774	4790	984	17
CN7211900000000	72	119	Rio Grande Municipio, PR	1998	NA	17689	15097	2592	14.7
CN7212100000000	72	121	Sabana Grande Municipio, PR	1998	NA	8542	7216	1326	15.5
CN7212300000000	72	123	Salinas Municipio, PR	1998	NA	8280	6553	1727	20.9
CN7212500000000	72	125	San German Municipio, PR	1998	NA	13572	11184	2388	17.6
CN7212700000000	72	127	San Juan Municipio, PR	1998	NA	164682	149729	14953	9.1
CN7212900000000	72	129	San Lorenzo Municipio, PR	1998	NA	13056	10732	2324	17.8
CN7213100000000	72	131	San Sebastian Municipio, PR	1998	NA	13049	9849	3200	24.5
CN7213300000000	72	133	Santa Isabel Municipio, PR	1998	NA	6096	4632	1464	24
CN7213500000000	72	135	Toa Alta Municipio, PR	1998	NA	20578	18938	1640	8
CN7213700000000	72	137	Toa Baja Municipio, PR	1998	NA	35374	32374	3000	8.5
CN7213900000000	72	139	Trujillo Alto Municipio, PR	1998	NA	30187	28169	2018	6.7
CN7214100000000	72	141	Utuado Municipio, PR	1998	NA	8737	7349	1388	15.9
CN7214300000000	72	143	Vega Alta Municipio, PR	1998	NA	11444	10137	1307	11.4
CN7214500000000	72	145	Vega Baja Municipio, PR	1998	NA	20719	16863	3856	18.6
CN7214700000000	72	147	Vieques Municipio, PR	1998	NA	2677	2381	296	11.1
CN7214900000000	72	149	Villalba Municipio, PR	1998	NA	6146	4845	1301	21.2
CN7215100000000	72	151	Yabucoa Municipio, PR	1998	NA	12987	10178	2809	21.6
CN7215300000000	72	153	Yauco Municipio, PR	1998	NA	14106	11209	2897	20.5
NA	NA	NA	NA	NA	NA	NA	NA	NA	NA
SOURCE:  BLS, LAUS	NA	NA	NA	NA	NA	NA	NA	NA	NA
November 2, 2016	NA	NA	NA	NA	NA	NA	NA	NA	NA
