LAUS_CODE	STATE_FIPS	COUNTY_FIPS	COUNTY	YEAR	ESTIMATED	LABOR_FORCE	EMPLOYED	UNEMPLOYED_LEVEL	UNEMPLOYED_RATE
CN0100100000000	01	001	Autauga County, AL	2019	NA	26172	25458	714	2.7
CN0100300000000	01	003	Baldwin County, AL	2019	NA	97328	94675	2653	2.7
CN0100500000000	01	005	Barbour County, AL	2019	NA	8537	8213	324	3.8
CN0100700000000	01	007	Bibb County, AL	2019	NA	8685	8419	266	3.1
CN0100900000000	01	009	Blount County, AL	2019	NA	25331	24655	676	2.7
CN0101100000000	01	011	Bullock County, AL	2019	NA	4818	4643	175	3.6
CN0101300000000	01	013	Butler County, AL	2019	NA	9263	8925	338	3.6
CN0101500000000	01	015	Calhoun County, AL	2019	NA	46209	44574	1635	3.5
CN0101700000000	01	017	Chambers County, AL	2019	NA	15748	15286	462	2.9
CN0101900000000	01	019	Cherokee County, AL	2019	NA	11604	11266	338	2.9
CN0102100000000	01	021	Chilton County, AL	2019	NA	19818	19280	538	2.7
CN0102300000000	01	023	Choctaw County, AL	2019	NA	4670	4452	218	4.7
CN0102500000000	01	025	Clarke County, AL	2019	NA	7557	7121	436	5.8
CN0102700000000	01	027	Clay County, AL	2019	NA	6101	5918	183	3
CN0102900000000	01	029	Cleburne County, AL	2019	NA	5806	5623	183	3.2
CN0103100000000	01	031	Coffee County, AL	2019	NA	21402	20779	623	2.9
CN0103300000000	01	033	Colbert County, AL	2019	NA	23646	22761	885	3.7
CN0103500000000	01	035	Conecuh County, AL	2019	NA	4533	4353	180	4
CN0103700000000	01	037	Coosa County, AL	2019	NA	4549	4414	135	3
CN0103900000000	01	039	Covington County, AL	2019	NA	15653	15119	534	3.4
CN0104100000000	01	041	Crenshaw County, AL	2019	NA	6476	6293	183	2.8
CN0104300000000	01	043	Cullman County, AL	2019	NA	38646	37648	998	2.6
CN0104500000000	01	045	Dale County, AL	2019	NA	20724	20082	642	3.1
CN0104700000000	01	047	Dallas County, AL	2019	NA	14711	13904	807	5.5
CN0104900000000	01	049	DeKalb County, AL	2019	NA	31052	30182	870	2.8
CN0105100000000	01	051	Elmore County, AL	2019	NA	37565	36586	979	2.6
CN0105300000000	01	053	Escambia County, AL	2019	NA	14762	14248	514	3.5
CN0105500000000	01	055	Etowah County, AL	2019	NA	42723	41295	1428	3.3
CN0105700000000	01	057	Fayette County, AL	2019	NA	6579	6372	207	3.1
CN0105900000000	01	059	Franklin County, AL	2019	NA	14696	14291	405	2.8
CN0106100000000	01	061	Geneva County, AL	2019	NA	11045	10725	320	2.9
CN0106300000000	01	063	Greene County, AL	2019	NA	2883	2722	161	5.6
CN0106500000000	01	065	Hale County, AL	2019	NA	6119	5878	241	3.9
CN0106700000000	01	067	Henry County, AL	2019	NA	6944	6697	247	3.6
CN0106900000000	01	069	Houston County, AL	2019	NA	46234	44844	1390	3
CN0107100000000	01	071	Jackson County, AL	2019	NA	23484	22712	772	3.3
CN0107300000000	01	073	Jefferson County, AL	2019	NA	318755	309664	9091	2.9
CN0107500000000	01	075	Lamar County, AL	2019	NA	5849	5670	179	3.1
CN0107700000000	01	077	Lauderdale County, AL	2019	NA	42548	41160	1388	3.3
CN0107900000000	01	079	Lawrence County, AL	2019	NA	14306	13859	447	3.1
CN0108100000000	01	081	Lee County, AL	2019	NA	76580	74500	2080	2.7
CN0108300000000	01	083	Limestone County, AL	2019	NA	43854	42700	1154	2.6
CN0108500000000	01	085	Lowndes County, AL	2019	NA	3587	3383	204	5.7
CN0108700000000	01	087	Macon County, AL	2019	NA	7850	7513	337	4.3
CN0108900000000	01	089	Madison County, AL	2019	NA	185219	180505	4714	2.5
CN0109100000000	01	091	Marengo County, AL	2019	NA	7694	7423	271	3.5
CN0109300000000	01	093	Marion County, AL	2019	NA	12932	12486	446	3.4
CN0109500000000	01	095	Marshall County, AL	2019	NA	44085	42999	1086	2.5
CN0109700000000	01	097	Mobile County, AL	2019	NA	189107	182083	7024	3.7
CN0109900000000	01	099	Monroe County, AL	2019	NA	7329	6973	356	4.9
CN0110100000000	01	101	Montgomery County, AL	2019	NA	105777	102517	3260	3.1
CN0110300000000	01	103	Morgan County, AL	2019	NA	58271	56771	1500	2.6
CN0110500000000	01	105	Perry County, AL	2019	NA	3413	3235	178	5.2
CN0110700000000	01	107	Pickens County, AL	2019	NA	7923	7647	276	3.5
CN0110900000000	01	109	Pike County, AL	2019	NA	15428	14924	504	3.3
CN0111100000000	01	111	Randolph County, AL	2019	NA	9639	9347	292	3
CN0111300000000	01	113	Russell County, AL	2019	NA	23896	23198	698	2.9
CN0111500000000	01	115	St. Clair County, AL	2019	NA	40532	39441	1091	2.7
CN0111700000000	01	117	Shelby County, AL	2019	NA	115939	113414	2525	2.2
CN0111900000000	01	119	Sumter County, AL	2019	NA	4854	4635	219	4.5
CN0112100000000	01	121	Talladega County, AL	2019	NA	35769	34556	1213	3.4
CN0112300000000	01	123	Tallapoosa County, AL	2019	NA	18652	18096	556	3
CN0112500000000	01	125	Tuscaloosa County, AL	2019	NA	104964	102122	2842	2.7
CN0112700000000	01	127	Walker County, AL	2019	NA	25347	24517	830	3.3
CN0112900000000	01	129	Washington County, AL	2019	NA	6800	6487	313	4.6
CN0113100000000	01	131	Wilcox County, AL	2019	NA	2739	2544	195	7.1
CN0113300000000	01	133	Winston County, AL	2019	NA	10041	9705	336	3.3
CN0201300000000	02	013	Aleutians East Borough, AK	2019	NA	2428	2360	68	2.8
CN0201600000000	02	016	Aleutians West Census Area, AK	2019	NA	3606	3477	129	3.6
CN0202000000000	02	020	Anchorage Borough/municipality, AK	2019	NA	146949	139526	7423	5.1
CN0205000000000	02	050	Bethel Census Area, AK	2019	NA	7025	6120	905	12.9
CN0206000000000	02	060	Bristol Bay Borough, AK	2019	NA	441	414	27	6.1
CN0206800000000	02	068	Denali Borough, AK	2019	NA	1038	950	88	8.5
CN0207000000000	02	070	Dillingham Census Area, AK	2019	NA	1938	1781	157	8.1
CN0209000000000	02	090	Fairbanks North Star Borough, AK	2019	NA	44652	42248	2404	5.4
CN0210000000000	02	100	Haines Borough, AK	2019	NA	1111	1012	99	8.9
CN0210500000000	02	105	Hoonah-Angoon Census Area, AK	2019	NA	1160	1028	132	11.4
CN0211000000000	02	110	Juneau Borough/city, AK	2019	NA	16999	16243	756	4.4
CN0212200000000	02	122	Kenai Peninsula Borough, AK	2019	NA	26161	24383	1778	6.8
CN0213000000000	02	130	Ketchikan Gateway Borough, AK	2019	NA	6884	6456	428	6.2
CN0215000000000	02	150	Kodiak Island Borough, AK	2019	NA	5912	5582	330	5.6
CN0215800000000	02	158	Kusilvak Census Area, AK	2019	NA	2682	2164	518	19.3
CN0216400000000	02	164	Lake and Peninsula Borough, AK	2019	NA	708	638	70	9.9
CN0217000000000	02	170	Matanuska-Susitna Borough, AK	2019	NA	46901	43661	3240	6.9
CN0218000000000	02	180	Nome Census Area, AK	2019	NA	4036	3596	440	10.9
CN0218500000000	02	185	North Slope Borough, AK	2019	NA	3485	3261	224	6.4
CN0218800000000	02	188	Northwest Arctic Borough, AK	2019	NA	2934	2523	411	14
CN0219500000000	02	195	Petersburg Borough, AK	2019	NA	1388	1267	121	8.7
CN0219800000000	02	198	Prince of Wales-Hyder Census Area, AK	2019	NA	2851	2562	289	10.1
CN0222000000000	02	220	Sitka Borough/city, AK	2019	NA	4336	4155	181	4.2
CN0223000000000	02	230	Skagway Municipality, AK	2019	NA	822	746	76	9.2
CN0224000000000	02	240	Southeast Fairbanks Census Area, AK	2019	NA	2810	2558	252	9
CN0226100000000	02	261	Valdez-Cordova Census Area, AK	2019	NA	4815	4452	363	7.5
CN0227500000000	02	275	Wrangell Borough/city, AK	2019	NA	1002	925	77	7.7
CN0228200000000	02	282	Yakutat Borough/city, AK	2019	NA	246	227	19	7.7
CN0229000000000	02	290	Yukon-Koyukuk Census Area, AK	2019	NA	2458	2113	345	14
CN0400100000000	04	001	Apache County, AZ	2019	NA	20487	18468	2019	9.9
CN0400300000000	04	003	Cochise County, AZ	2019	NA	50594	47695	2899	5.7
CN0400500000000	04	005	Coconino County, AZ	2019	NA	77507	73206	4301	5.5
CN0400700000000	04	007	Gila County, AZ	2019	NA	21677	20485	1192	5.5
CN0400900000000	04	009	Graham County, AZ	2019	NA	15351	14608	743	4.8
CN0401100000000	04	011	Greenlee County, AZ	2019	NA	4520	4342	178	3.9
CN0401200000000	04	012	La Paz County, AZ	2019	NA	9334	8789	545	5.8
CN0401300000000	04	013	Maricopa County, AZ	2019	NA	2310503	2217656	92847	4
CN0401500000000	04	015	Mohave County, AZ	2019	NA	87792	82815	4977	5.7
CN0401700000000	04	017	Navajo County, AZ	2019	NA	40979	37973	3006	7.3
CN0401900000000	04	019	Pima County, AZ	2019	NA	498695	476620	22075	4.4
CN0402100000000	04	021	Pinal County, AZ	2019	NA	187480	178309	9171	4.9
CN0402300000000	04	023	Santa Cruz County, AZ	2019	NA	19636	17963	1673	8.5
CN0402500000000	04	025	Yavapai County, AZ	2019	NA	106880	102138	4742	4.4
CN0402700000000	04	027	Yuma County, AZ	2019	NA	99824	83437	16387	16.4
CN0500100000000	05	001	Arkansas County, AR	2019	NA	9427	9141	286	3
CN0500300000000	05	003	Ashley County, AR	2019	NA	7751	7333	418	5.4
CN0500500000000	05	005	Baxter County, AR	2019	NA	16296	15646	650	4
CN0500700000000	05	007	Benton County, AR	2019	NA	137211	133610	3601	2.6
CN0500900000000	05	009	Boone County, AR	2019	NA	16036	15525	511	3.2
CN0501100000000	05	011	Bradley County, AR	2019	NA	4483	4298	185	4.1
CN0501300000000	05	013	Calhoun County, AR	2019	NA	2453	2345	108	4.4
CN0501500000000	05	015	Carroll County, AR	2019	NA	12783	12383	400	3.1
CN0501700000000	05	017	Chicot County, AR	2019	NA	3285	3057	228	6.9
CN0501900000000	05	019	Clark County, AR	2019	NA	9691	9323	368	3.8
CN0502100000000	05	021	Clay County, AR	2019	NA	5691	5413	278	4.9
CN0502300000000	05	023	Cleburne County, AR	2019	NA	9226	8808	418	4.5
CN0502500000000	05	025	Cleveland County, AR	2019	NA	3219	3092	127	3.9
CN0502700000000	05	027	Columbia County, AR	2019	NA	9140	8730	410	4.5
CN0502900000000	05	029	Conway County, AR	2019	NA	8285	7926	359	4.3
CN0503100000000	05	031	Craighead County, AR	2019	NA	55652	54097	1555	2.8
CN0503300000000	05	033	Crawford County, AR	2019	NA	26922	26028	894	3.3
CN0503500000000	05	035	Crittenden County, AR	2019	NA	21422	20512	910	4.2
CN0503700000000	05	037	Cross County, AR	2019	NA	7411	7097	314	4.2
CN0503900000000	05	039	Dallas County, AR	2019	NA	2840	2706	134	4.7
CN0504100000000	05	041	Desha County, AR	2019	NA	5402	5161	241	4.5
CN0504300000000	05	043	Drew County, AR	2019	NA	7864	7456	408	5.2
CN0504500000000	05	045	Faulkner County, AR	2019	NA	62431	60556	1875	3
CN0504700000000	05	047	Franklin County, AR	2019	NA	7494	7242	252	3.4
CN0504900000000	05	049	Fulton County, AR	2019	NA	4962	4763	199	4
CN0505100000000	05	051	Garland County, AR	2019	NA	41346	39809	1537	3.7
CN0505300000000	05	053	Grant County, AR	2019	NA	8403	8136	267	3.2
CN0505500000000	05	055	Greene County, AR	2019	NA	20065	19366	699	3.5
CN0505700000000	05	057	Hempstead County, AR	2019	NA	9951	9571	380	3.8
CN0505900000000	05	059	Hot Spring County, AR	2019	NA	14019	13509	510	3.6
CN0506100000000	05	061	Howard County, AR	2019	NA	5711	5525	186	3.3
CN0506300000000	05	063	Independence County, AR	2019	NA	16527	15868	659	4
CN0506500000000	05	065	Izard County, AR	2019	NA	4912	4643	269	5.5
CN0506700000000	05	067	Jackson County, AR	2019	NA	5840	5460	380	6.5
CN0506900000000	05	069	Jefferson County, AR	2019	NA	27740	26220	1520	5.5
CN0507100000000	05	071	Johnson County, AR	2019	NA	10278	9809	469	4.6
CN0507300000000	05	073	Lafayette County, AR	2019	NA	2466	2351	115	4.7
CN0507500000000	05	075	Lawrence County, AR	2019	NA	6817	6533	284	4.2
CN0507700000000	05	077	Lee County, AR	2019	NA	2833	2706	127	4.5
CN0507900000000	05	079	Lincoln County, AR	2019	NA	3950	3777	173	4.4
CN0508100000000	05	081	Little River County, AR	2019	NA	5518	5280	238	4.3
CN0508300000000	05	083	Logan County, AR	2019	NA	8583	8210	373	4.3
CN0508500000000	05	085	Lonoke County, AR	2019	NA	34468	33359	1109	3.2
CN0508700000000	05	087	Madison County, AR	2019	NA	7427	7238	189	2.5
CN0508900000000	05	089	Marion County, AR	2019	NA	6673	6406	267	4
CN0509100000000	05	091	Miller County, AR	2019	NA	19750	18941	809	4.1
CN0509300000000	05	093	Mississippi County, AR	2019	NA	17358	16467	891	5.1
CN0509500000000	05	095	Monroe County, AR	2019	NA	2761	2642	119	4.3
CN0509700000000	05	097	Montgomery County, AR	2019	NA	2970	2832	138	4.6
CN0509900000000	05	099	Nevada County, AR	2019	NA	3662	3517	145	4
CN0510100000000	05	101	Newton County, AR	2019	NA	3335	3218	117	3.5
CN0510300000000	05	103	Ouachita County, AR	2019	NA	9838	9330	508	5.2
CN0510500000000	05	105	Perry County, AR	2019	NA	4275	4100	175	4.1
CN0510700000000	05	107	Phillips County, AR	2019	NA	6379	5996	383	6
CN0510900000000	05	109	Pike County, AR	2019	NA	4250	4086	164	3.9
CN0511100000000	05	111	Poinsett County, AR	2019	NA	10279	9929	350	3.4
CN0511300000000	05	113	Polk County, AR	2019	NA	8121	7782	339	4.2
CN0511500000000	05	115	Pope County, AR	2019	NA	28869	27618	1251	4.3
CN0511700000000	05	117	Prairie County, AR	2019	NA	3586	3430	156	4.4
CN0511900000000	05	119	Pulaski County, AR	2019	NA	190248	183776	6472	3.4
CN0512100000000	05	121	Randolph County, AR	2019	NA	7301	7017	284	3.9
CN0512300000000	05	123	St. Francis County, AR	2019	NA	8197	7772	425	5.2
CN0512500000000	05	125	Saline County, AR	2019	NA	59114	57450	1664	2.8
CN0512700000000	05	127	Scott County, AR	2019	NA	4314	4167	147	3.4
CN0512900000000	05	129	Searcy County, AR	2019	NA	2914	2781	133	4.6
CN0513100000000	05	131	Sebastian County, AR	2019	NA	56698	54834	1864	3.3
CN0513300000000	05	133	Sevier County, AR	2019	NA	5513	5248	265	4.8
CN0513500000000	05	135	Sharp County, AR	2019	NA	5742	5457	285	5
CN0513700000000	05	137	Stone County, AR	2019	NA	4726	4503	223	4.7
CN0513900000000	05	139	Union County, AR	2019	NA	15847	15018	829	5.2
CN0514100000000	05	141	Van Buren County, AR	2019	NA	5741	5455	286	5
CN0514300000000	05	143	Washington County, AR	2019	NA	124967	121914	3053	2.4
CN0514500000000	05	145	White County, AR	2019	NA	33800	32281	1519	4.5
CN0514700000000	05	147	Woodruff County, AR	2019	NA	2773	2627	146	5.3
CN0514900000000	05	149	Yell County, AR	2019	NA	8417	8081	336	4
CN0600100000000	06	001	Alameda County, CA	2019	NA	844346	819675	24671	2.9
CN0600300000000	06	003	Alpine County, CA	2019	NA	551	523	28	5.1
CN0600500000000	06	005	Amador County, CA	2019	NA	14900	14328	572	3.8
CN0600700000000	06	007	Butte County, CA	2019	NA	99242	94162	5080	5.1
CN0600900000000	06	009	Calaveras County, CA	2019	NA	21428	20616	812	3.8
CN0601100000000	06	011	Colusa County, CA	2019	NA	10993	9586	1407	12.8
CN0601300000000	06	013	Contra Costa County, CA	2019	NA	561757	544496	17261	3.1
CN0601500000000	06	015	Del Norte County, CA	2019	NA	9674	9119	555	5.7
CN0601700000000	06	017	El Dorado County, CA	2019	NA	92022	88785	3237	3.5
CN0601900000000	06	019	Fresno County, CA	2019	NA	450760	418092	32668	7.2
CN0602100000000	06	021	Glenn County, CA	2019	NA	12997	12201	796	6.1
CN0602300000000	06	023	Humboldt County, CA	2019	NA	62507	60254	2253	3.6
CN0602500000000	06	025	Imperial County, CA	2019	NA	71411	58331	13080	18.3
CN0602700000000	06	027	Inyo County, CA	2019	NA	8760	8450	310	3.5
CN0602900000000	06	029	Kern County, CA	2019	NA	390999	360783	30216	7.7
CN0603100000000	06	031	Kings County, CA	2019	NA	57788	53222	4566	7.9
CN0603300000000	06	033	Lake County, CA	2019	NA	29158	27687	1471	5
CN0603500000000	06	035	Lassen County, CA	2019	NA	9869	9416	453	4.6
CN0603700000000	06	037	Los Angeles County, CA	2019	NA	5121584	4894296	227288	4.4
CN0603900000000	06	039	Madera County, CA	2019	NA	61945	57651	4294	6.9
CN0604100000000	06	041	Marin County, CA	2019	NA	139979	136786	3193	2.3
CN0604300000000	06	043	Mariposa County, CA	2019	NA	7612	7262	350	4.6
CN0604500000000	06	045	Mendocino County, CA	2019	NA	38934	37388	1546	4
CN0604700000000	06	047	Merced County, CA	2019	NA	116226	106866	9360	8.1
CN0604900000000	06	049	Modoc County, CA	2019	NA	3171	2947	224	7.1
CN0605100000000	06	051	Mono County, CA	2019	NA	8508	8195	313	3.7
CN0605300000000	06	053	Monterey County, CA	2019	NA	222516	208717	13799	6.2
CN0605500000000	06	055	Napa County, CA	2019	NA	74004	71900	2104	2.8
CN0605700000000	06	057	Nevada County, CA	2019	NA	48639	47022	1617	3.3
CN0605900000000	06	059	Orange County, CA	2019	NA	1623421	1578334	45087	2.8
CN0606100000000	06	061	Placer County, CA	2019	NA	187932	182093	5839	3.1
CN0606300000000	06	063	Plumas County, CA	2019	NA	7903	7296	607	7.7
CN0606500000000	06	065	Riverside County, CA	2019	NA	1104035	1057884	46151	4.2
CN0606700000000	06	067	Sacramento County, CA	2019	NA	712394	686298	26096	3.7
CN0606900000000	06	069	San Benito County, CA	2019	NA	31432	29845	1587	5
CN0607100000000	06	071	San Bernardino County, CA	2019	NA	967719	930709	37010	3.8
CN0607300000000	06	073	San Diego County, CA	2019	NA	1590591	1539948	50643	3.2
CN0607500000000	06	075	San Francisco County/city, CA	2019	NA	583186	570412	12774	2.2
CN0607700000000	06	077	San Joaquin County, CA	2019	NA	327077	307854	19223	5.9
CN0607900000000	06	079	San Luis Obispo County, CA	2019	NA	140931	136914	4017	2.9
CN0608100000000	06	081	San Mateo County, CA	2019	NA	460044	450647	9397	2
CN0608300000000	06	083	Santa Barbara County, CA	2019	NA	217882	209843	8039	3.7
CN0608500000000	06	085	Santa Clara County, CA	2019	NA	1053723	1027527	26196	2.5
CN0608700000000	06	087	Santa Cruz County, CA	2019	NA	142277	135530	6747	4.7
CN0608900000000	06	089	Shasta County, CA	2019	NA	74353	70878	3475	4.7
CN0609100000000	06	091	Sierra County, CA	2019	NA	1326	1255	71	5.4
CN0609300000000	06	093	Siskiyou County, CA	2019	NA	17227	16109	1118	6.5
CN0609500000000	06	095	Solano County, CA	2019	NA	209527	201672	7855	3.7
CN0609700000000	06	097	Sonoma County, CA	2019	NA	259394	252428	6966	2.7
CN0609900000000	06	099	Stanislaus County, CA	2019	NA	243454	228753	14701	6
CN0610100000000	06	101	Sutter County, CA	2019	NA	45785	42440	3345	7.3
CN0610300000000	06	103	Tehama County, CA	2019	NA	25650	24228	1422	5.5
CN0610500000000	06	105	Trinity County, CA	2019	NA	4693	4436	257	5.5
CN0610700000000	06	107	Tulare County, CA	2019	NA	203980	184353	19627	9.6
CN0610900000000	06	109	Tuolumne County, CA	2019	NA	21317	20366	951	4.5
CN0611100000000	06	111	Ventura County, CA	2019	NA	423390	408169	15221	3.6
CN0611300000000	06	113	Yolo County, CA	2019	NA	108658	104220	4438	4.1
CN0611500000000	06	115	Yuba County, CA	2019	NA	29997	28182	1815	6.1
CN0800100000000	08	001	Adams County, CO	2019	NA	275440	267375	8065	2.9
CN0800300000000	08	003	Alamosa County, CO	2019	NA	8726	8413	313	3.6
CN0800500000000	08	005	Arapahoe County, CO	2019	NA	368504	358574	9930	2.7
CN0800700000000	08	007	Archuleta County, CO	2019	NA	6937	6717	220	3.2
CN0800900000000	08	009	Baca County, CO	2019	NA	2175	2138	37	1.7
CN0801100000000	08	011	Bent County, CO	2019	NA	1919	1863	56	2.9
CN0801300000000	08	013	Boulder County, CO	2019	NA	196991	192351	4640	2.4
CN0801400000000	08	014	Broomfield County/city, CO	2019	NA	40520	39528	992	2.4
CN0801500000000	08	015	Chaffee County, CO	2019	NA	9871	9636	235	2.4
CN0801700000000	08	017	Cheyenne County, CO	2019	NA	1173	1154	19	1.6
CN0801900000000	08	019	Clear Creek County, CO	2019	NA	6110	5960	150	2.5
CN0802100000000	08	021	Conejos County, CO	2019	NA	4165	4013	152	3.6
CN0802300000000	08	023	Costilla County, CO	2019	NA	1888	1814	74	3.9
CN0802500000000	08	025	Crowley County, CO	2019	NA	1525	1460	65	4.3
CN0802700000000	08	027	Custer County, CO	2019	NA	2088	2025	63	3
CN0802900000000	08	029	Delta County, CO	2019	NA	14519	14035	484	3.3
CN0803100000000	08	031	Denver County/city, CO	2019	NA	421322	409974	11348	2.7
CN0803300000000	08	033	Dolores County, CO	2019	NA	1164	1129	35	3
CN0803500000000	08	035	Douglas County, CO	2019	NA	196248	191586	4662	2.4
CN0803700000000	08	037	Eagle County, CO	2019	NA	37073	36241	832	2.2
CN0803900000000	08	039	Elbert County, CO	2019	NA	15344	15009	335	2.2
CN0804100000000	08	041	El Paso County, CO	2019	NA	342735	331453	11282	3.3
CN0804300000000	08	043	Fremont County, CO	2019	NA	15251	14548	703	4.6
CN0804500000000	08	045	Garfield County, CO	2019	NA	32910	32021	889	2.7
CN0804700000000	08	047	Gilpin County, CO	2019	NA	3820	3732	88	2.3
CN0804900000000	08	049	Grand County, CO	2019	NA	9978	9765	213	2.1
CN0805100000000	08	051	Gunnison County, CO	2019	NA	11594	11346	248	2.1
CN0805300000000	08	053	Hinsdale County, CO	2019	NA	438	422	16	3.7
CN0805500000000	08	055	Huerfano County, CO	2019	NA	2542	2396	146	5.7
CN0805700000000	08	057	Jackson County, CO	2019	NA	1003	980	23	2.3
CN0805900000000	08	059	Jefferson County, CO	2019	NA	338722	330124	8598	2.5
CN0806100000000	08	061	Kiowa County, CO	2019	NA	965	950	15	1.6
CN0806300000000	08	063	Kit Carson County, CO	2019	NA	4365	4292	73	1.7
CN0806500000000	08	065	Lake County, CO	2019	NA	4994	4878	116	2.3
CN0806700000000	08	067	La Plata County, CO	2019	NA	32305	31495	810	2.5
CN0806900000000	08	069	Larimer County, CO	2019	NA	206483	201624	4859	2.4
CN0807100000000	08	071	Las Animas County, CO	2019	NA	6635	6377	258	3.9
CN0807300000000	08	073	Lincoln County, CO	2019	NA	2431	2375	56	2.3
CN0807500000000	08	075	Logan County, CO	2019	NA	11167	10904	263	2.4
CN0807700000000	08	077	Mesa County, CO	2019	NA	76614	73986	2628	3.4
CN0807900000000	08	079	Mineral County, CO	2019	NA	533	521	12	2.3
CN0808100000000	08	081	Moffat County, CO	2019	NA	7450	7195	255	3.4
CN0808300000000	08	083	Montezuma County, CO	2019	NA	13038	12486	552	4.2
CN0808500000000	08	085	Montrose County, CO	2019	NA	22010	21327	683	3.1
CN0808700000000	08	087	Morgan County, CO	2019	NA	16582	16146	436	2.6
CN0808900000000	08	089	Otero County, CO	2019	NA	8495	8150	345	4.1
CN0809100000000	08	091	Ouray County, CO	2019	NA	2454	2383	71	2.9
CN0809300000000	08	093	Park County, CO	2019	NA	11292	11010	282	2.5
CN0809500000000	08	095	Phillips County, CO	2019	NA	2631	2589	42	1.6
CN0809700000000	08	097	Pitkin County, CO	2019	NA	11395	11041	354	3.1
CN0809900000000	08	099	Prowers County, CO	2019	NA	6408	6240	168	2.6
CN0810100000000	08	101	Pueblo County, CO	2019	NA	76276	73147	3129	4.1
CN0810300000000	08	103	Rio Blanco County, CO	2019	NA	3019	2908	111	3.7
CN0810500000000	08	105	Rio Grande County, CO	2019	NA	5506	5280	226	4.1
CN0810700000000	08	107	Routt County, CO	2019	NA	16491	16132	359	2.2
CN0810900000000	08	109	Saguache County, CO	2019	NA	3606	3462	144	4
CN0811100000000	08	111	San Juan County, CO	2019	NA	570	553	17	3
CN0811300000000	08	113	San Miguel County, CO	2019	NA	5900	5737	163	2.8
CN0811500000000	08	115	Sedgwick County, CO	2019	NA	1231	1206	25	2
CN0811700000000	08	117	Summit County, CO	2019	NA	23179	22760	419	1.8
CN0811900000000	08	119	Teller County, CO	2019	NA	12821	12425	396	3.1
CN0812100000000	08	121	Washington County, CO	2019	NA	3000	2941	59	2
CN0812300000000	08	123	Weld County, CO	2019	NA	170001	165670	4331	2.5
CN0812500000000	08	125	Yuma County, CO	2019	NA	6224	6126	98	1.6
CN0900100000000	09	001	Fairfield County, CT	2019	NA	481023	463547	17476	3.6
CN0900300000000	09	003	Hartford County, CT	2019	NA	483303	464533	18770	3.9
CN0900500000000	09	005	Litchfield County, CT	2019	NA	105182	101543	3639	3.5
CN0900700000000	09	007	Middlesex County, CT	2019	NA	93696	90703	2993	3.2
CN0900900000000	09	009	New Haven County, CT	2019	NA	461613	443514	18099	3.9
CN0901100000000	09	011	New London County, CT	2019	NA	137386	132423	4963	3.6
CN0901300000000	09	013	Tolland County, CT	2019	NA	87047	84207	2840	3.3
CN0901500000000	09	015	Windham County, CT	2019	NA	64281	61697	2584	4
CN1000100000000	10	001	Kent County, DE	2019	NA	79411	76097	3314	4.2
CN1000300000000	10	003	New Castle County, DE	2019	NA	300148	289100	11048	3.7
CN1000500000000	10	005	Sussex County, DE	2019	NA	107706	103648	4058	3.8
CN1100100000000	11	001	District of Columbia	2019	NA	409969	387482	22487	5.5
CN1200100000000	12	001	Alachua County, FL	2019	NA	139217	135112	4105	2.9
CN1200300000000	12	003	Baker County, FL	2019	NA	11852	11484	368	3.1
CN1200500000000	12	005	Bay County, FL	2019	NA	84235	80980	3255	3.9
CN1200700000000	12	007	Bradford County, FL	2019	NA	11062	10715	347	3.1
CN1200900000000	12	009	Brevard County, FL	2019	NA	284087	275025	9062	3.2
CN1201100000000	12	011	Broward County, FL	2019	NA	1040519	1008813	31706	3
CN1201300000000	12	013	Calhoun County, FL	2019	NA	4819	4622	197	4.1
CN1201500000000	12	015	Charlotte County, FL	2019	NA	71865	69239	2626	3.7
CN1201700000000	12	017	Citrus County, FL	2019	NA	47377	45096	2281	4.8
CN1201900000000	12	019	Clay County, FL	2019	NA	107718	104467	3251	3
CN1202100000000	12	021	Collier County, FL	2019	NA	180626	175040	5586	3.1
CN1202300000000	12	023	Columbia County, FL	2019	NA	29797	28831	966	3.2
CN1202700000000	12	027	DeSoto County, FL	2019	NA	14185	13686	499	3.5
CN1202900000000	12	029	Dixie County, FL	2019	NA	5828	5606	222	3.8
CN1203100000000	12	031	Duval County, FL	2019	NA	491946	475890	16056	3.3
CN1203300000000	12	033	Escambia County, FL	2019	NA	145919	141253	4666	3.2
CN1203500000000	12	035	Flagler County, FL	2019	NA	47030	45235	1795	3.8
CN1203700000000	12	037	Franklin County, FL	2019	NA	4650	4486	164	3.5
CN1203900000000	12	039	Gadsden County, FL	2019	NA	18833	18061	772	4.1
CN1204100000000	12	041	Gilchrist County, FL	2019	NA	7145	6900	245	3.4
CN1204300000000	12	043	Glades County, FL	2019	NA	5384	5173	211	3.9
CN1204500000000	12	045	Gulf County, FL	2019	NA	5772	5495	277	4.8
CN1204700000000	12	047	Hamilton County, FL	2019	NA	4340	4162	178	4.1
CN1204900000000	12	049	Hardee County, FL	2019	NA	8502	8074	428	5
CN1205100000000	12	051	Hendry County, FL	2019	NA	15587	14680	907	5.8
CN1205300000000	12	053	Hernando County, FL	2019	NA	71923	68906	3017	4.2
CN1205500000000	12	055	Highlands County, FL	2019	NA	36094	34452	1642	4.5
CN1205700000000	12	057	Hillsborough County, FL	2019	NA	750269	727117	23152	3.1
CN1205900000000	12	059	Holmes County, FL	2019	NA	6947	6701	246	3.5
CN1206100000000	12	061	Indian River County, FL	2019	NA	65457	62949	2508	3.8
CN1206300000000	12	063	Jackson County, FL	2019	NA	17145	16522	623	3.6
CN1206500000000	12	065	Jefferson County, FL	2019	NA	5623	5436	187	3.3
CN1206700000000	12	067	Lafayette County, FL	2019	NA	2855	2769	86	3
CN1206900000000	12	069	Lake County, FL	2019	NA	159027	153919	5108	3.2
CN1207100000000	12	071	Lee County, FL	2019	NA	348027	337116	10911	3.1
CN1207300000000	12	073	Leon County, FL	2019	NA	155493	150713	4780	3.1
CN1207500000000	12	075	Levy County, FL	2019	NA	16725	16104	621	3.7
CN1207700000000	12	077	Liberty County, FL	2019	NA	2639	2545	94	3.6
CN1207900000000	12	079	Madison County, FL	2019	NA	7469	7188	281	3.8
CN1208100000000	12	081	Manatee County, FL	2019	NA	179993	174382	5611	3.1
CN1208300000000	12	083	Marion County, FL	2019	NA	137624	132335	5289	3.8
CN1208500000000	12	085	Martin County, FL	2019	NA	74119	71786	2333	3.1
CN1208600000000	12	086	Miami-Dade County, FL	2019	NA	1383989	1350924	33065	2.4
CN1208700000000	12	087	Monroe County, FL	2019	NA	46755	45792	963	2.1
CN1208900000000	12	089	Nassau County, FL	2019	NA	41210	40000	1210	2.9
CN1209100000000	12	091	Okaloosa County, FL	2019	NA	96940	94342	2598	2.7
CN1209300000000	12	093	Okeechobee County, FL	2019	NA	17801	17184	617	3.5
CN1209500000000	12	095	Orange County, FL	2019	NA	762737	740564	22173	2.9
CN1209700000000	12	097	Osceola County, FL	2019	NA	184329	178283	6046	3.3
CN1209900000000	12	099	Palm Beach County, FL	2019	NA	733663	709694	23969	3.3
CN1210100000000	12	101	Pasco County, FL	2019	NA	237941	229631	8310	3.5
CN1210300000000	12	103	Pinellas County, FL	2019	NA	494185	479472	14713	3
CN1210500000000	12	105	Polk County, FL	2019	NA	305752	294472	11280	3.7
CN1210700000000	12	107	Putnam County, FL	2019	NA	26563	25413	1150	4.3
CN1210900000000	12	109	St. Johns County, FL	2019	NA	132464	128970	3494	2.6
CN1211100000000	12	111	St. Lucie County, FL	2019	NA	145111	139389	5722	3.9
CN1211300000000	12	113	Santa Rosa County, FL	2019	NA	82903	80448	2455	3
CN1211500000000	12	115	Sarasota County, FL	2019	NA	189137	183288	5849	3.1
CN1211700000000	12	117	Seminole County, FL	2019	NA	255529	248085	7444	2.9
CN1211900000000	12	119	Sumter County, FL	2019	NA	32628	31126	1502	4.6
CN1212100000000	12	121	Suwannee County, FL	2019	NA	18046	17427	619	3.4
CN1212300000000	12	123	Taylor County, FL	2019	NA	8229	7934	295	3.6
CN1212500000000	12	125	Union County, FL	2019	NA	4638	4501	137	3
CN1212700000000	12	127	Volusia County, FL	2019	NA	254312	245545	8767	3.4
CN1212900000000	12	129	Wakulla County, FL	2019	NA	14921	14487	434	2.9
CN1213100000000	12	131	Walton County, FL	2019	NA	31577	30685	892	2.8
CN1213300000000	12	133	Washington County, FL	2019	NA	9678	9348	330	3.4
CN1300100000000	13	001	Appling County, GA	2019	NA	9306	8945	361	3.9
CN1300300000000	13	003	Atkinson County, GA	2019	NA	4695	4552	143	3
CN1300500000000	13	005	Bacon County, GA	2019	NA	4966	4790	176	3.5
CN1300700000000	13	007	Baker County, GA	2019	NA	1163	1108	55	4.7
CN1300900000000	13	009	Baldwin County, GA	2019	NA	17409	16671	738	4.2
CN1301100000000	13	011	Banks County, GA	2019	NA	9616	9352	264	2.7
CN1301300000000	13	013	Barrow County, GA	2019	NA	40385	39247	1138	2.8
CN1301500000000	13	015	Bartow County, GA	2019	NA	50539	48885	1654	3.3
CN1301700000000	13	017	Ben Hill County, GA	2019	NA	5348	5053	295	5.5
CN1301900000000	13	019	Berrien County, GA	2019	NA	7474	7176	298	4
CN1302100000000	13	021	Bibb County, GA	2019	NA	67896	65249	2647	3.9
CN1302300000000	13	023	Bleckley County, GA	2019	NA	4531	4303	228	5
CN1302500000000	13	025	Brantley County, GA	2019	NA	7258	6964	294	4.1
CN1302700000000	13	027	Brooks County, GA	2019	NA	6901	6668	233	3.4
CN1302900000000	13	029	Bryan County, GA	2019	NA	18286	17738	548	3
CN1303100000000	13	031	Bulloch County, GA	2019	NA	36540	35170	1370	3.7
CN1303300000000	13	033	Burke County, GA	2019	NA	9154	8689	465	5.1
CN1303500000000	13	035	Butts County, GA	2019	NA	10737	10377	360	3.4
CN1303700000000	13	037	Calhoun County, GA	2019	NA	2233	2152	81	3.6
CN1303900000000	13	039	Camden County, GA	2019	NA	20869	20113	756	3.6
CN1304300000000	13	043	Candler County, GA	2019	NA	5548	5383	165	3
CN1304500000000	13	045	Carroll County, GA	2019	NA	55210	53325	1885	3.4
CN1304700000000	13	047	Catoosa County, GA	2019	NA	33517	32518	999	3
CN1304900000000	13	049	Charlton County, GA	2019	NA	4785	4604	181	3.8
CN1305100000000	13	051	Chatham County, GA	2019	NA	139657	135052	4605	3.3
CN1305300000000	13	053	Chattahoochee County, GA	2019	NA	1997	1906	91	4.6
CN1305500000000	13	055	Chattooga County, GA	2019	NA	10307	9795	512	5
CN1305700000000	13	057	Cherokee County, GA	2019	NA	135814	132118	3696	2.7
CN1305900000000	13	059	Clarke County, GA	2019	NA	59096	56997	2099	3.6
CN1306100000000	13	061	Clay County, GA	2019	NA	880	819	61	6.9
CN1306300000000	13	063	Clayton County, GA	2019	NA	137796	131980	5816	4.2
CN1306500000000	13	065	Clinch County, GA	2019	NA	2654	2550	104	3.9
CN1306700000000	13	067	Cobb County, GA	2019	NA	425167	412592	12575	3
CN1306900000000	13	069	Coffee County, GA	2019	NA	18869	18138	731	3.9
CN1307100000000	13	071	Colquitt County, GA	2019	NA	21377	20702	675	3.2
CN1307300000000	13	073	Columbia County, GA	2019	NA	75134	72860	2274	3
CN1307500000000	13	075	Cook County, GA	2019	NA	7988	7718	270	3.4
CN1307700000000	13	077	Coweta County, GA	2019	NA	74594	72410	2184	2.9
CN1307900000000	13	079	Crawford County, GA	2019	NA	5605	5404	201	3.6
CN1308100000000	13	081	Crisp County, GA	2019	NA	9433	9065	368	3.9
CN1308300000000	13	083	Dade County, GA	2019	NA	8209	7941	268	3.3
CN1308500000000	13	085	Dawson County, GA	2019	NA	12320	11971	349	2.8
CN1308700000000	13	087	Decatur County, GA	2019	NA	11540	11101	439	3.8
CN1308900000000	13	089	DeKalb County, GA	2019	NA	399354	385700	13654	3.4
CN1309100000000	13	091	Dodge County, GA	2019	NA	7081	6700	381	5.4
CN1309300000000	13	093	Dooly County, GA	2019	NA	5071	4880	191	3.8
CN1309500000000	13	095	Dougherty County, GA	2019	NA	38327	36509	1818	4.7
CN1309700000000	13	097	Douglas County, GA	2019	NA	73217	70640	2577	3.5
CN1309900000000	13	099	Early County, GA	2019	NA	4372	4201	171	3.9
CN1310100000000	13	101	Echols County, GA	2019	NA	1909	1856	53	2.8
CN1310300000000	13	103	Effingham County, GA	2019	NA	30889	30000	889	2.9
CN1310500000000	13	105	Elbert County, GA	2019	NA	7658	7352	306	4
CN1310700000000	13	107	Emanuel County, GA	2019	NA	8287	7847	440	5.3
CN1310900000000	13	109	Evans County, GA	2019	NA	4862	4698	164	3.4
CN1311100000000	13	111	Fannin County, GA	2019	NA	11512	11132	380	3.3
CN1311300000000	13	113	Fayette County, GA	2019	NA	57985	56256	1729	3
CN1311500000000	13	115	Floyd County, GA	2019	NA	44144	42455	1689	3.8
CN1311700000000	13	117	Forsyth County, GA	2019	NA	122076	118737	3339	2.7
CN1311900000000	13	119	Franklin County, GA	2019	NA	9942	9592	350	3.5
CN1312100000000	13	121	Fulton County, GA	2019	NA	556954	537605	19349	3.5
CN1312300000000	13	123	Gilmer County, GA	2019	NA	11861	11444	417	3.5
CN1312500000000	13	125	Glascock County, GA	2019	NA	1272	1225	47	3.7
CN1312700000000	13	127	Glynn County, GA	2019	NA	39345	38039	1306	3.3
CN1312900000000	13	129	Gordon County, GA	2019	NA	27976	27025	951	3.4
CN1313100000000	13	131	Grady County, GA	2019	NA	10449	10093	356	3.4
CN1313300000000	13	133	Greene County, GA	2019	NA	7010	6740	270	3.9
CN1313500000000	13	135	Gwinnett County, GA	2019	NA	489610	474882	14728	3
CN1313700000000	13	137	Habersham County, GA	2019	NA	19069	18411	658	3.5
CN1313900000000	13	139	Hall County, GA	2019	NA	102061	99222	2839	2.8
CN1314100000000	13	141	Hancock County, GA	2019	NA	2447	2312	135	5.5
CN1314300000000	13	143	Haralson County, GA	2019	NA	12557	12141	416	3.3
CN1314500000000	13	145	Harris County, GA	2019	NA	16649	16139	510	3.1
CN1314700000000	13	147	Hart County, GA	2019	NA	11303	10903	400	3.5
CN1314900000000	13	149	Heard County, GA	2019	NA	5248	5073	175	3.3
CN1315100000000	13	151	Henry County, GA	2019	NA	115495	111409	4086	3.5
CN1315300000000	13	153	Houston County, GA	2019	NA	70345	68005	2340	3.3
CN1315500000000	13	155	Irwin County, GA	2019	NA	3328	3172	156	4.7
CN1315700000000	13	157	Jackson County, GA	2019	NA	36518	35550	968	2.7
CN1315900000000	13	159	Jasper County, GA	2019	NA	6939	6726	213	3.1
CN1316100000000	13	161	Jeff Davis County, GA	2019	NA	6051	5772	279	4.6
CN1316300000000	13	163	Jefferson County, GA	2019	NA	6572	6260	312	4.7
CN1316500000000	13	165	Jenkins County, GA	2019	NA	3143	2983	160	5.1
CN1316700000000	13	167	Johnson County, GA	2019	NA	4036	3889	147	3.6
CN1316900000000	13	169	Jones County, GA	2019	NA	13696	13262	434	3.2
CN1317100000000	13	171	Lamar County, GA	2019	NA	8232	7914	318	3.9
CN1317300000000	13	173	Lanier County, GA	2019	NA	3748	3601	147	3.9
CN1317500000000	13	175	Laurens County, GA	2019	NA	19142	18269	873	4.6
CN1317700000000	13	177	Lee County, GA	2019	NA	14717	14268	449	3.1
CN1317900000000	13	179	Liberty County, GA	2019	NA	26096	25119	977	3.7
CN1318100000000	13	181	Lincoln County, GA	2019	NA	3554	3417	137	3.9
CN1318300000000	13	183	Long County, GA	2019	NA	8137	7841	296	3.6
CN1318500000000	13	185	Lowndes County, GA	2019	NA	51180	49376	1804	3.5
CN1318700000000	13	187	Lumpkin County, GA	2019	NA	16719	16200	519	3.1
CN1318900000000	13	189	McDuffie County, GA	2019	NA	8852	8402	450	5.1
CN1319100000000	13	191	McIntosh County, GA	2019	NA	6167	5948	219	3.6
CN1319300000000	13	193	Macon County, GA	2019	NA	4693	4476	217	4.6
CN1319500000000	13	195	Madison County, GA	2019	NA	13282	12877	405	3
CN1319700000000	13	197	Marion County, GA	2019	NA	3305	3165	140	4.2
CN1319900000000	13	199	Meriwether County, GA	2019	NA	8911	8510	401	4.5
CN1320100000000	13	201	Miller County, GA	2019	NA	2749	2659	90	3.3
CN1320500000000	13	205	Mitchell County, GA	2019	NA	8445	8060	385	4.6
CN1320700000000	13	207	Monroe County, GA	2019	NA	12995	12574	421	3.2
CN1320900000000	13	209	Montgomery County, GA	2019	NA	3807	3607	200	5.3
CN1321100000000	13	211	Morgan County, GA	2019	NA	9240	8953	287	3.1
CN1321300000000	13	213	Murray County, GA	2019	NA	15505	14725	780	5
CN1321500000000	13	215	Muscogee County, GA	2019	NA	77490	73977	3513	4.5
CN1321700000000	13	217	Newton County, GA	2019	NA	52197	50187	2010	3.9
CN1321900000000	13	219	Oconee County, GA	2019	NA	19510	19014	496	2.5
CN1322100000000	13	221	Oglethorpe County, GA	2019	NA	6929	6706	223	3.2
CN1322300000000	13	223	Paulding County, GA	2019	NA	85916	83397	2519	2.9
CN1322500000000	13	225	Peach County, GA	2019	NA	11826	11343	483	4.1
CN1322700000000	13	227	Pickens County, GA	2019	NA	15271	14816	455	3
CN1322900000000	13	229	Pierce County, GA	2019	NA	8698	8404	294	3.4
CN1323100000000	13	231	Pike County, GA	2019	NA	8899	8631	268	3
CN1323300000000	13	233	Polk County, GA	2019	NA	18429	17761	668	3.6
CN1323500000000	13	235	Pulaski County, GA	2019	NA	4052	3896	156	3.8
CN1323700000000	13	237	Putnam County, GA	2019	NA	8185	7831	354	4.3
CN1323900000000	13	239	Quitman County, GA	2019	NA	800	760	40	5
CN1324100000000	13	241	Rabun County, GA	2019	NA	7152	6900	252	3.5
CN1324300000000	13	243	Randolph County, GA	2019	NA	2527	2405	122	4.8
CN1324500000000	13	245	Richmond County, GA	2019	NA	85085	81242	3843	4.5
CN1324700000000	13	247	Rockdale County, GA	2019	NA	44751	43061	1690	3.8
CN1324900000000	13	249	Schley County, GA	2019	NA	2200	2115	85	3.9
CN1325100000000	13	251	Screven County, GA	2019	NA	5088	4813	275	5.4
CN1325300000000	13	253	Seminole County, GA	2019	NA	3037	2903	134	4.4
CN1325500000000	13	255	Spalding County, GA	2019	NA	28675	27530	1145	4
CN1325700000000	13	257	Stephens County, GA	2019	NA	10685	10273	412	3.9
CN1325900000000	13	259	Stewart County, GA	2019	NA	2396	2296	100	4.2
CN1326100000000	13	261	Sumter County, GA	2019	NA	12686	12077	609	4.8
CN1326300000000	13	263	Talbot County, GA	2019	NA	2819	2693	126	4.5
CN1326500000000	13	265	Taliaferro County, GA	2019	NA	567	539	28	4.9
CN1326700000000	13	267	Tattnall County, GA	2019	NA	9560	9194	366	3.8
CN1326900000000	13	269	Taylor County, GA	2019	NA	3074	2950	124	4
CN1327100000000	13	271	Telfair County, GA	2019	NA	4107	3716	391	9.5
CN1327300000000	13	273	Terrell County, GA	2019	NA	3510	3333	177	5
CN1327500000000	13	275	Thomas County, GA	2019	NA	16470	15807	663	4
CN1327700000000	13	277	Tift County, GA	2019	NA	19751	19088	663	3.4
CN1327900000000	13	279	Toombs County, GA	2019	NA	11655	11079	576	4.9
CN1328100000000	13	281	Towns County, GA	2019	NA	3893	3705	188	4.8
CN1328300000000	13	283	Treutlen County, GA	2019	NA	2642	2503	139	5.3
CN1328500000000	13	285	Troup County, GA	2019	NA	37304	36117	1187	3.2
CN1328700000000	13	287	Turner County, GA	2019	NA	3139	3019	120	3.8
CN1328900000000	13	289	Twiggs County, GA	2019	NA	2878	2722	156	5.4
CN1329100000000	13	291	Union County, GA	2019	NA	10274	9953	321	3.1
CN1329300000000	13	293	Upson County, GA	2019	NA	11320	10916	404	3.6
CN1329500000000	13	295	Walker County, GA	2019	NA	31358	30242	1116	3.6
CN1329700000000	13	297	Walton County, GA	2019	NA	46011	44601	1410	3.1
CN1329900000000	13	299	Ware County, GA	2019	NA	15555	14986	569	3.7
CN1330100000000	13	301	Warren County, GA	2019	NA	2821	2693	128	4.5
CN1330300000000	13	303	Washington County, GA	2019	NA	7013	6722	291	4.1
CN1330500000000	13	305	Wayne County, GA	2019	NA	11403	10947	456	4
CN1330700000000	13	307	Webster County, GA	2019	NA	1007	957	50	5
CN1330900000000	13	309	Wheeler County, GA	2019	NA	1610	1490	120	7.5
CN1331100000000	13	311	White County, GA	2019	NA	16266	15836	430	2.6
CN1331300000000	13	313	Whitfield County, GA	2019	NA	43564	41637	1927	4.4
CN1331500000000	13	315	Wilcox County, GA	2019	NA	2695	2575	120	4.5
CN1331700000000	13	317	Wilkes County, GA	2019	NA	3823	3650	173	4.5
CN1331900000000	13	319	Wilkinson County, GA	2019	NA	3959	3808	151	3.8
CN1332100000000	13	321	Worth County, GA	2019	NA	8897	8552	345	3.9
CN1500100000000	15	001	Hawaii County, HI	2019	NA	91161	88018	3143	3.4
CN1500300000000	15	003	Honolulu County/city, HI	2019	NA	450562	438936	11626	2.6
CN1500700000000	15	007	Kauai County, HI	2019	NA	36536	35558	978	2.7
CN1500900000000	15	009	Maui County, HI	2019	NA	86733	84461	2272	2.6
CN1600100000000	16	001	Ada County, ID	2019	NA	254224	247855	6369	2.5
CN1600300000000	16	003	Adams County, ID	2019	NA	1721	1604	117	6.8
CN1600500000000	16	005	Bannock County, ID	2019	NA	42752	41546	1206	2.8
CN1600700000000	16	007	Bear Lake County, ID	2019	NA	2978	2891	87	2.9
CN1600900000000	16	009	Benewah County, ID	2019	NA	4109	3894	215	5.2
CN1601100000000	16	011	Bingham County, ID	2019	NA	23817	23182	635	2.7
CN1601300000000	16	013	Blaine County, ID	2019	NA	12318	11995	323	2.6
CN1601500000000	16	015	Boise County, ID	2019	NA	3516	3365	151	4.3
CN1601700000000	16	017	Bonner County, ID	2019	NA	20058	19222	836	4.2
CN1601900000000	16	019	Bonneville County, ID	2019	NA	57042	55678	1364	2.4
CN1602100000000	16	021	Boundary County, ID	2019	NA	5376	5138	238	4.4
CN1602300000000	16	023	Butte County, ID	2019	NA	1397	1360	37	2.6
CN1602500000000	16	025	Camas County, ID	2019	NA	695	676	19	2.7
CN1602700000000	16	027	Canyon County, ID	2019	NA	104402	101058	3344	3.2
CN1602900000000	16	029	Caribou County, ID	2019	NA	4135	4025	110	2.7
CN1603100000000	16	031	Cassia County, ID	2019	NA	12215	11920	295	2.4
CN1603300000000	16	033	Clark County, ID	2019	NA	378	364	14	3.7
CN1603500000000	16	035	Clearwater County, ID	2019	NA	2905	2708	197	6.8
CN1603700000000	16	037	Custer County, ID	2019	NA	2228	2134	94	4.2
CN1603900000000	16	039	Elmore County, ID	2019	NA	11547	11169	378	3.3
CN1604100000000	16	041	Franklin County, ID	2019	NA	7041	6876	165	2.3
CN1604300000000	16	043	Fremont County, ID	2019	NA	7870	7686	184	2.3
CN1604500000000	16	045	Gem County, ID	2019	NA	8308	8035	273	3.3
CN1604700000000	16	047	Gooding County, ID	2019	NA	8222	8005	217	2.6
CN1604900000000	16	049	Idaho County, ID	2019	NA	6563	6265	298	4.5
CN1605100000000	16	051	Jefferson County, ID	2019	NA	14035	13709	326	2.3
CN1605300000000	16	053	Jerome County, ID	2019	NA	12199	11884	315	2.6
CN1605500000000	16	055	Kootenai County, ID	2019	NA	80102	77257	2845	3.6
CN1605700000000	16	057	Latah County, ID	2019	NA	20549	19994	555	2.7
CN1605900000000	16	059	Lemhi County, ID	2019	NA	3566	3396	170	4.8
CN1606100000000	16	061	Lewis County, ID	2019	NA	1648	1558	90	5.5
CN1606300000000	16	063	Lincoln County, ID	2019	NA	2703	2607	96	3.6
CN1606500000000	16	065	Madison County, ID	2019	NA	21941	21539	402	1.8
CN1606700000000	16	067	Minidoka County, ID	2019	NA	11442	11151	291	2.5
CN1606900000000	16	069	Nez Perce County, ID	2019	NA	21057	20459	598	2.8
CN1607100000000	16	071	Oneida County, ID	2019	NA	2321	2268	53	2.3
CN1607300000000	16	073	Owyhee County, ID	2019	NA	5434	5251	183	3.4
CN1607500000000	16	075	Payette County, ID	2019	NA	11663	11248	415	3.6
CN1607700000000	16	077	Power County, ID	2019	NA	4092	3965	127	3.1
CN1607900000000	16	079	Shoshone County, ID	2019	NA	5143	4839	304	5.9
CN1608100000000	16	081	Teton County, ID	2019	NA	6626	6480	146	2.2
CN1608300000000	16	083	Twin Falls County, ID	2019	NA	41393	40234	1159	2.8
CN1608500000000	16	085	Valley County, ID	2019	NA	5554	5338	216	3.9
CN1608700000000	16	087	Washington County, ID	2019	NA	4612	4420	192	4.2
CN1700100000000	17	001	Adams County, IL	2019	NA	32358	31249	1109	3.4
CN1700300000000	17	003	Alexander County, IL	2019	NA	2050	1923	127	6.2
CN1700500000000	17	005	Bond County, IL	2019	NA	7833	7533	300	3.8
CN1700700000000	17	007	Boone County, IL	2019	NA	26377	24890	1487	5.6
CN1700900000000	17	009	Brown County, IL	2019	NA	2993	2921	72	2.4
CN1701100000000	17	011	Bureau County, IL	2019	NA	17392	16585	807	4.6
CN1701300000000	17	013	Calhoun County, IL	2019	NA	2338	2225	113	4.8
CN1701500000000	17	015	Carroll County, IL	2019	NA	7325	7022	303	4.1
CN1701700000000	17	017	Cass County, IL	2019	NA	6131	5878	253	4.1
CN1701900000000	17	019	Champaign County, IL	2019	NA	109116	105014	4102	3.8
CN1702100000000	17	021	Christian County, IL	2019	NA	14615	13910	705	4.8
CN1702300000000	17	023	Clark County, IL	2019	NA	7693	7345	348	4.5
CN1702500000000	17	025	Clay County, IL	2019	NA	6508	6212	296	4.5
CN1702700000000	17	027	Clinton County, IL	2019	NA	20548	19908	640	3.1
CN1702900000000	17	029	Coles County, IL	2019	NA	23855	22889	966	4
CN1703100000000	17	031	Cook County, IL	2019	NA	2594759	2496526	98233	3.8
CN1703300000000	17	033	Crawford County, IL	2019	NA	8715	8340	375	4.3
CN1703500000000	17	035	Cumberland County, IL	2019	NA	6125	5915	210	3.4
CN1703700000000	17	037	DeKalb County, IL	2019	NA	55397	53115	2282	4.1
CN1703900000000	17	039	De Witt County, IL	2019	NA	7490	7165	325	4.3
CN1704100000000	17	041	Douglas County, IL	2019	NA	10263	9897	366	3.6
CN1704300000000	17	043	DuPage County, IL	2019	NA	507802	492985	14817	2.9
CN1704500000000	17	045	Edgar County, IL	2019	NA	9019	8636	383	4.2
CN1704700000000	17	047	Edwards County, IL	2019	NA	2715	2604	111	4.1
CN1704900000000	17	049	Effingham County, IL	2019	NA	19370	18740	630	3.3
CN1705100000000	17	051	Fayette County, IL	2019	NA	9940	9504	436	4.4
CN1705300000000	17	053	Ford County, IL	2019	NA	6490	6211	279	4.3
CN1705500000000	17	055	Franklin County, IL	2019	NA	16456	15565	891	5.4
CN1705700000000	17	057	Fulton County, IL	2019	NA	15262	14409	853	5.6
CN1705900000000	17	059	Gallatin County, IL	2019	NA	2359	2244	115	4.9
CN1706100000000	17	061	Greene County, IL	2019	NA	6036	5776	260	4.3
CN1706300000000	17	063	Grundy County, IL	2019	NA	25443	24307	1136	4.5
CN1706500000000	17	065	Hamilton County, IL	2019	NA	4449	4277	172	3.9
CN1706700000000	17	067	Hancock County, IL	2019	NA	8464	8067	397	4.7
CN1706900000000	17	069	Hardin County, IL	2019	NA	1318	1231	87	6.6
CN1707100000000	17	071	Henderson County, IL	2019	NA	3638	3463	175	4.8
CN1707300000000	17	073	Henry County, IL	2019	NA	25217	24015	1202	4.8
CN1707500000000	17	075	Iroquois County, IL	2019	NA	14481	13873	608	4.2
CN1707700000000	17	077	Jackson County, IL	2019	NA	28083	27012	1071	3.8
CN1707900000000	17	079	Jasper County, IL	2019	NA	4667	4469	198	4.2
CN1708100000000	17	081	Jefferson County, IL	2019	NA	17525	16720	805	4.6
CN1708300000000	17	083	Jersey County, IL	2019	NA	11044	10555	489	4.4
CN1708500000000	17	085	Jo Daviess County, IL	2019	NA	10869	10428	441	4.1
CN1708700000000	17	087	Johnson County, IL	2019	NA	4155	3905	250	6
CN1708900000000	17	089	Kane County, IL	2019	NA	274298	262136	12162	4.4
CN1709100000000	17	091	Kankakee County, IL	2019	NA	56207	53396	2811	5
CN1709300000000	17	093	Kendall County, IL	2019	NA	68630	66358	2272	3.3
CN1709500000000	17	095	Knox County, IL	2019	NA	21856	20771	1085	5
CN1709700000000	17	097	Lake County, IL	2019	NA	378425	362822	15603	4.1
CN1709900000000	17	099	LaSalle County, IL	2019	NA	55002	52081	2921	5.3
CN1710100000000	17	101	Lawrence County, IL	2019	NA	5913	5606	307	5.2
CN1710300000000	17	103	Lee County, IL	2019	NA	17724	17018	706	4
CN1710500000000	17	105	Livingston County, IL	2019	NA	16663	15984	679	4.1
CN1710700000000	17	107	Logan County, IL	2019	NA	12739	12185	554	4.3
CN1710900000000	17	109	McDonough County, IL	2019	NA	13458	12830	628	4.7
CN1711100000000	17	111	McHenry County, IL	2019	NA	165574	160086	5488	3.3
CN1711300000000	17	113	McLean County, IL	2019	NA	88460	85134	3326	3.8
CN1711500000000	17	115	Macon County, IL	2019	NA	48905	46328	2577	5.3
CN1711700000000	17	117	Macoupin County, IL	2019	NA	23125	22136	989	4.3
CN1711900000000	17	119	Madison County, IL	2019	NA	134999	129708	5291	3.9
CN1712100000000	17	121	Marion County, IL	2019	NA	17680	16889	791	4.5
CN1712300000000	17	123	Marshall County, IL	2019	NA	5366	5108	258	4.8
CN1712500000000	17	125	Mason County, IL	2019	NA	6342	6004	338	5.3
CN1712700000000	17	127	Massac County, IL	2019	NA	5652	5336	316	5.6
CN1712900000000	17	129	Menard County, IL	2019	NA	6542	6295	247	3.8
CN1713100000000	17	131	Mercer County, IL	2019	NA	8168	7761	407	5
CN1713300000000	17	133	Monroe County, IL	2019	NA	18902	18313	589	3.1
CN1713500000000	17	135	Montgomery County, IL	2019	NA	11823	11207	616	5.2
CN1713700000000	17	137	Morgan County, IL	2019	NA	16578	15910	668	4
CN1713900000000	17	139	Moultrie County, IL	2019	NA	7638	7384	254	3.3
CN1714100000000	17	141	Ogle County, IL	2019	NA	25162	23947	1215	4.8
CN1714300000000	17	143	Peoria County, IL	2019	NA	85453	81085	4368	5.1
CN1714500000000	17	145	Perry County, IL	2019	NA	8391	7960	431	5.1
CN1714700000000	17	147	Piatt County, IL	2019	NA	8632	8319	313	3.6
CN1714900000000	17	149	Pike County, IL	2019	NA	7057	6751	306	4.3
CN1715100000000	17	151	Pope County, IL	2019	NA	1693	1599	94	5.6
CN1715300000000	17	153	Pulaski County, IL	2019	NA	1996	1865	131	6.6
CN1715500000000	17	155	Putnam County, IL	2019	NA	3066	2912	154	5
CN1715700000000	17	157	Randolph County, IL	2019	NA	14371	13842	529	3.7
CN1715900000000	17	159	Richland County, IL	2019	NA	7273	6975	298	4.1
CN1716100000000	17	161	Rock Island County, IL	2019	NA	71937	68377	3560	4.9
CN1716300000000	17	163	St. Clair County, IL	2019	NA	127362	121685	5677	4.5
CN1716500000000	17	165	Saline County, IL	2019	NA	9702	9188	514	5.3
CN1716700000000	17	167	Sangamon County, IL	2019	NA	101644	97552	4092	4
CN1716900000000	17	169	Schuyler County, IL	2019	NA	3277	3139	138	4.2
CN1717100000000	17	171	Scott County, IL	2019	NA	2530	2410	120	4.7
CN1717300000000	17	173	Shelby County, IL	2019	NA	10695	10278	417	3.9
CN1717500000000	17	175	Stark County, IL	2019	NA	2555	2409	146	5.7
CN1717700000000	17	177	Stephenson County, IL	2019	NA	21823	20868	955	4.4
CN1717900000000	17	179	Tazewell County, IL	2019	NA	64182	61347	2835	4.4
CN1718100000000	17	181	Union County, IL	2019	NA	7494	7070	424	5.7
CN1718300000000	17	183	Vermilion County, IL	2019	NA	33251	31540	1711	5.1
CN1718500000000	17	185	Wabash County, IL	2019	NA	5874	5648	226	3.8
CN1718700000000	17	187	Warren County, IL	2019	NA	8556	8207	349	4.1
CN1718900000000	17	189	Washington County, IL	2019	NA	10254	9995	259	2.5
CN1719100000000	17	191	Wayne County, IL	2019	NA	7031	6696	335	4.8
CN1719300000000	17	193	White County, IL	2019	NA	6663	6409	254	3.8
CN1719500000000	17	195	Whiteside County, IL	2019	NA	28849	27619	1230	4.3
CN1719700000000	17	197	Will County, IL	2019	NA	357236	343602	13634	3.8
CN1719900000000	17	199	Williamson County, IL	2019	NA	32146	30765	1381	4.3
CN1720100000000	17	201	Winnebago County, IL	2019	NA	140238	132290	7948	5.7
CN1720300000000	17	203	Woodford County, IL	2019	NA	18870	18165	705	3.7
CN1800100000000	18	001	Adams County, IN	2019	NA	17255	16785	470	2.7
CN1800300000000	18	003	Allen County, IN	2019	NA	186799	180923	5876	3.1
CN1800500000000	18	005	Bartholomew County, IN	2019	NA	45027	43902	1125	2.5
CN1800700000000	18	007	Benton County, IN	2019	NA	4582	4436	146	3.2
CN1800900000000	18	009	Blackford County, IN	2019	NA	5006	4808	198	4
CN1801100000000	18	011	Boone County, IN	2019	NA	36450	35553	897	2.5
CN1801300000000	18	013	Brown County, IN	2019	NA	7750	7518	232	3
CN1801500000000	18	015	Carroll County, IN	2019	NA	10276	9967	309	3
CN1801700000000	18	017	Cass County, IN	2019	NA	17995	17366	629	3.5
CN1801900000000	18	019	Clark County, IN	2019	NA	61893	59835	2058	3.3
CN1802100000000	18	021	Clay County, IN	2019	NA	12124	11694	430	3.5
CN1802300000000	18	023	Clinton County, IN	2019	NA	17231	16769	462	2.7
CN1802500000000	18	025	Crawford County, IN	2019	NA	4874	4672	202	4.1
CN1802700000000	18	027	Daviess County, IN	2019	NA	16772	16337	435	2.6
CN1802900000000	18	029	Dearborn County, IN	2019	NA	25931	25010	921	3.6
CN1803100000000	18	031	Decatur County, IN	2019	NA	15052	14618	434	2.9
CN1803300000000	18	033	DeKalb County, IN	2019	NA	22758	22116	642	2.8
CN1803500000000	18	035	Delaware County, IN	2019	NA	53945	51853	2092	3.9
CN1803700000000	18	037	Dubois County, IN	2019	NA	23145	22590	555	2.4
CN1803900000000	18	039	Elkhart County, IN	2019	NA	112941	109468	3473	3.1
CN1804100000000	18	041	Fayette County, IN	2019	NA	8791	8375	416	4.7
CN1804300000000	18	043	Floyd County, IN	2019	NA	41797	40476	1321	3.2
CN1804500000000	18	045	Fountain County, IN	2019	NA	8060	7777	283	3.5
CN1804700000000	18	047	Franklin County, IN	2019	NA	11446	11052	394	3.4
CN1804900000000	18	049	Fulton County, IN	2019	NA	9916	9601	315	3.2
CN1805100000000	18	051	Gibson County, IN	2019	NA	19534	19043	491	2.5
CN1805300000000	18	053	Grant County, IN	2019	NA	31833	30648	1185	3.7
CN1805500000000	18	055	Greene County, IN	2019	NA	13728	13164	564	4.1
CN1805700000000	18	057	Hamilton County, IN	2019	NA	184661	180004	4657	2.5
CN1805900000000	18	059	Hancock County, IN	2019	NA	40470	39317	1153	2.8
CN1806100000000	18	061	Harrison County, IN	2019	NA	20386	19727	659	3.2
CN1806300000000	18	063	Hendricks County, IN	2019	NA	90412	87966	2446	2.7
CN1806500000000	18	065	Henry County, IN	2019	NA	22165	21435	730	3.3
CN1806700000000	18	067	Howard County, IN	2019	NA	36915	35432	1483	4
CN1806900000000	18	069	Huntington County, IN	2019	NA	18344	17745	599	3.3
CN1807100000000	18	071	Jackson County, IN	2019	NA	22962	22356	606	2.6
CN1807300000000	18	073	Jasper County, IN	2019	NA	16435	15831	604	3.7
CN1807500000000	18	075	Jay County, IN	2019	NA	9503	9216	287	3
CN1807700000000	18	077	Jefferson County, IN	2019	NA	15078	14567	511	3.4
CN1807900000000	18	079	Jennings County, IN	2019	NA	13599	13151	448	3.3
CN1808100000000	18	081	Johnson County, IN	2019	NA	83375	81134	2241	2.7
CN1808300000000	18	083	Knox County, IN	2019	NA	18584	18011	573	3.1
CN1808500000000	18	085	Kosciusko County, IN	2019	NA	42438	41248	1190	2.8
CN1808700000000	18	087	LaGrange County, IN	2019	NA	20073	19514	559	2.8
CN1808900000000	18	089	Lake County, IN	2019	NA	232451	221096	11355	4.9
CN1809100000000	18	091	LaPorte County, IN	2019	NA	48062	46012	2050	4.3
CN1809300000000	18	093	Lawrence County, IN	2019	NA	21247	20481	766	3.6
CN1809500000000	18	095	Madison County, IN	2019	NA	59452	57262	2190	3.7
CN1809700000000	18	097	Marion County, IN	2019	NA	492967	476851	16116	3.3
CN1809900000000	18	099	Marshall County, IN	2019	NA	23239	22513	726	3.1
CN1810100000000	18	101	Martin County, IN	2019	NA	5380	5239	141	2.6
CN1810300000000	18	103	Miami County, IN	2019	NA	15517	14911	606	3.9
CN1810500000000	18	105	Monroe County, IN	2019	NA	70338	68000	2338	3.3
CN1810700000000	18	107	Montgomery County, IN	2019	NA	18852	18275	577	3.1
CN1810900000000	18	109	Morgan County, IN	2019	NA	36532	35404	1128	3.1
CN1811100000000	18	111	Newton County, IN	2019	NA	7035	6746	289	4.1
CN1811300000000	18	113	Noble County, IN	2019	NA	23760	23023	737	3.1
CN1811500000000	18	115	Ohio County, IN	2019	NA	3201	3089	112	3.5
CN1811700000000	18	117	Orange County, IN	2019	NA	8653	8353	300	3.5
CN1811900000000	18	119	Owen County, IN	2019	NA	9413	9038	375	4
CN1812100000000	18	121	Parke County, IN	2019	NA	7116	6847	269	3.8
CN1812300000000	18	123	Perry County, IN	2019	NA	9306	8998	308	3.3
CN1812500000000	18	125	Pike County, IN	2019	NA	6151	5948	203	3.3
CN1812700000000	18	127	Porter County, IN	2019	NA	87566	84303	3263	3.7
CN1812900000000	18	129	Posey County, IN	2019	NA	13680	13306	374	2.7
CN1813100000000	18	131	Pulaski County, IN	2019	NA	6569	6367	202	3.1
CN1813300000000	18	133	Putnam County, IN	2019	NA	16868	16286	582	3.5
CN1813500000000	18	135	Randolph County, IN	2019	NA	11347	10922	425	3.7
CN1813700000000	18	137	Ripley County, IN	2019	NA	14326	13860	466	3.3
CN1813900000000	18	139	Rush County, IN	2019	NA	9004	8763	241	2.7
CN1814100000000	18	141	St. Joseph County, IN	2019	NA	136431	131498	4933	3.6
CN1814300000000	18	143	Scott County, IN	2019	NA	10600	10221	379	3.6
CN1814500000000	18	145	Shelby County, IN	2019	NA	23275	22600	675	2.9
CN1814700000000	18	147	Spencer County, IN	2019	NA	10841	10501	340	3.1
CN1814900000000	18	149	Starke County, IN	2019	NA	9963	9531	432	4.3
CN1815100000000	18	151	Steuben County, IN	2019	NA	20785	20232	553	2.7
CN1815300000000	18	153	Sullivan County, IN	2019	NA	8444	8085	359	4.3
CN1815500000000	18	155	Switzerland County, IN	2019	NA	5024	4857	167	3.3
CN1815700000000	18	157	Tippecanoe County, IN	2019	NA	99148	96245	2903	2.9
CN1815900000000	18	159	Tipton County, IN	2019	NA	9337	9084	253	2.7
CN1816100000000	18	161	Union County, IN	2019	NA	3574	3457	117	3.3
CN1816300000000	18	163	Vanderburgh County, IN	2019	NA	94928	92022	2906	3.1
CN1816500000000	18	165	Vermillion County, IN	2019	NA	7041	6675	366	5.2
CN1816700000000	18	167	Vigo County, IN	2019	NA	48492	46409	2083	4.3
CN1816900000000	18	169	Wabash County, IN	2019	NA	15101	14630	471	3.1
CN1817100000000	18	171	Warren County, IN	2019	NA	4225	4098	127	3
CN1817300000000	18	173	Warrick County, IN	2019	NA	33195	32233	962	2.9
CN1817500000000	18	175	Washington County, IN	2019	NA	13771	13315	456	3.3
CN1817700000000	18	177	Wayne County, IN	2019	NA	30881	29776	1105	3.6
CN1817900000000	18	179	Wells County, IN	2019	NA	14514	14123	391	2.7
CN1818100000000	18	181	White County, IN	2019	NA	13577	13210	367	2.7
CN1818300000000	18	183	Whitley County, IN	2019	NA	17881	17354	527	2.9
CN1900100000000	19	001	Adair County, IA	2019	NA	4281	4180	101	2.4
CN1900300000000	19	003	Adams County, IA	2019	NA	2209	2171	38	1.7
CN1900500000000	19	005	Allamakee County, IA	2019	NA	7490	7227	263	3.5
CN1900700000000	19	007	Appanoose County, IA	2019	NA	6044	5829	215	3.6
CN1900900000000	19	009	Audubon County, IA	2019	NA	3172	3093	79	2.5
CN1901100000000	19	011	Benton County, IA	2019	NA	13745	13339	406	3
CN1901300000000	19	013	Black Hawk County, IA	2019	NA	70280	68011	2269	3.2
CN1901500000000	19	015	Boone County, IA	2019	NA	15151	14791	360	2.4
CN1901700000000	19	017	Bremer County, IA	2019	NA	14103	13774	329	2.3
CN1901900000000	19	019	Buchanan County, IA	2019	NA	11481	11163	318	2.8
CN1902100000000	19	021	Buena Vista County, IA	2019	NA	11924	11673	251	2.1
CN1902300000000	19	023	Butler County, IA	2019	NA	8015	7758	257	3.2
CN1902500000000	19	025	Calhoun County, IA	2019	NA	4312	4202	110	2.6
CN1902700000000	19	027	Carroll County, IA	2019	NA	11106	10890	216	1.9
CN1902900000000	19	029	Cass County, IA	2019	NA	6998	6800	198	2.8
CN1903100000000	19	031	Cedar County, IA	2019	NA	11010	10738	272	2.5
CN1903300000000	19	033	Cerro Gordo County, IA	2019	NA	23919	23262	657	2.7
CN1903500000000	19	035	Cherokee County, IA	2019	NA	6243	6086	157	2.5
CN1903700000000	19	037	Chickasaw County, IA	2019	NA	6605	6416	189	2.9
CN1903900000000	19	039	Clarke County, IA	2019	NA	4943	4799	144	2.9
CN1904100000000	19	041	Clay County, IA	2019	NA	8624	8385	239	2.8
CN1904300000000	19	043	Clayton County, IA	2019	NA	10301	9925	376	3.7
CN1904500000000	19	045	Clinton County, IA	2019	NA	23154	22291	863	3.7
CN1904700000000	19	047	Crawford County, IA	2019	NA	8266	7971	295	3.6
CN1904900000000	19	049	Dallas County, IA	2019	NA	50365	49377	988	2
CN1905100000000	19	051	Davis County, IA	2019	NA	4263	4141	122	2.9
CN1905300000000	19	053	Decatur County, IA	2019	NA	4453	4354	99	2.2
CN1905500000000	19	055	Delaware County, IA	2019	NA	10720	10468	252	2.4
CN1905700000000	19	057	Des Moines County, IA	2019	NA	19587	18810	777	4
CN1905900000000	19	059	Dickinson County, IA	2019	NA	10228	9933	295	2.9
CN1906100000000	19	061	Dubuque County, IA	2019	NA	56937	55435	1502	2.6
CN1906300000000	19	063	Emmet County, IA	2019	NA	5332	5196	136	2.6
CN1906500000000	19	065	Fayette County, IA	2019	NA	10750	10367	383	3.6
CN1906700000000	19	067	Floyd County, IA	2019	NA	8977	8657	320	3.6
CN1906900000000	19	069	Franklin County, IA	2019	NA	5795	5659	136	2.3
CN1907100000000	19	071	Fremont County, IA	2019	NA	3732	3629	103	2.8
CN1907300000000	19	073	Greene County, IA	2019	NA	5499	5367	132	2.4
CN1907500000000	19	075	Grundy County, IA	2019	NA	6623	6440	183	2.8
CN1907700000000	19	077	Guthrie County, IA	2019	NA	5703	5533	170	3
CN1907900000000	19	079	Hamilton County, IA	2019	NA	7014	6814	200	2.9
CN1908100000000	19	081	Hancock County, IA	2019	NA	5995	5850	145	2.4
CN1908300000000	19	083	Hardin County, IA	2019	NA	8201	7939	262	3.2
CN1908500000000	19	085	Harrison County, IA	2019	NA	7480	7297	183	2.4
CN1908700000000	19	087	Henry County, IA	2019	NA	9932	9668	264	2.7
CN1908900000000	19	089	Howard County, IA	2019	NA	5256	5108	148	2.8
CN1909100000000	19	091	Humboldt County, IA	2019	NA	5190	5052	138	2.7
CN1909300000000	19	093	Ida County, IA	2019	NA	4190	4107	83	2
CN1909500000000	19	095	Iowa County, IA	2019	NA	10686	10450	236	2.2
CN1909700000000	19	097	Jackson County, IA	2019	NA	11166	10814	352	3.2
CN1909900000000	19	099	Jasper County, IA	2019	NA	20067	19478	589	2.9
CN1910100000000	19	101	Jefferson County, IA	2019	NA	10253	10002	251	2.4
CN1910300000000	19	103	Johnson County, IA	2019	NA	87724	85941	1783	2
CN1910500000000	19	105	Jones County, IA	2019	NA	10876	10532	344	3.2
CN1910700000000	19	107	Keokuk County, IA	2019	NA	5309	5136	173	3.3
CN1910900000000	19	109	Kossuth County, IA	2019	NA	8537	8347	190	2.2
CN1911100000000	19	111	Lee County, IA	2019	NA	16350	15706	644	3.9
CN1911300000000	19	113	Linn County, IA	2019	NA	124290	120668	3622	2.9
CN1911500000000	19	115	Louisa County, IA	2019	NA	6135	5947	188	3.1
CN1911700000000	19	117	Lucas County, IA	2019	NA	4700	4603	97	2.1
CN1911900000000	19	119	Lyon County, IA	2019	NA	7165	7047	118	1.6
CN1912100000000	19	121	Madison County, IA	2019	NA	8722	8404	318	3.6
CN1912300000000	19	123	Mahaska County, IA	2019	NA	12034	11729	305	2.5
CN1912500000000	19	125	Marion County, IA	2019	NA	18614	18215	399	2.1
CN1912700000000	19	127	Marshall County, IA	2019	NA	18204	17381	823	4.5
CN1912900000000	19	129	Mills County, IA	2019	NA	7509	7334	175	2.3
CN1913100000000	19	131	Mitchell County, IA	2019	NA	6952	6834	118	1.7
CN1913300000000	19	133	Monona County, IA	2019	NA	4509	4375	134	3
CN1913500000000	19	135	Monroe County, IA	2019	NA	4080	3955	125	3.1
CN1913700000000	19	137	Montgomery County, IA	2019	NA	5077	4942	135	2.7
CN1913900000000	19	139	Muscatine County, IA	2019	NA	22175	21539	636	2.9
CN1914100000000	19	141	O'Brien County, IA	2019	NA	8367	8186	181	2.2
CN1914300000000	19	143	Osceola County, IA	2019	NA	3578	3509	69	1.9
CN1914500000000	19	145	Page County, IA	2019	NA	6478	6310	168	2.6
CN1914700000000	19	147	Palo Alto County, IA	2019	NA	4855	4747	108	2.2
CN1914900000000	19	149	Plymouth County, IA	2019	NA	15033	14695	338	2.2
CN1915100000000	19	151	Pocahontas County, IA	2019	NA	4589	4501	88	1.9
CN1915300000000	19	153	Polk County, IA	2019	NA	273646	265893	7753	2.8
CN1915500000000	19	155	Pottawattamie County, IA	2019	NA	49299	48101	1198	2.4
CN1915700000000	19	157	Poweshiek County, IA	2019	NA	10539	10258	281	2.7
CN1915900000000	19	159	Ringgold County, IA	2019	NA	2511	2439	72	2.9
CN1916100000000	19	161	Sac County, IA	2019	NA	5363	5236	127	2.4
CN1916300000000	19	163	Scott County, IA	2019	NA	90711	87687	3024	3.3
CN1916500000000	19	165	Shelby County, IA	2019	NA	6801	6657	144	2.1
CN1916700000000	19	167	Sioux County, IA	2019	NA	21340	20939	401	1.9
CN1916900000000	19	169	Story County, IA	2019	NA	59215	58115	1100	1.9
CN1917100000000	19	171	Tama County, IA	2019	NA	9608	9308	300	3.1
CN1917300000000	19	173	Taylor County, IA	2019	NA	3247	3185	62	1.9
CN1917500000000	19	175	Union County, IA	2019	NA	6375	6169	206	3.2
CN1917700000000	19	177	Van Buren County, IA	2019	NA	3714	3613	101	2.7
CN1917900000000	19	179	Wapello County, IA	2019	NA	18068	17404	664	3.7
CN1918100000000	19	181	Warren County, IA	2019	NA	28783	28053	730	2.5
CN1918300000000	19	183	Washington County, IA	2019	NA	12211	11908	303	2.5
CN1918500000000	19	185	Wayne County, IA	2019	NA	2848	2774	74	2.6
CN1918700000000	19	187	Webster County, IA	2019	NA	19774	19159	615	3.1
CN1918900000000	19	189	Winnebago County, IA	2019	NA	5195	5051	144	2.8
CN1919100000000	19	191	Winneshiek County, IA	2019	NA	12125	11779	346	2.9
CN1919300000000	19	193	Woodbury County, IA	2019	NA	56509	54977	1532	2.7
CN1919500000000	19	195	Worth County, IA	2019	NA	4269	4149	120	2.8
CN1919700000000	19	197	Wright County, IA	2019	NA	7050	6867	183	2.6
CN2000100000000	20	001	Allen County, KS	2019	NA	6436	6209	227	3.5
CN2000300000000	20	003	Anderson County, KS	2019	NA	4178	4041	137	3.3
CN2000500000000	20	005	Atchison County, KS	2019	NA	6987	6626	361	5.2
CN2000700000000	20	007	Barber County, KS	2019	NA	2319	2261	58	2.5
CN2000900000000	20	009	Barton County, KS	2019	NA	13526	13103	423	3.1
CN2001100000000	20	011	Bourbon County, KS	2019	NA	6700	6416	284	4.2
CN2001300000000	20	013	Brown County, KS	2019	NA	5352	5183	169	3.2
CN2001500000000	20	015	Butler County, KS	2019	NA	32491	31442	1049	3.2
CN2001700000000	20	017	Chase County, KS	2019	NA	1524	1482	42	2.8
CN2001900000000	20	019	Chautauqua County, KS	2019	NA	1434	1378	56	3.9
CN2002100000000	20	021	Cherokee County, KS	2019	NA	10136	9788	348	3.4
CN2002300000000	20	023	Cheyenne County, KS	2019	NA	1310	1278	32	2.4
CN2002500000000	20	025	Clark County, KS	2019	NA	1072	1047	25	2.3
CN2002700000000	20	027	Clay County, KS	2019	NA	3777	3656	121	3.2
CN2002900000000	20	029	Cloud County, KS	2019	NA	3787	3665	122	3.2
CN2003100000000	20	031	Coffey County, KS	2019	NA	4023	3841	182	4.5
CN2003300000000	20	033	Comanche County, KS	2019	NA	869	846	23	2.6
CN2003500000000	20	035	Cowley County, KS	2019	NA	16298	15749	549	3.4
CN2003700000000	20	037	Crawford County, KS	2019	NA	18729	18003	726	3.9
CN2003900000000	20	039	Decatur County, KS	2019	NA	1235	1198	37	3
CN2004100000000	20	041	Dickinson County, KS	2019	NA	8842	8528	314	3.6
CN2004300000000	20	043	Doniphan County, KS	2019	NA	4143	4004	139	3.4
CN2004500000000	20	045	Douglas County, KS	2019	NA	65375	63457	1918	2.9
CN2004700000000	20	047	Edwards County, KS	2019	NA	1488	1450	38	2.6
CN2004900000000	20	049	Elk County, KS	2019	NA	1152	1109	43	3.7
CN2005100000000	20	051	Ellis County, KS	2019	NA	17036	16649	387	2.3
CN2005300000000	20	053	Ellsworth County, KS	2019	NA	2748	2671	77	2.8
CN2005500000000	20	055	Finney County, KS	2019	NA	20602	20121	481	2.3
CN2005700000000	20	057	Ford County, KS	2019	NA	17088	16664	424	2.5
CN2005900000000	20	059	Franklin County, KS	2019	NA	14023	13557	466	3.3
CN2006100000000	20	061	Geary County, KS	2019	NA	11311	10811	500	4.4
CN2006300000000	20	063	Gove County, KS	2019	NA	1468	1437	31	2.1
CN2006500000000	20	065	Graham County, KS	2019	NA	1114	1080	34	3.1
CN2006700000000	20	067	Grant County, KS	2019	NA	3218	3126	92	2.9
CN2006900000000	20	069	Gray County, KS	2019	NA	3230	3166	64	2
CN2007100000000	20	071	Greeley County, KS	2019	NA	798	780	18	2.3
CN2007300000000	20	073	Greenwood County, KS	2019	NA	3238	3136	102	3.2
CN2007500000000	20	075	Hamilton County, KS	2019	NA	1613	1583	30	1.9
CN2007700000000	20	077	Harper County, KS	2019	NA	2875	2802	73	2.5
CN2007900000000	20	079	Harvey County, KS	2019	NA	16990	16496	494	2.9
CN2008100000000	20	081	Haskell County, KS	2019	NA	2208	2158	50	2.3
CN2008300000000	20	083	Hodgeman County, KS	2019	NA	987	963	24	2.4
CN2008500000000	20	085	Jackson County, KS	2019	NA	7167	6959	208	2.9
CN2008700000000	20	087	Jefferson County, KS	2019	NA	10096	9788	308	3.1
CN2008900000000	20	089	Jewell County, KS	2019	NA	1291	1255	36	2.8
CN2009100000000	20	091	Johnson County, KS	2019	NA	338777	329456	9321	2.8
CN2009300000000	20	093	Kearny County, KS	2019	NA	2047	1999	48	2.3
CN2009500000000	20	095	Kingman County, KS	2019	NA	3434	3325	109	3.2
CN2009700000000	20	097	Kiowa County, KS	2019	NA	1297	1267	30	2.3
CN2009900000000	20	099	Labette County, KS	2019	NA	10029	9629	400	4
CN2010100000000	20	101	Lane County, KS	2019	NA	772	752	20	2.6
CN2010300000000	20	103	Leavenworth County, KS	2019	NA	36474	35225	1249	3.4
CN2010500000000	20	105	Lincoln County, KS	2019	NA	1681	1642	39	2.3
CN2010700000000	20	107	Linn County, KS	2019	NA	4440	4176	264	5.9
CN2010900000000	20	109	Logan County, KS	2019	NA	1623	1590	33	2
CN2011100000000	20	111	Lyon County, KS	2019	NA	16666	16099	567	3.4
CN2011300000000	20	113	McPherson County, KS	2019	NA	17171	16789	382	2.2
CN2011500000000	20	115	Marion County, KS	2019	NA	5991	5814	177	3
CN2011700000000	20	117	Marshall County, KS	2019	NA	5492	5335	157	2.9
CN2011900000000	20	119	Meade County, KS	2019	NA	2155	2105	50	2.3
CN2012100000000	20	121	Miami County, KS	2019	NA	17476	16898	578	3.3
CN2012300000000	20	123	Mitchell County, KS	2019	NA	3359	3279	80	2.4
CN2012500000000	20	125	Montgomery County, KS	2019	NA	14801	14196	605	4.1
CN2012700000000	20	127	Morris County, KS	2019	NA	2993	2912	81	2.7
CN2012900000000	20	129	Morton County, KS	2019	NA	1140	1107	33	2.9
CN2013100000000	20	131	Nemaha County, KS	2019	NA	5368	5220	148	2.8
CN2013300000000	20	133	Neosho County, KS	2019	NA	6130	5850	280	4.6
CN2013500000000	20	135	Ness County, KS	2019	NA	1342	1308	34	2.5
CN2013700000000	20	137	Norton County, KS	2019	NA	2700	2641	59	2.2
CN2013900000000	20	139	Osage County, KS	2019	NA	7973	7689	284	3.6
CN2014100000000	20	141	Osborne County, KS	2019	NA	2050	2009	41	2
CN2014300000000	20	143	Ottawa County, KS	2019	NA	3009	2927	82	2.7
CN2014500000000	20	145	Pawnee County, KS	2019	NA	2873	2791	82	2.9
CN2014700000000	20	147	Phillips County, KS	2019	NA	2638	2569	69	2.6
CN2014900000000	20	149	Pottawatomie County, KS	2019	NA	12410	12062	348	2.8
CN2015100000000	20	151	Pratt County, KS	2019	NA	4907	4783	124	2.5
CN2015300000000	20	153	Rawlins County, KS	2019	NA	1490	1457	33	2.2
CN2015500000000	20	155	Reno County, KS	2019	NA	29642	28692	950	3.2
CN2015700000000	20	157	Republic County, KS	2019	NA	2263	2205	58	2.6
CN2015900000000	20	159	Rice County, KS	2019	NA	5208	5063	145	2.8
CN2016100000000	20	161	Riley County, KS	2019	NA	35046	34062	984	2.8
CN2016300000000	20	163	Rooks County, KS	2019	NA	2538	2448	90	3.5
CN2016500000000	20	165	Rush County, KS	2019	NA	1632	1586	46	2.8
CN2016700000000	20	167	Russell County, KS	2019	NA	3296	3200	96	2.9
CN2016900000000	20	169	Saline County, KS	2019	NA	30176	29269	907	3
CN2017100000000	20	171	Scott County, KS	2019	NA	2832	2778	54	1.9
CN2017300000000	20	173	Sedgwick County, KS	2019	NA	251155	242477	8678	3.5
CN2017500000000	20	175	Seward County, KS	2019	NA	9516	9222	294	3.1
CN2017700000000	20	177	Shawnee County, KS	2019	NA	90410	87395	3015	3.3
CN2017900000000	20	179	Sheridan County, KS	2019	NA	1405	1374	31	2.2
CN2018100000000	20	181	Sherman County, KS	2019	NA	2844	2766	78	2.7
CN2018300000000	20	183	Smith County, KS	2019	NA	1973	1923	50	2.5
CN2018500000000	20	185	Stafford County, KS	2019	NA	2010	1956	54	2.7
CN2018700000000	20	187	Stanton County, KS	2019	NA	985	960	25	2.5
CN2018900000000	20	189	Stevens County, KS	2019	NA	2543	2476	67	2.6
CN2019100000000	20	191	Sumner County, KS	2019	NA	10903	10537	366	3.4
CN2019300000000	20	193	Thomas County, KS	2019	NA	4305	4208	97	2.3
CN2019500000000	20	195	Trego County, KS	2019	NA	1416	1376	40	2.8
CN2019700000000	20	197	Wabaunsee County, KS	2019	NA	3647	3529	118	3.2
CN2019900000000	20	199	Wallace County, KS	2019	NA	805	784	21	2.6
CN2020100000000	20	201	Washington County, KS	2019	NA	2915	2838	77	2.6
CN2020300000000	20	203	Wichita County, KS	2019	NA	1356	1329	27	2
CN2020500000000	20	205	Wilson County, KS	2019	NA	3947	3791	156	4
CN2020700000000	20	207	Woodson County, KS	2019	NA	1608	1540	68	4.2
CN2020900000000	20	209	Wyandotte County, KS	2019	NA	77251	73917	3334	4.3
CN2100100000000	21	001	Adair County, KY	2019	NA	7140	6760	380	5.3
CN2100300000000	21	003	Allen County, KY	2019	NA	9060	8682	378	4.2
CN2100500000000	21	005	Anderson County, KY	2019	NA	12091	11643	448	3.7
CN2100700000000	21	007	Ballard County, KY	2019	NA	3524	3323	201	5.7
CN2100900000000	21	009	Barren County, KY	2019	NA	18852	18001	851	4.5
CN2101100000000	21	011	Bath County, KY	2019	NA	4631	4343	288	6.2
CN2101300000000	21	013	Bell County, KY	2019	NA	8452	7909	543	6.4
CN2101500000000	21	015	Boone County, KY	2019	NA	71372	68948	2424	3.4
CN2101700000000	21	017	Bourbon County, KY	2019	NA	9813	9441	372	3.8
CN2101900000000	21	019	Boyd County, KY	2019	NA	17882	16869	1013	5.7
CN2102100000000	21	021	Boyle County, KY	2019	NA	12586	11999	587	4.7
CN2102300000000	21	023	Bracken County, KY	2019	NA	3843	3656	187	4.9
CN2102500000000	21	025	Breathitt County, KY	2019	NA	3493	3231	262	7.5
CN2102700000000	21	027	Breckinridge County, KY	2019	NA	7946	7523	423	5.3
CN2102900000000	21	029	Bullitt County, KY	2019	NA	43068	41294	1774	4.1
CN2103100000000	21	031	Butler County, KY	2019	NA	5133	4886	247	4.8
CN2103300000000	21	033	Caldwell County, KY	2019	NA	5473	5200	273	5
CN2103500000000	21	035	Calloway County, KY	2019	NA	18799	18032	767	4.1
CN2103700000000	21	037	Campbell County, KY	2019	NA	51083	49301	1782	3.5
CN2103900000000	21	039	Carlisle County, KY	2019	NA	2235	2142	93	4.2
CN2104100000000	21	041	Carroll County, KY	2019	NA	5329	5117	212	4
CN2104300000000	21	043	Carter County, KY	2019	NA	9783	8971	812	8.3
CN2104500000000	21	045	Casey County, KY	2019	NA	6704	6424	280	4.2
CN2104700000000	21	047	Christian County, KY	2019	NA	25085	23683	1402	5.6
CN2104900000000	21	049	Clark County, KY	2019	NA	17255	16576	679	3.9
CN2105100000000	21	051	Clay County, KY	2019	NA	5196	4831	365	7
CN2105300000000	21	053	Clinton County, KY	2019	NA	4009	3788	221	5.5
CN2105500000000	21	055	Crittenden County, KY	2019	NA	3810	3625	185	4.9
CN2105700000000	21	057	Cumberland County, KY	2019	NA	3185	3051	134	4.2
CN2105900000000	21	059	Daviess County, KY	2019	NA	47567	45730	1837	3.9
CN2106100000000	21	061	Edmonson County, KY	2019	NA	4841	4602	239	4.9
CN2106300000000	21	063	Elliott County, KY	2019	NA	2041	1873	168	8.2
CN2106500000000	21	065	Estill County, KY	2019	NA	5388	5120	268	5
CN2106700000000	21	067	Fayette County, KY	2019	NA	175864	170028	5836	3.3
CN2106900000000	21	069	Fleming County, KY	2019	NA	6200	5866	334	5.4
CN2107100000000	21	071	Floyd County, KY	2019	NA	11048	10340	708	6.4
CN2107300000000	21	073	Franklin County, KY	2019	NA	25333	24392	941	3.7
CN2107500000000	21	075	Fulton County, KY	2019	NA	2058	1941	117	5.7
CN2107700000000	21	077	Gallatin County, KY	2019	NA	4109	3945	164	4
CN2107900000000	21	079	Garrard County, KY	2019	NA	7710	7352	358	4.6
CN2108100000000	21	081	Grant County, KY	2019	NA	11795	11307	488	4.1
CN2108300000000	21	083	Graves County, KY	2019	NA	15849	15122	727	4.6
CN2108500000000	21	085	Grayson County, KY	2019	NA	11029	10477	552	5
CN2108700000000	21	087	Green County, KY	2019	NA	5125	4901	224	4.4
CN2108900000000	21	089	Greenup County, KY	2019	NA	13444	12560	884	6.6
CN2109100000000	21	091	Hancock County, KY	2019	NA	3994	3841	153	3.8
CN2109300000000	21	093	Hardin County, KY	2019	NA	49305	47280	2025	4.1
CN2109500000000	21	095	Harlan County, KY	2019	NA	6717	6072	645	9.6
CN2109700000000	21	097	Harrison County, KY	2019	NA	8836	8457	379	4.3
CN2109900000000	21	099	Hart County, KY	2019	NA	7960	7582	378	4.7
CN2110100000000	21	101	Henderson County, KY	2019	NA	22116	21270	846	3.8
CN2110300000000	21	103	Henry County, KY	2019	NA	8273	7970	303	3.7
CN2110500000000	21	105	Hickman County, KY	2019	NA	1776	1690	86	4.8
CN2110700000000	21	107	Hopkins County, KY	2019	NA	18562	17714	848	4.6
CN2110900000000	21	109	Jackson County, KY	2019	NA	4132	3865	267	6.5
CN2111100000000	21	111	Jefferson County, KY	2019	NA	402518	386373	16145	4
CN2111300000000	21	113	Jessamine County, KY	2019	NA	26666	25695	971	3.6
CN2111500000000	21	115	Johnson County, KY	2019	NA	6771	6324	447	6.6
CN2111700000000	21	117	Kenton County, KY	2019	NA	88326	85189	3137	3.6
CN2111900000000	21	119	Knott County, KY	2019	NA	4499	4189	310	6.9
CN2112100000000	21	121	Knox County, KY	2019	NA	9946	9351	595	6
CN2112300000000	21	123	Larue County, KY	2019	NA	6008	5737	271	4.5
CN2112500000000	21	125	Laurel County, KY	2019	NA	24692	23483	1209	4.9
CN2112700000000	21	127	Lawrence County, KY	2019	NA	5200	4833	367	7.1
CN2112900000000	21	129	Lee County, KY	2019	NA	2064	1947	117	5.7
CN2113100000000	21	131	Leslie County, KY	2019	NA	2704	2481	223	8.2
CN2113300000000	21	133	Letcher County, KY	2019	NA	6333	5862	471	7.4
CN2113500000000	21	135	Lewis County, KY	2019	NA	4654	4241	413	8.9
CN2113700000000	21	137	Lincoln County, KY	2019	NA	9349	8877	472	5
CN2113900000000	21	139	Livingston County, KY	2019	NA	3669	3459	210	5.7
CN2114100000000	21	141	Logan County, KY	2019	NA	12621	12112	509	4
CN2114300000000	21	143	Lyon County, KY	2019	NA	3119	2973	146	4.7
CN2114500000000	21	145	McCracken County, KY	2019	NA	29258	27819	1439	4.9
CN2114700000000	21	147	McCreary County, KY	2019	NA	4702	4418	284	6
CN2114900000000	21	149	McLean County, KY	2019	NA	4233	4046	187	4.4
CN2115100000000	21	151	Madison County, KY	2019	NA	47575	45743	1832	3.9
CN2115300000000	21	153	Magoffin County, KY	2019	NA	3136	2790	346	11
CN2115500000000	21	155	Marion County, KY	2019	NA	9744	9368	376	3.9
CN2115700000000	21	157	Marshall County, KY	2019	NA	15138	14433	705	4.7
CN2115900000000	21	159	Martin County, KY	2019	NA	2772	2582	190	6.9
CN2116100000000	21	161	Mason County, KY	2019	NA	7134	6723	411	5.8
CN2116300000000	21	163	Meade County, KY	2019	NA	12345	11775	570	4.6
CN2116500000000	21	165	Menifee County, KY	2019	NA	2326	2165	161	6.9
CN2116700000000	21	167	Mercer County, KY	2019	NA	10070	9602	468	4.6
CN2116900000000	21	169	Metcalfe County, KY	2019	NA	4106	3909	197	4.8
CN2117100000000	21	171	Monroe County, KY	2019	NA	4700	4516	184	3.9
CN2117300000000	21	173	Montgomery County, KY	2019	NA	11705	11084	621	5.3
CN2117500000000	21	175	Morgan County, KY	2019	NA	4588	4342	246	5.4
CN2117700000000	21	177	Muhlenberg County, KY	2019	NA	10541	9890	651	6.2
CN2117900000000	21	179	Nelson County, KY	2019	NA	23276	22217	1059	4.5
CN2118100000000	21	181	Nicholas County, KY	2019	NA	3295	3149	146	4.4
CN2118300000000	21	183	Ohio County, KY	2019	NA	9827	9326	501	5.1
CN2118500000000	21	185	Oldham County, KY	2019	NA	33501	32403	1098	3.3
CN2118700000000	21	187	Owen County, KY	2019	NA	5138	4902	236	4.6
CN2118900000000	21	189	Owsley County, KY	2019	NA	1135	1055	80	7
CN2119100000000	21	191	Pendleton County, KY	2019	NA	7021	6754	267	3.8
CN2119300000000	21	193	Perry County, KY	2019	NA	8294	7792	502	6.1
CN2119500000000	21	195	Pike County, KY	2019	NA	19977	18819	1158	5.8
CN2119700000000	21	197	Powell County, KY	2019	NA	5046	4775	271	5.4
CN2119900000000	21	199	Pulaski County, KY	2019	NA	26745	25493	1252	4.7
CN2120100000000	21	201	Robertson County, KY	2019	NA	819	775	44	5.4
CN2120300000000	21	203	Rockcastle County, KY	2019	NA	6718	6397	321	4.8
CN2120500000000	21	205	Rowan County, KY	2019	NA	10456	9904	552	5.3
CN2120700000000	21	207	Russell County, KY	2019	NA	6251	5894	357	5.7
CN2120900000000	21	209	Scott County, KY	2019	NA	29281	28256	1025	3.5
CN2121100000000	21	211	Shelby County, KY	2019	NA	25657	24781	876	3.4
CN2121300000000	21	213	Simpson County, KY	2019	NA	8943	8538	405	4.5
CN2121500000000	21	215	Spencer County, KY	2019	NA	10268	9903	365	3.6
CN2121700000000	21	217	Taylor County, KY	2019	NA	12757	12212	545	4.3
CN2121900000000	21	219	Todd County, KY	2019	NA	5447	5232	215	3.9
CN2122100000000	21	221	Trigg County, KY	2019	NA	6024	5741	283	4.7
CN2122300000000	21	223	Trimble County, KY	2019	NA	3902	3732	170	4.4
CN2122500000000	21	225	Union County, KY	2019	NA	6139	5863	276	4.5
CN2122700000000	21	227	Warren County, KY	2019	NA	65388	62844	2544	3.9
CN2122900000000	21	229	Washington County, KY	2019	NA	6267	6022	245	3.9
CN2123100000000	21	231	Wayne County, KY	2019	NA	7465	7033	432	5.8
CN2123300000000	21	233	Webster County, KY	2019	NA	5790	5556	234	4
CN2123500000000	21	235	Whitley County, KY	2019	NA	13737	13029	708	5.2
CN2123700000000	21	237	Wolfe County, KY	2019	NA	1968	1828	140	7.1
CN2123900000000	21	239	Woodford County, KY	2019	NA	14949	14481	468	3.1
CN2200100000000	22	001	Acadia Parish, LA	2019	NA	23841	22572	1269	5.3
CN2200300000000	22	003	Allen Parish, LA	2019	NA	8811	8312	499	5.7
CN2200500000000	22	005	Ascension Parish, LA	2019	NA	63953	61318	2635	4.1
CN2200700000000	22	007	Assumption Parish, LA	2019	NA	8877	8335	542	6.1
CN2200900000000	22	009	Avoyelles Parish, LA	2019	NA	15109	14226	883	5.8
CN2201100000000	22	011	Beauregard Parish, LA	2019	NA	14606	13849	757	5.2
CN2201300000000	22	013	Bienville Parish, LA	2019	NA	5516	5190	326	5.9
CN2201500000000	22	015	Bossier Parish, LA	2019	NA	57604	55129	2475	4.3
CN2201700000000	22	017	Caddo Parish, LA	2019	NA	103405	97859	5546	5.4
CN2201900000000	22	019	Calcasieu Parish, LA	2019	NA	106140	101802	4338	4.1
CN2202100000000	22	021	Caldwell Parish, LA	2019	NA	3773	3544	229	6.1
CN2202300000000	22	023	Cameron Parish, LA	2019	NA	3937	3789	148	3.8
CN2202500000000	22	025	Catahoula Parish, LA	2019	NA	3379	3162	217	6.4
CN2202700000000	22	027	Claiborne Parish, LA	2019	NA	5837	5506	331	5.7
CN2202900000000	22	029	Concordia Parish, LA	2019	NA	7019	6566	453	6.5
CN2203100000000	22	031	De Soto Parish, LA	2019	NA	10853	10201	652	6
CN2203300000000	22	033	East Baton Rouge Parish, LA	2019	NA	230493	220337	10156	4.4
CN2203500000000	22	035	East Carroll Parish, LA	2019	NA	1888	1688	200	10.6
CN2203700000000	22	037	East Feliciana Parish, LA	2019	NA	7973	7606	367	4.6
CN2203900000000	22	039	Evangeline Parish, LA	2019	NA	11889	11186	703	5.9
CN2204100000000	22	041	Franklin Parish, LA	2019	NA	7363	6834	529	7.2
CN2204300000000	22	043	Grant Parish, LA	2019	NA	8171	7696	475	5.8
CN2204500000000	22	045	Iberia Parish, LA	2019	NA	28099	26574	1525	5.4
CN2204700000000	22	047	Iberville Parish, LA	2019	NA	14040	13207	833	5.9
CN2204900000000	22	049	Jackson Parish, LA	2019	NA	6802	6480	322	4.7
CN2205100000000	22	051	Jefferson Parish, LA	2019	NA	213704	204775	8929	4.2
CN2205300000000	22	053	Jefferson Davis Parish, LA	2019	NA	13231	12607	624	4.7
CN2205500000000	22	055	Lafayette Parish, LA	2019	NA	113607	108685	4922	4.3
CN2205700000000	22	057	Lafourche Parish, LA	2019	NA	42008	40124	1884	4.5
CN2205900000000	22	059	LaSalle Parish, LA	2019	NA	6715	6429	286	4.3
CN2206100000000	22	061	Lincoln Parish, LA	2019	NA	21959	20780	1179	5.4
CN2206300000000	22	063	Livingston Parish, LA	2019	NA	68713	65912	2801	4.1
CN2206500000000	22	065	Madison Parish, LA	2019	NA	3515	3232	283	8.1
CN2206700000000	22	067	Morehouse Parish, LA	2019	NA	9999	9166	833	8.3
CN2206900000000	22	069	Natchitoches Parish, LA	2019	NA	16343	15356	987	6
CN2207100000000	22	071	Orleans Parish, LA	2019	NA	178834	170121	8713	4.9
CN2207300000000	22	073	Ouachita Parish, LA	2019	NA	70082	66346	3736	5.3
CN2207500000000	22	075	Plaquemines Parish, LA	2019	NA	10053	9620	433	4.3
CN2207700000000	22	077	Pointe Coupee Parish, LA	2019	NA	9867	9339	528	5.4
CN2207900000000	22	079	Rapides Parish, LA	2019	NA	55062	52258	2804	5.1
CN2208100000000	22	081	Red River Parish, LA	2019	NA	3745	3553	192	5.1
CN2208300000000	22	083	Richland Parish, LA	2019	NA	8222	7704	518	6.3
CN2208500000000	22	085	Sabine Parish, LA	2019	NA	9172	8705	467	5.1
CN2208700000000	22	087	St. Bernard Parish, LA	2019	NA	19854	18885	969	4.9
CN2208900000000	22	089	St. Charles Parish, LA	2019	NA	25134	24049	1085	4.3
CN2209100000000	22	091	St. Helena Parish, LA	2019	NA	4273	4013	260	6.1
CN2209300000000	22	093	St. James Parish, LA	2019	NA	9229	8675	554	6
CN2209500000000	22	095	St. John the Baptist Parish, LA	2019	NA	19647	18545	1102	5.6
CN2209700000000	22	097	St. Landry Parish, LA	2019	NA	31891	29891	2000	6.3
CN2209900000000	22	099	St. Martin Parish, LA	2019	NA	22189	21056	1133	5.1
CN2210100000000	22	101	St. Mary Parish, LA	2019	NA	19816	18643	1173	5.9
CN2210300000000	22	103	St. Tammany Parish, LA	2019	NA	119300	114335	4965	4.2
CN2210500000000	22	105	Tangipahoa Parish, LA	2019	NA	54444	51437	3007	5.5
CN2210700000000	22	107	Tensas Parish, LA	2019	NA	1398	1282	116	8.3
CN2210900000000	22	109	Terrebonne Parish, LA	2019	NA	46285	44140	2145	4.6
CN2211100000000	22	111	Union Parish, LA	2019	NA	9098	8570	528	5.8
CN2211300000000	22	113	Vermilion Parish, LA	2019	NA	24087	22870	1217	5.1
CN2211500000000	22	115	Vernon Parish, LA	2019	NA	15883	14906	977	6.2
CN2211700000000	22	117	Washington Parish, LA	2019	NA	16703	15713	990	5.9
CN2211900000000	22	119	Webster Parish, LA	2019	NA	14493	13609	884	6.1
CN2212100000000	22	121	West Baton Rouge Parish, LA	2019	NA	13648	13029	619	4.5
CN2212300000000	22	123	West Carroll Parish, LA	2019	NA	3630	3243	387	10.7
CN2212500000000	22	125	West Feliciana Parish, LA	2019	NA	5378	5158	220	4.1
CN2212700000000	22	127	Winn Parish, LA	2019	NA	4867	4558	309	6.3
CN2300100000000	23	001	Androscoggin County, ME	2019	NA	55225	53594	1631	3
CN2300300000000	23	003	Aroostook County, ME	2019	NA	30205	28814	1391	4.6
CN2300500000000	23	005	Cumberland County, ME	2019	NA	164832	160912	3920	2.4
CN2300700000000	23	007	Franklin County, ME	2019	NA	14241	13693	548	3.8
CN2300900000000	23	009	Hancock County, ME	2019	NA	29089	28064	1025	3.5
CN2301100000000	23	011	Kennebec County, ME	2019	NA	61923	60100	1823	2.9
CN2301300000000	23	013	Knox County, ME	2019	NA	20194	19605	589	2.9
CN2301500000000	23	015	Lincoln County, ME	2019	NA	16789	16290	499	3
CN2301700000000	23	017	Oxford County, ME	2019	NA	26333	25381	952	3.6
CN2301900000000	23	019	Penobscot County, ME	2019	NA	76836	74339	2497	3.2
CN2302100000000	23	021	Piscataquis County, ME	2019	NA	7274	7003	271	3.7
CN2302300000000	23	023	Sagadahoc County, ME	2019	NA	19421	18975	446	2.3
CN2302500000000	23	025	Somerset County, ME	2019	NA	22429	21428	1001	4.5
CN2302700000000	23	027	Waldo County, ME	2019	NA	20613	19953	660	3.2
CN2302900000000	23	029	Washington County, ME	2019	NA	13688	13053	635	4.6
CN2303100000000	23	031	York County, ME	2019	NA	113644	110554	3090	2.7
CN2400100000000	24	001	Allegany County, MD	2019	NA	32491	30812	1679	5.2
CN2400300000000	24	003	Anne Arundel County, MD	2019	NA	317780	308068	9712	3.1
CN2400500000000	24	005	Baltimore County, MD	2019	NA	457555	440638	16917	3.7
CN2400900000000	24	009	Calvert County, MD	2019	NA	50484	48888	1596	3.2
CN2401100000000	24	011	Caroline County, MD	2019	NA	18270	17612	658	3.6
CN2401300000000	24	013	Carroll County, MD	2019	NA	96466	93645	2821	2.9
CN2401500000000	24	015	Cecil County, MD	2019	NA	53453	51323	2130	4
CN2401700000000	24	017	Charles County, MD	2019	NA	88102	84908	3194	3.6
CN2401900000000	24	019	Dorchester County, MD	2019	NA	15684	14938	746	4.8
CN2402100000000	24	021	Frederick County, MD	2019	NA	135761	131453	4308	3.2
CN2402300000000	24	023	Garrett County, MD	2019	NA	15775	15075	700	4.4
CN2402500000000	24	025	Harford County, MD	2019	NA	142081	137331	4750	3.3
CN2402700000000	24	027	Howard County, MD	2019	NA	189135	183944	5191	2.7
CN2402900000000	24	029	Kent County, MD	2019	NA	10205	9796	409	4
CN2403100000000	24	031	Montgomery County, MD	2019	NA	565866	549310	16556	2.9
CN2403300000000	24	033	Prince George's County, MD	2019	NA	513953	494665	19288	3.8
CN2403500000000	24	035	Queen Anne's County, MD	2019	NA	28079	27210	869	3.1
CN2403700000000	24	037	St. Mary's County, MD	2019	NA	57409	55506	1903	3.3
CN2403900000000	24	039	Somerset County, MD	2019	NA	9252	8689	563	6.1
CN2404100000000	24	041	Talbot County, MD	2019	NA	19327	18665	662	3.4
CN2404300000000	24	043	Washington County, MD	2019	NA	75259	72347	2912	3.9
CN2404500000000	24	045	Wicomico County, MD	2019	NA	51724	49327	2397	4.6
CN2404700000000	24	047	Worcester County, MD	2019	NA	25814	23908	1906	7.4
CN2451000000000	24	510	Baltimore city, MD	2019	NA	290743	275911	14832	5.1
CN2500100000000	25	001	Barnstable County, MA	2019	NA	115437	110989	4448	3.9
CN2500300000000	25	003	Berkshire County, MA	2019	NA	65320	63035	2285	3.5
CN2500500000000	25	005	Bristol County, MA	2019	NA	304217	292890	11327	3.7
CN2500700000000	25	007	Dukes County, MA	2019	NA	9650	9255	395	4.1
CN2500900000000	25	009	Essex County, MA	2019	NA	429871	417092	12779	3
CN2501100000000	25	011	Franklin County, MA	2019	NA	41318	40207	1111	2.7
CN2501300000000	25	013	Hampden County, MA	2019	NA	230190	220767	9423	4.1
CN2501500000000	25	015	Hampshire County, MA	2019	NA	90937	88479	2458	2.7
CN2501700000000	25	017	Middlesex County, MA	2019	NA	929265	907777	21488	2.3
CN2501900000000	25	019	Nantucket County/town, MA	2019	NA	7661	7342	319	4.2
CN2502100000000	25	021	Norfolk County, MA	2019	NA	395483	385482	10001	2.5
CN2502300000000	25	023	Plymouth County, MA	2019	NA	286588	277913	8675	3
CN2502500000000	25	025	Suffolk County, MA	2019	NA	461168	449136	12032	2.6
CN2502700000000	25	027	Worcester County, MA	2019	NA	450332	436193	14139	3.1
CN2600100000000	26	001	Alcona County, MI	2019	NA	3879	3635	244	6.3
CN2600300000000	26	003	Alger County, MI	2019	NA	3198	2949	249	7.8
CN2600500000000	26	005	Allegan County, MI	2019	NA	62275	60325	1950	3.1
CN2600700000000	26	007	Alpena County, MI	2019	NA	13266	12638	628	4.7
CN2600900000000	26	009	Antrim County, MI	2019	NA	10321	9791	530	5.1
CN2601100000000	26	011	Arenac County, MI	2019	NA	6062	5663	399	6.6
CN2601300000000	26	013	Baraga County, MI	2019	NA	3219	3015	204	6.3
CN2601500000000	26	015	Barry County, MI	2019	NA	31665	30638	1027	3.2
CN2601700000000	26	017	Bay County, MI	2019	NA	50038	47704	2334	4.7
CN2601900000000	26	019	Benzie County, MI	2019	NA	8882	8432	450	5.1
CN2602100000000	26	021	Berrien County, MI	2019	NA	73454	70483	2971	4
CN2602300000000	26	023	Branch County, MI	2019	NA	19356	18600	756	3.9
CN2602500000000	26	025	Calhoun County, MI	2019	NA	62502	59943	2559	4.1
CN2602700000000	26	027	Cass County, MI	2019	NA	24491	23442	1049	4.3
CN2602900000000	26	029	Charlevoix County, MI	2019	NA	12913	12315	598	4.6
CN2603100000000	26	031	Cheboygan County, MI	2019	NA	10547	9627	920	8.7
CN2603300000000	26	033	Chippewa County, MI	2019	NA	16031	15022	1009	6.3
CN2603500000000	26	035	Clare County, MI	2019	NA	11728	11010	718	6.1
CN2603700000000	26	037	Clinton County, MI	2019	NA	41149	39916	1233	3
CN2603900000000	26	039	Crawford County, MI	2019	NA	5599	5285	314	5.6
CN2604100000000	26	041	Delta County, MI	2019	NA	17181	16282	899	5.2
CN2604300000000	26	043	Dickinson County, MI	2019	NA	12297	11777	520	4.2
CN2604500000000	26	045	Eaton County, MI	2019	NA	57251	55295	1956	3.4
CN2604700000000	26	047	Emmet County, MI	2019	NA	17772	16816	956	5.4
CN2604900000000	26	049	Genesee County, MI	2019	NA	182899	173888	9011	4.9
CN2605100000000	26	051	Gladwin County, MI	2019	NA	9918	9350	568	5.7
CN2605300000000	26	053	Gogebic County, MI	2019	NA	6030	5714	316	5.2
CN2605500000000	26	055	Grand Traverse County, MI	2019	NA	49812	48097	1715	3.4
CN2605700000000	26	057	Gratiot County, MI	2019	NA	17998	17209	789	4.4
CN2605900000000	26	059	Hillsdale County, MI	2019	NA	20446	19592	854	4.2
CN2606100000000	26	061	Houghton County, MI	2019	NA	16183	15388	795	4.9
CN2606300000000	26	063	Huron County, MI	2019	NA	15401	14723	678	4.4
CN2606500000000	26	065	Ingham County, MI	2019	NA	151261	145943	5318	3.5
CN2606700000000	26	067	Ionia County, MI	2019	NA	30280	29252	1028	3.4
CN2606900000000	26	069	Iosco County, MI	2019	NA	10220	9610	610	6
CN2607100000000	26	071	Iron County, MI	2019	NA	5162	4878	284	5.5
CN2607300000000	26	073	Isabella County, MI	2019	NA	34741	33405	1336	3.8
CN2607500000000	26	075	Jackson County, MI	2019	NA	74125	71335	2790	3.8
CN2607700000000	26	077	Kalamazoo County, MI	2019	NA	133718	129316	4402	3.3
CN2607900000000	26	079	Kalkaska County, MI	2019	NA	7935	7487	448	5.6
CN2608100000000	26	081	Kent County, MI	2019	NA	359924	349535	10389	2.9
CN2608300000000	26	083	Keweenaw County, MI	2019	NA	884	823	61	6.9
CN2608500000000	26	085	Lake County, MI	2019	NA	3709	3472	237	6.4
CN2608700000000	26	087	Lapeer County, MI	2019	NA	41517	39273	2244	5.4
CN2608900000000	26	089	Leelanau County, MI	2019	NA	10531	10139	392	3.7
CN2609100000000	26	091	Lenawee County, MI	2019	NA	46454	44663	1791	3.9
CN2609300000000	26	093	Livingston County, MI	2019	NA	104220	100768	3452	3.3
CN2609500000000	26	095	Luce County, MI	2019	NA	2315	2172	143	6.2
CN2609700000000	26	097	Mackinac County, MI	2019	NA	5135	4656	479	9.3
CN2609900000000	26	099	Macomb County, MI	2019	NA	451125	432001	19124	4.2
CN2610100000000	26	101	Manistee County, MI	2019	NA	10444	9873	571	5.5
CN2610300000000	26	103	Marquette County, MI	2019	NA	32543	30975	1568	4.8
CN2610500000000	26	105	Mason County, MI	2019	NA	13666	12996	670	4.9
CN2610700000000	26	107	Mecosta County, MI	2019	NA	18247	17390	857	4.7
CN2610900000000	26	109	Menominee County, MI	2019	NA	11054	10612	442	4
CN2611100000000	26	111	Midland County, MI	2019	NA	40325	38826	1499	3.7
CN2611300000000	26	113	Missaukee County, MI	2019	NA	6961	6629	332	4.8
CN2611500000000	26	115	Monroe County, MI	2019	NA	75480	72541	2939	3.9
CN2611700000000	26	117	Montcalm County, MI	2019	NA	28350	27196	1154	4.1
CN2611900000000	26	119	Montmorency County, MI	2019	NA	2998	2748	250	8.3
CN2612100000000	26	121	Muskegon County, MI	2019	NA	77149	73860	3289	4.3
CN2612300000000	26	123	Newaygo County, MI	2019	NA	23400	22413	987	4.2
CN2612500000000	26	125	Oakland County, MI	2019	NA	680255	657035	23220	3.4
CN2612700000000	26	127	Oceana County, MI	2019	NA	12120	11403	717	5.9
CN2612900000000	26	129	Ogemaw County, MI	2019	NA	8030	7494	536	6.7
CN2613100000000	26	131	Ontonagon County, MI	2019	NA	2090	1947	143	6.8
CN2613300000000	26	133	Osceola County, MI	2019	NA	11202	10749	453	4
CN2613500000000	26	135	Oscoda County, MI	2019	NA	3045	2836	209	6.9
CN2613700000000	26	137	Otsego County, MI	2019	NA	11638	11062	576	4.9
CN2613900000000	26	139	Ottawa County, MI	2019	NA	161102	156664	4438	2.8
CN2614100000000	26	141	Presque Isle County, MI	2019	NA	4951	4576	375	7.6
CN2614300000000	26	143	Roscommon County, MI	2019	NA	7726	7145	581	7.5
CN2614500000000	26	145	Saginaw County, MI	2019	NA	86666	82533	4133	4.8
CN2614700000000	26	147	St. Clair County, MI	2019	NA	76280	72546	3734	4.9
CN2614900000000	26	149	St. Joseph County, MI	2019	NA	27976	26783	1193	4.3
CN2615100000000	26	151	Sanilac County, MI	2019	NA	19490	18565	925	4.7
CN2615300000000	26	153	Schoolcraft County, MI	2019	NA	3326	3093	233	7
CN2615500000000	26	155	Shiawassee County, MI	2019	NA	33496	32070	1426	4.3
CN2615700000000	26	157	Tuscola County, MI	2019	NA	23853	22635	1218	5.1
CN2615900000000	26	159	Van Buren County, MI	2019	NA	35167	33559	1608	4.6
CN2616100000000	26	161	Washtenaw County, MI	2019	NA	198198	192472	5726	2.9
CN2616300000000	26	163	Wayne County, MI	2019	NA	808171	767123	41048	5.1
CN2616500000000	26	165	Wexford County, MI	2019	NA	14854	14185	669	4.5
CN2700100000000	27	001	Aitkin County, MN	2019	NA	7268	6818	450	6.2
CN2700300000000	27	003	Anoka County, MN	2019	NA	199416	193301	6115	3.1
CN2700500000000	27	005	Becker County, MN	2019	NA	18833	18086	747	4
CN2700700000000	27	007	Beltrami County, MN	2019	NA	24532	23487	1045	4.3
CN2700900000000	27	009	Benton County, MN	2019	NA	22144	21287	857	3.9
CN2701100000000	27	011	Big Stone County, MN	2019	NA	2507	2402	105	4.2
CN2701300000000	27	013	Blue Earth County, MN	2019	NA	40878	39748	1130	2.8
CN2701500000000	27	015	Brown County, MN	2019	NA	14435	13912	523	3.6
CN2701700000000	27	017	Carlton County, MN	2019	NA	17927	17126	801	4.5
CN2701900000000	27	019	Carver County, MN	2019	NA	59102	57473	1629	2.8
CN2702100000000	27	021	Cass County, MN	2019	NA	14467	13668	799	5.5
CN2702300000000	27	023	Chippewa County, MN	2019	NA	6978	6707	271	3.9
CN2702500000000	27	025	Chisago County, MN	2019	NA	30246	29106	1140	3.8
CN2702700000000	27	027	Clay County, MN	2019	NA	36268	35165	1103	3
CN2702900000000	27	029	Clearwater County, MN	2019	NA	4501	4130	371	8.2
CN2703100000000	27	031	Cook County, MN	2019	NA	3123	2988	135	4.3
CN2703300000000	27	033	Cottonwood County, MN	2019	NA	5963	5743	220	3.7
CN2703500000000	27	035	Crow Wing County, MN	2019	NA	32410	31005	1405	4.3
CN2703700000000	27	037	Dakota County, MN	2019	NA	243793	236782	7011	2.9
CN2703900000000	27	039	Dodge County, MN	2019	NA	11982	11577	405	3.4
CN2704100000000	27	041	Douglas County, MN	2019	NA	21134	20466	668	3.2
CN2704300000000	27	043	Faribault County, MN	2019	NA	7077	6783	294	4.2
CN2704500000000	27	045	Fillmore County, MN	2019	NA	11664	11279	385	3.3
CN2704700000000	27	047	Freeborn County, MN	2019	NA	16216	15659	557	3.4
CN2704900000000	27	049	Goodhue County, MN	2019	NA	27240	26410	830	3
CN2705100000000	27	051	Grant County, MN	2019	NA	3324	3176	148	4.5
CN2705300000000	27	053	Hennepin County, MN	2019	NA	712531	692855	19676	2.8
CN2705500000000	27	055	Houston County, MN	2019	NA	10451	10115	336	3.2
CN2705700000000	27	057	Hubbard County, MN	2019	NA	10036	9495	541	5.4
CN2705900000000	27	059	Isanti County, MN	2019	NA	21503	20632	871	4.1
CN2706100000000	27	061	Itasca County, MN	2019	NA	21963	20656	1307	6
CN2706300000000	27	063	Jackson County, MN	2019	NA	5754	5556	198	3.4
CN2706500000000	27	065	Kanabec County, MN	2019	NA	9111	8573	538	5.9
CN2706700000000	27	067	Kandiyohi County, MN	2019	NA	24425	23565	860	3.5
CN2706900000000	27	069	Kittson County, MN	2019	NA	2386	2299	87	3.6
CN2707100000000	27	071	Koochiching County, MN	2019	NA	5990	5608	382	6.4
CN2707300000000	27	073	Lac qui Parle County, MN	2019	NA	3579	3445	134	3.7
CN2707500000000	27	075	Lake County, MN	2019	NA	5538	5338	200	3.6
CN2707700000000	27	077	Lake of the Woods County, MN	2019	NA	2472	2370	102	4.1
CN2707900000000	27	079	Le Sueur County, MN	2019	NA	16307	15576	731	4.5
CN2708100000000	27	081	Lincoln County, MN	2019	NA	3290	3166	124	3.8
CN2708300000000	27	083	Lyon County, MN	2019	NA	14631	14163	468	3.2
CN2708500000000	27	085	McLeod County, MN	2019	NA	19408	18690	718	3.7
CN2708700000000	27	087	Mahnomen County, MN	2019	NA	2305	2196	109	4.7
CN2708900000000	27	089	Marshall County, MN	2019	NA	5447	5128	319	5.9
CN2709100000000	27	091	Martin County, MN	2019	NA	10145	9764	381	3.8
CN2709300000000	27	093	Meeker County, MN	2019	NA	13426	12907	519	3.9
CN2709500000000	27	095	Mille Lacs County, MN	2019	NA	13055	12347	708	5.4
CN2709700000000	27	097	Morrison County, MN	2019	NA	17653	16738	915	5.2
CN2709900000000	27	099	Mower County, MN	2019	NA	20463	19842	621	3
CN2710100000000	27	101	Murray County, MN	2019	NA	4877	4668	209	4.3
CN2710300000000	27	103	Nicollet County, MN	2019	NA	21098	20564	534	2.5
CN2710500000000	27	105	Nobles County, MN	2019	NA	11289	10950	339	3
CN2710700000000	27	107	Norman County, MN	2019	NA	3284	3127	157	4.8
CN2710900000000	27	109	Olmsted County, MN	2019	NA	89236	86958	2278	2.6
CN2711100000000	27	111	Otter Tail County, MN	2019	NA	31655	30335	1320	4.2
CN2711300000000	27	113	Pennington County, MN	2019	NA	8765	8365	400	4.6
CN2711500000000	27	115	Pine County, MN	2019	NA	15154	14318	836	5.5
CN2711700000000	27	117	Pipestone County, MN	2019	NA	4950	4778	172	3.5
CN2711900000000	27	119	Polk County, MN	2019	NA	16672	16007	665	4
CN2712100000000	27	121	Pope County, MN	2019	NA	6582	6378	204	3.1
CN2712300000000	27	123	Ramsey County, MN	2019	NA	292118	283424	8694	3
CN2712500000000	27	125	Red Lake County, MN	2019	NA	2229	2111	118	5.3
CN2712700000000	27	127	Redwood County, MN	2019	NA	7676	7392	284	3.7
CN2712900000000	27	129	Renville County, MN	2019	NA	8669	8275	394	4.5
CN2713100000000	27	131	Rice County, MN	2019	NA	37333	36169	1164	3.1
CN2713300000000	27	133	Rock County, MN	2019	NA	5687	5556	131	2.3
CN2713500000000	27	135	Roseau County, MN	2019	NA	7875	7570	305	3.9
CN2713700000000	27	137	St. Louis County, MN	2019	NA	102395	98297	4098	4
CN2713900000000	27	139	Scott County, MN	2019	NA	84276	81967	2309	2.7
CN2714100000000	27	141	Sherburne County, MN	2019	NA	52921	51063	1858	3.5
CN2714300000000	27	143	Sibley County, MN	2019	NA	8661	8331	330	3.8
CN2714500000000	27	145	Stearns County, MN	2019	NA	91177	88280	2897	3.2
CN2714700000000	27	147	Steele County, MN	2019	NA	21221	20549	672	3.2
CN2714900000000	27	149	Stevens County, MN	2019	NA	5478	5330	148	2.7
CN2715100000000	27	151	Swift County, MN	2019	NA	4953	4737	216	4.4
CN2715300000000	27	153	Todd County, MN	2019	NA	13615	13012	603	4.4
CN2715500000000	27	155	Traverse County, MN	2019	NA	1781	1715	66	3.7
CN2715700000000	27	157	Wabasha County, MN	2019	NA	12432	12018	414	3.3
CN2715900000000	27	159	Wadena County, MN	2019	NA	5962	5595	367	6.2
CN2716100000000	27	161	Waseca County, MN	2019	NA	9059	8709	350	3.9
CN2716300000000	27	163	Washington County, MN	2019	NA	144620	140553	4067	2.8
CN2716500000000	27	165	Watonwan County, MN	2019	NA	6531	6267	264	4
CN2716700000000	27	167	Wilkin County, MN	2019	NA	3516	3397	119	3.4
CN2716900000000	27	169	Winona County, MN	2019	NA	28840	28005	835	2.9
CN2717100000000	27	171	Wright County, MN	2019	NA	76368	73883	2485	3.3
CN2717300000000	27	173	Yellow Medicine County, MN	2019	NA	5409	5204	205	3.8
CN2800100000000	28	001	Adams County, MS	2019	NA	11260	10466	794	7.1
CN2800300000000	28	003	Alcorn County, MS	2019	NA	16057	15300	757	4.7
CN2800500000000	28	005	Amite County, MS	2019	NA	4417	4109	308	7
CN2800700000000	28	007	Attala County, MS	2019	NA	7031	6592	439	6.2
CN2800900000000	28	009	Benton County, MS	2019	NA	3055	2868	187	6.1
CN2801100000000	28	011	Bolivar County, MS	2019	NA	12260	11397	863	7
CN2801300000000	28	013	Calhoun County, MS	2019	NA	5660	5350	310	5.5
CN2801500000000	28	015	Carroll County, MS	2019	NA	3471	3253	218	6.3
CN2801700000000	28	017	Chickasaw County, MS	2019	NA	6921	6531	390	5.6
CN2801900000000	28	019	Choctaw County, MS	2019	NA	3757	3552	205	5.5
CN2802100000000	28	021	Claiborne County, MS	2019	NA	3030	2705	325	10.7
CN2802300000000	28	023	Clarke County, MS	2019	NA	5923	5554	369	6.2
CN2802500000000	28	025	Clay County, MS	2019	NA	7794	7213	581	7.5
CN2802700000000	28	027	Coahoma County, MS	2019	NA	8364	7722	642	7.7
CN2802900000000	28	029	Copiah County, MS	2019	NA	11233	10490	743	6.6
CN2803100000000	28	031	Covington County, MS	2019	NA	8143	7745	398	4.9
CN2803300000000	28	033	DeSoto County, MS	2019	NA	91399	87382	4017	4.4
CN2803500000000	28	035	Forrest County, MS	2019	NA	33282	31575	1707	5.1
CN2803700000000	28	037	Franklin County, MS	2019	NA	2807	2616	191	6.8
CN2803900000000	28	039	George County, MS	2019	NA	8841	8185	656	7.4
CN2804100000000	28	041	Greene County, MS	2019	NA	4355	4014	341	7.8
CN2804300000000	28	043	Grenada County, MS	2019	NA	9494	9014	480	5.1
CN2804500000000	28	045	Hancock County, MS	2019	NA	18776	17720	1056	5.6
CN2804700000000	28	047	Harrison County, MS	2019	NA	86479	82022	4457	5.2
CN2804900000000	28	049	Hinds County, MS	2019	NA	107145	101524	5621	5.2
CN2805100000000	28	051	Holmes County, MS	2019	NA	5672	5089	583	10.3
CN2805300000000	28	053	Humphreys County, MS	2019	NA	2227	2003	224	10.1
CN2805500000000	28	055	Issaquena County, MS	2019	NA	381	338	43	11.3
CN2805700000000	28	057	Itawamba County, MS	2019	NA	10529	10034	495	4.7
CN2805900000000	28	059	Jackson County, MS	2019	NA	58591	55058	3533	6
CN2806100000000	28	061	Jasper County, MS	2019	NA	6185	5762	423	6.8
CN2806300000000	28	063	Jefferson County, MS	2019	NA	2028	1714	314	15.5
CN2806500000000	28	065	Jefferson Davis County, MS	2019	NA	4124	3840	284	6.9
CN2806700000000	28	067	Jones County, MS	2019	NA	26252	24839	1413	5.4
CN2806900000000	28	069	Kemper County, MS	2019	NA	3555	3271	284	8
CN2807100000000	28	071	Lafayette County, MS	2019	NA	28393	27113	1280	4.5
CN2807300000000	28	073	Lamar County, MS	2019	NA	30722	29435	1287	4.2
CN2807500000000	28	075	Lauderdale County, MS	2019	NA	30536	28862	1674	5.5
CN2807700000000	28	077	Lawrence County, MS	2019	NA	4623	4310	313	6.8
CN2807900000000	28	079	Leake County, MS	2019	NA	7968	7527	441	5.5
CN2808100000000	28	081	Lee County, MS	2019	NA	41209	39409	1800	4.4
CN2808300000000	28	083	Leflore County, MS	2019	NA	10018	9262	756	7.5
CN2808500000000	28	085	Lincoln County, MS	2019	NA	14635	13813	822	5.6
CN2808700000000	28	087	Lowndes County, MS	2019	NA	25441	24086	1355	5.3
CN2808900000000	28	089	Madison County, MS	2019	NA	53328	51001	2327	4.4
CN2809100000000	28	091	Marion County, MS	2019	NA	9940	9397	543	5.5
CN2809300000000	28	093	Marshall County, MS	2019	NA	14505	13673	832	5.7
CN2809500000000	28	095	Monroe County, MS	2019	NA	15534	14683	851	5.5
CN2809700000000	28	097	Montgomery County, MS	2019	NA	3960	3721	239	6
CN2809900000000	28	099	Neshoba County, MS	2019	NA	10244	9640	604	5.9
CN2810100000000	28	101	Newton County, MS	2019	NA	8856	8371	485	5.5
CN2810300000000	28	103	Noxubee County, MS	2019	NA	3783	3507	276	7.3
CN2810500000000	28	105	Oktibbeha County, MS	2019	NA	22722	21447	1275	5.6
CN2810700000000	28	107	Panola County, MS	2019	NA	12553	11726	827	6.6
CN2810900000000	28	109	Pearl River County, MS	2019	NA	23847	22609	1238	5.2
CN2811100000000	28	111	Perry County, MS	2019	NA	4293	4004	289	6.7
CN2811300000000	28	113	Pike County, MS	2019	NA	14519	13575	944	6.5
CN2811500000000	28	115	Pontotoc County, MS	2019	NA	14773	14133	640	4.3
CN2811700000000	28	117	Prentiss County, MS	2019	NA	11338	10781	557	4.9
CN2811900000000	28	119	Quitman County, MS	2019	NA	2378	2182	196	8.2
CN2812100000000	28	121	Rankin County, MS	2019	NA	76230	73226	3004	3.9
CN2812300000000	28	123	Scott County, MS	2019	NA	12721	12149	572	4.5
CN2812500000000	28	125	Sharkey County, MS	2019	NA	1604	1469	135	8.4
CN2812700000000	28	127	Simpson County, MS	2019	NA	10765	10209	556	5.2
CN2812900000000	28	129	Smith County, MS	2019	NA	6822	6466	356	5.2
CN2813100000000	28	131	Stone County, MS	2019	NA	6876	6425	451	6.6
CN2813300000000	28	133	Sunflower County, MS	2019	NA	7736	7051	685	8.9
CN2813500000000	28	135	Tallahatchie County, MS	2019	NA	5276	4970	306	5.8
CN2813700000000	28	137	Tate County, MS	2019	NA	12394	11696	698	5.6
CN2813900000000	28	139	Tippah County, MS	2019	NA	9442	8960	482	5.1
CN2814100000000	28	141	Tishomingo County, MS	2019	NA	8629	8189	440	5.1
CN2814300000000	28	143	Tunica County, MS	2019	NA	4459	4183	276	6.2
CN2814500000000	28	145	Union County, MS	2019	NA	14222	13628	594	4.2
CN2814700000000	28	147	Walthall County, MS	2019	NA	4933	4574	359	7.3
CN2814900000000	28	149	Warren County, MS	2019	NA	20335	19109	1226	6
CN2815100000000	28	151	Washington County, MS	2019	NA	16985	15701	1284	7.6
CN2815300000000	28	153	Wayne County, MS	2019	NA	7444	6990	454	6.1
CN2815500000000	28	155	Webster County, MS	2019	NA	3987	3762	225	5.6
CN2815700000000	28	157	Wilkinson County, MS	2019	NA	2811	2526	285	10.1
CN2815900000000	28	159	Winston County, MS	2019	NA	7425	6973	452	6.1
CN2816100000000	28	161	Yalobusha County, MS	2019	NA	4983	4698	285	5.7
CN2816300000000	28	163	Yazoo County, MS	2019	NA	9424	8825	599	6.4
CN2900100000000	29	001	Adair County, MO	2019	NA	10345	9945	400	3.9
CN2900300000000	29	003	Andrew County, MO	2019	NA	9767	9494	273	2.8
CN2900500000000	29	005	Atchison County, MO	2019	NA	2703	2603	100	3.7
CN2900700000000	29	007	Audrain County, MO	2019	NA	10697	10337	360	3.4
CN2900900000000	29	009	Barry County, MO	2019	NA	15589	15044	545	3.5
CN2901100000000	29	011	Barton County, MO	2019	NA	5202	5026	176	3.4
CN2901300000000	29	013	Bates County, MO	2019	NA	7908	7590	318	4
CN2901500000000	29	015	Benton County, MO	2019	NA	7201	6855	346	4.8
CN2901700000000	29	017	Bollinger County, MO	2019	NA	5484	5270	214	3.9
CN2901900000000	29	019	Boone County, MO	2019	NA	98300	95937	2363	2.4
CN2902100000000	29	021	Buchanan County, MO	2019	NA	44669	43301	1368	3.1
CN2902300000000	29	023	Butler County, MO	2019	NA	17986	17140	846	4.7
CN2902500000000	29	025	Caldwell County, MO	2019	NA	4369	4230	139	3.2
CN2902700000000	29	027	Callaway County, MO	2019	NA	21383	20758	625	2.9
CN2902900000000	29	029	Camden County, MO	2019	NA	18861	18013	848	4.5
CN2903100000000	29	031	Cape Girardeau County, MO	2019	NA	40851	39654	1197	2.9
CN2903300000000	29	033	Carroll County, MO	2019	NA	4808	4653	155	3.2
CN2903500000000	29	035	Carter County, MO	2019	NA	2546	2421	125	4.9
CN2903700000000	29	037	Cass County, MO	2019	NA	54895	53239	1656	3
CN2903900000000	29	039	Cedar County, MO	2019	NA	5764	5550	214	3.7
CN2904100000000	29	041	Chariton County, MO	2019	NA	3727	3614	113	3
CN2904300000000	29	043	Christian County, MO	2019	NA	44998	43771	1227	2.7
CN2904500000000	29	045	Clark County, MO	2019	NA	3205	3091	114	3.6
CN2904700000000	29	047	Clay County, MO	2019	NA	136610	132701	3909	2.9
CN2904900000000	29	049	Clinton County, MO	2019	NA	10738	10414	324	3
CN2905100000000	29	051	Cole County, MO	2019	NA	39051	38037	1014	2.6
CN2905300000000	29	053	Cooper County, MO	2019	NA	7481	7205	276	3.7
CN2905500000000	29	055	Crawford County, MO	2019	NA	10980	10566	414	3.8
CN2905700000000	29	057	Dade County, MO	2019	NA	3545	3434	111	3.1
CN2905900000000	29	059	Dallas County, MO	2019	NA	7081	6762	319	4.5
CN2906100000000	29	061	Daviess County, MO	2019	NA	4102	3965	137	3.3
CN2906300000000	29	063	DeKalb County, MO	2019	NA	4838	4689	149	3.1
CN2906500000000	29	065	Dent County, MO	2019	NA	6269	6044	225	3.6
CN2906700000000	29	067	Douglas County, MO	2019	NA	5107	4849	258	5.1
CN2906900000000	29	069	Dunklin County, MO	2019	NA	11598	10956	642	5.5
CN2907100000000	29	071	Franklin County, MO	2019	NA	53226	51511	1715	3.2
CN2907300000000	29	073	Gasconade County, MO	2019	NA	7732	7470	262	3.4
CN2907500000000	29	075	Gentry County, MO	2019	NA	3529	3433	96	2.7
CN2907700000000	29	077	Greene County, MO	2019	NA	151535	147461	4074	2.7
CN2907900000000	29	079	Grundy County, MO	2019	NA	4394	4240	154	3.5
CN2908100000000	29	081	Harrison County, MO	2019	NA	3822	3695	127	3.3
CN2908300000000	29	083	Henry County, MO	2019	NA	9728	9364	364	3.7
CN2908500000000	29	085	Hickory County, MO	2019	NA	3842	3681	161	4.2
CN2908700000000	29	087	Holt County, MO	2019	NA	2588	2515	73	2.8
CN2908900000000	29	089	Howard County, MO	2019	NA	4898	4746	152	3.1
CN2909100000000	29	091	Howell County, MO	2019	NA	16541	15870	671	4.1
CN2909300000000	29	093	Iron County, MO	2019	NA	3534	3365	169	4.8
CN2909500000000	29	095	Jackson County, MO	2019	NA	363539	350008	13531	3.7
CN2909700000000	29	097	Jasper County, MO	2019	NA	57304	55590	1714	3
CN2909900000000	29	099	Jefferson County, MO	2019	NA	118177	114498	3679	3.1
CN2910100000000	29	101	Johnson County, MO	2019	NA	23105	22247	858	3.7
CN2910300000000	29	103	Knox County, MO	2019	NA	1772	1720	52	2.9
CN2910500000000	29	105	Laclede County, MO	2019	NA	17386	16190	1196	6.9
CN2910700000000	29	107	Lafayette County, MO	2019	NA	16847	16328	519	3.1
CN2910900000000	29	109	Lawrence County, MO	2019	NA	18018	17385	633	3.5
CN2911100000000	29	111	Lewis County, MO	2019	NA	5003	4843	160	3.2
CN2911300000000	29	113	Lincoln County, MO	2019	NA	28448	27497	951	3.3
CN2911500000000	29	115	Linn County, MO	2019	NA	5124	4875	249	4.9
CN2911700000000	29	117	Livingston County, MO	2019	NA	7357	7170	187	2.5
CN2911900000000	29	119	McDonald County, MO	2019	NA	10690	10334	356	3.3
CN2912100000000	29	121	Macon County, MO	2019	NA	7535	7280	255	3.4
CN2912300000000	29	123	Madison County, MO	2019	NA	5484	5295	189	3.4
CN2912500000000	29	125	Maries County, MO	2019	NA	3884	3747	137	3.5
CN2912700000000	29	127	Marion County, MO	2019	NA	14565	14104	461	3.2
CN2912900000000	29	129	Mercer County, MO	2019	NA	1861	1802	59	3.2
CN2913100000000	29	131	Miller County, MO	2019	NA	12313	11850	463	3.8
CN2913300000000	29	133	Mississippi County, MO	2019	NA	5792	5555	237	4.1
CN2913500000000	29	135	Moniteau County, MO	2019	NA	7313	7097	216	3
CN2913700000000	29	137	Monroe County, MO	2019	NA	3872	3711	161	4.2
CN2913900000000	29	139	Montgomery County, MO	2019	NA	5738	5558	180	3.1
CN2914100000000	29	141	Morgan County, MO	2019	NA	8127	7776	351	4.3
CN2914300000000	29	143	New Madrid County, MO	2019	NA	8236	7880	356	4.3
CN2914500000000	29	145	Newton County, MO	2019	NA	27392	26498	894	3.3
CN2914700000000	29	147	Nodaway County, MO	2019	NA	10790	10468	322	3
CN2914900000000	29	149	Oregon County, MO	2019	NA	3981	3824	157	3.9
CN2915100000000	29	151	Osage County, MO	2019	NA	7106	6936	170	2.4
CN2915300000000	29	153	Ozark County, MO	2019	NA	3412	3214	198	5.8
CN2915500000000	29	155	Pemiscot County, MO	2019	NA	6364	6043	321	5
CN2915700000000	29	157	Perry County, MO	2019	NA	10065	9801	264	2.6
CN2915900000000	29	159	Pettis County, MO	2019	NA	20971	20227	744	3.5
CN2916100000000	29	161	Phelps County, MO	2019	NA	19828	19177	651	3.3
CN2916300000000	29	163	Pike County, MO	2019	NA	7492	7224	268	3.6
CN2916500000000	29	165	Platte County, MO	2019	NA	58805	57239	1566	2.7
CN2916700000000	29	167	Polk County, MO	2019	NA	14584	14081	503	3.4
CN2916900000000	29	169	Pulaski County, MO	2019	NA	14692	14094	598	4.1
CN2917100000000	29	171	Putnam County, MO	2019	NA	2291	2207	84	3.7
CN2917300000000	29	173	Ralls County, MO	2019	NA	5662	5484	178	3.1
CN2917500000000	29	175	Randolph County, MO	2019	NA	10380	9978	402	3.9
CN2917700000000	29	177	Ray County, MO	2019	NA	11033	10632	401	3.6
CN2917900000000	29	179	Reynolds County, MO	2019	NA	3042	2929	113	3.7
CN2918100000000	29	181	Ripley County, MO	2019	NA	5039	4761	278	5.5
CN2918300000000	29	183	St. Charles County, MO	2019	NA	227085	221305	5780	2.5
CN2918500000000	29	185	St. Clair County, MO	2019	NA	3749	3577	172	4.6
CN2918600000000	29	186	Ste. Genevieve County, MO	2019	NA	9197	8950	247	2.7
CN2918700000000	29	187	St. Francois County, MO	2019	NA	26637	25658	979	3.7
CN2918900000000	29	189	St. Louis County, MO	2019	NA	533085	516722	16363	3.1
CN2919500000000	29	195	Saline County, MO	2019	NA	10608	10267	341	3.2
CN2919700000000	29	197	Schuyler County, MO	2019	NA	1948	1862	86	4.4
CN2919900000000	29	199	Scotland County, MO	2019	NA	2384	2311	73	3.1
CN2920100000000	29	201	Scott County, MO	2019	NA	20000	19293	707	3.5
CN2920300000000	29	203	Shannon County, MO	2019	NA	3228	3048	180	5.6
CN2920500000000	29	205	Shelby County, MO	2019	NA	3061	2970	91	3
CN2920700000000	29	207	Stoddard County, MO	2019	NA	13098	12480	618	4.7
CN2920900000000	29	209	Stone County, MO	2019	NA	13873	13185	688	5
CN2921100000000	29	211	Sullivan County, MO	2019	NA	2684	2589	95	3.5
CN2921300000000	29	213	Taney County, MO	2019	NA	27142	25753	1389	5.1
CN2921500000000	29	215	Texas County, MO	2019	NA	9009	8607	402	4.5
CN2921700000000	29	217	Vernon County, MO	2019	NA	9466	9133	333	3.5
CN2921900000000	29	219	Warren County, MO	2019	NA	17971	17446	525	2.9
CN2922100000000	29	221	Washington County, MO	2019	NA	10241	9780	461	4.5
CN2922300000000	29	223	Wayne County, MO	2019	NA	5306	5050	256	4.8
CN2922500000000	29	225	Webster County, MO	2019	NA	17309	16692	617	3.6
CN2922700000000	29	227	Worth County, MO	2019	NA	1169	1138	31	2.7
CN2922900000000	29	229	Wright County, MO	2019	NA	7495	7101	394	5.3
CN2951000000000	29	510	St. Louis city, MO	2019	NA	153066	147111	5955	3.9
CN3000100000000	30	001	Beaverhead County, MT	2019	NA	5071	4922	149	2.9
CN3000300000000	30	003	Big Horn County, MT	2019	NA	4832	4475	357	7.4
CN3000500000000	30	005	Blaine County, MT	2019	NA	2487	2399	88	3.5
CN3000700000000	30	007	Broadwater County, MT	2019	NA	2585	2482	103	4
CN3000900000000	30	009	Carbon County, MT	2019	NA	5482	5293	189	3.4
CN3001100000000	30	011	Carter County, MT	2019	NA	644	626	18	2.8
CN3001300000000	30	013	Cascade County, MT	2019	NA	37939	36651	1288	3.4
CN3001500000000	30	015	Chouteau County, MT	2019	NA	2455	2389	66	2.7
CN3001700000000	30	017	Custer County, MT	2019	NA	6060	5886	174	2.9
CN3001900000000	30	019	Daniels County, MT	2019	NA	893	875	18	2
CN3002100000000	30	021	Dawson County, MT	2019	NA	4578	4467	111	2.4
CN3002300000000	30	023	Deer Lodge County, MT	2019	NA	5038	4877	161	3.2
CN3002500000000	30	025	Fallon County, MT	2019	NA	1704	1674	30	1.8
CN3002700000000	30	027	Fergus County, MT	2019	NA	6044	5856	188	3.1
CN3002900000000	30	029	Flathead County, MT	2019	NA	47892	45646	2246	4.7
CN3003100000000	30	031	Gallatin County, MT	2019	NA	68760	67205	1555	2.3
CN3003300000000	30	033	Garfield County, MT	2019	NA	738	720	18	2.4
CN3003500000000	30	035	Glacier County, MT	2019	NA	5693	5266	427	7.5
CN3003700000000	30	037	Golden Valley County, MT	2019	NA	367	352	15	4.1
CN3003900000000	30	039	Granite County, MT	2019	NA	1687	1591	96	5.7
CN3004100000000	30	041	Hill County, MT	2019	NA	7641	7360	281	3.7
CN3004300000000	30	043	Jefferson County, MT	2019	NA	5698	5509	189	3.3
CN3004500000000	30	045	Judith Basin County, MT	2019	NA	948	919	29	3.1
CN3004700000000	30	047	Lake County, MT	2019	NA	13201	12644	557	4.2
CN3004900000000	30	049	Lewis and Clark County, MT	2019	NA	35824	34759	1065	3
CN3005100000000	30	051	Liberty County, MT	2019	NA	953	929	24	2.5
CN3005300000000	30	053	Lincoln County, MT	2019	NA	8085	7499	586	7.2
CN3005500000000	30	055	McCone County, MT	2019	NA	951	932	19	2
CN3005700000000	30	057	Madison County, MT	2019	NA	4808	4654	154	3.2
CN3005900000000	30	059	Meagher County, MT	2019	NA	955	922	33	3.5
CN3006100000000	30	061	Mineral County, MT	2019	NA	1757	1657	100	5.7
CN3006300000000	30	063	Missoula County, MT	2019	NA	63825	61776	2049	3.2
CN3006500000000	30	065	Musselshell County, MT	2019	NA	2265	2177	88	3.9
CN3006700000000	30	067	Park County, MT	2019	NA	8911	8606	305	3.4
CN3006900000000	30	069	Petroleum County, MT	2019	NA	279	269	10	3.6
CN3007100000000	30	071	Phillips County, MT	2019	NA	1883	1813	70	3.7
CN3007300000000	30	073	Pondera County, MT	2019	NA	2671	2570	101	3.8
CN3007500000000	30	075	Powder River County, MT	2019	NA	959	936	23	2.4
CN3007700000000	30	077	Powell County, MT	2019	NA	2973	2865	108	3.6
CN3007900000000	30	079	Prairie County, MT	2019	NA	477	459	18	3.8
CN3008100000000	30	081	Ravalli County, MT	2019	NA	20230	19411	819	4
CN3008300000000	30	083	Richland County, MT	2019	NA	5880	5724	156	2.7
CN3008500000000	30	085	Roosevelt County, MT	2019	NA	4502	4308	194	4.3
CN3008700000000	30	087	Rosebud County, MT	2019	NA	3827	3635	192	5
CN3008900000000	30	089	Sanders County, MT	2019	NA	4844	4559	285	5.9
CN3009100000000	30	091	Sheridan County, MT	2019	NA	1741	1702	39	2.2
CN3009300000000	30	093	Silver Bow County, MT	2019	NA	17191	16542	649	3.8
CN3009500000000	30	095	Stillwater County, MT	2019	NA	5180	5018	162	3.1
CN3009700000000	30	097	Sweet Grass County, MT	2019	NA	1798	1748	50	2.8
CN3009900000000	30	099	Teton County, MT	2019	NA	2740	2650	90	3.3
CN3010100000000	30	101	Toole County, MT	2019	NA	2115	2064	51	2.4
CN3010300000000	30	103	Treasure County, MT	2019	NA	334	325	9	2.7
CN3010500000000	30	105	Valley County, MT	2019	NA	4079	3950	129	3.2
CN3010700000000	30	107	Wheatland County, MT	2019	NA	785	755	30	3.8
CN3010900000000	30	109	Wibaux County, MT	2019	NA	463	449	14	3
CN3011100000000	30	111	Yellowstone County, MT	2019	NA	81781	79173	2608	3.2
CN3100100000000	31	001	Adams County, NE	2019	NA	16792	16262	530	3.2
CN3100300000000	31	003	Antelope County, NE	2019	NA	3558	3467	91	2.6
CN3100500000000	31	005	Arthur County, NE	2019	NA	224	212	12	5.4
CN3100700000000	31	007	Banner County, NE	2019	NA	377	363	14	3.7
CN3100900000000	31	009	Blaine County, NE	2019	NA	259	246	13	5
CN3101100000000	31	011	Boone County, NE	2019	NA	2963	2882	81	2.7
CN3101300000000	31	013	Box Butte County, NE	2019	NA	5419	5247	172	3.2
CN3101500000000	31	015	Boyd County, NE	2019	NA	1078	1042	36	3.3
CN3101700000000	31	017	Brown County, NE	2019	NA	1393	1344	49	3.5
CN3101900000000	31	019	Buffalo County, NE	2019	NA	27777	27048	729	2.6
CN3102100000000	31	021	Burt County, NE	2019	NA	3483	3366	117	3.4
CN3102300000000	31	023	Butler County, NE	2019	NA	4591	4472	119	2.6
CN3102500000000	31	025	Cass County, NE	2019	NA	13570	13117	453	3.3
CN3102700000000	31	027	Cedar County, NE	2019	NA	4515	4402	113	2.5
CN3102900000000	31	029	Chase County, NE	2019	NA	2277	2225	52	2.3
CN3103100000000	31	031	Cherry County, NE	2019	NA	3389	3308	81	2.4
CN3103300000000	31	033	Cheyenne County, NE	2019	NA	4416	4253	163	3.7
CN3103500000000	31	035	Clay County, NE	2019	NA	3298	3192	106	3.2
CN3103700000000	31	037	Colfax County, NE	2019	NA	5581	5429	152	2.7
CN3103900000000	31	039	Cuming County, NE	2019	NA	4696	4571	125	2.7
CN3104100000000	31	041	Custer County, NE	2019	NA	6416	6261	155	2.4
CN3104300000000	31	043	Dakota County, NE	2019	NA	10791	10369	422	3.9
CN3104500000000	31	045	Dawes County, NE	2019	NA	4978	4832	146	2.9
CN3104700000000	31	047	Dawson County, NE	2019	NA	13056	12667	389	3
CN3104900000000	31	049	Deuel County, NE	2019	NA	957	929	28	2.9
CN3105100000000	31	051	Dixon County, NE	2019	NA	3034	2941	93	3.1
CN3105300000000	31	053	Dodge County, NE	2019	NA	19501	18931	570	2.9
CN3105500000000	31	055	Douglas County, NE	2019	NA	299587	289816	9771	3.3
CN3105700000000	31	057	Dundy County, NE	2019	NA	1171	1141	30	2.6
CN3105900000000	31	059	Fillmore County, NE	2019	NA	3162	3080	82	2.6
CN3106100000000	31	061	Franklin County, NE	2019	NA	1459	1409	50	3.4
CN3106300000000	31	063	Frontier County, NE	2019	NA	1613	1560	53	3.3
CN3106500000000	31	065	Furnas County, NE	2019	NA	2583	2511	72	2.8
CN3106700000000	31	067	Gage County, NE	2019	NA	11010	10619	391	3.6
CN3106900000000	31	069	Garden County, NE	2019	NA	1103	1071	32	2.9
CN3107100000000	31	071	Garfield County, NE	2019	NA	1168	1137	31	2.7
CN3107300000000	31	073	Gosper County, NE	2019	NA	1109	1080	29	2.6
CN3107500000000	31	075	Grant County, NE	2019	NA	424	412	12	2.8
CN3107700000000	31	077	Greeley County, NE	2019	NA	1222	1186	36	2.9
CN3107900000000	31	079	Hall County, NE	2019	NA	31903	30801	1102	3.5
CN3108100000000	31	081	Hamilton County, NE	2019	NA	4769	4624	145	3
CN3108300000000	31	083	Harlan County, NE	2019	NA	1796	1745	51	2.8
CN3108500000000	31	085	Hayes County, NE	2019	NA	613	598	15	2.4
CN3108700000000	31	087	Hitchcock County, NE	2019	NA	1266	1223	43	3.4
CN3108900000000	31	089	Holt County, NE	2019	NA	5763	5613	150	2.6
CN3109100000000	31	091	Hooker County, NE	2019	NA	417	404	13	3.1
CN3109300000000	31	093	Howard County, NE	2019	NA	3365	3247	118	3.5
CN3109500000000	31	095	Jefferson County, NE	2019	NA	4143	4030	113	2.7
CN3109700000000	31	097	Johnson County, NE	2019	NA	2064	1992	72	3.5
CN3109900000000	31	099	Kearney County, NE	2019	NA	3791	3705	86	2.3
CN3110100000000	31	101	Keith County, NE	2019	NA	4592	4444	148	3.2
CN3110300000000	31	103	Keya Paha County, NE	2019	NA	589	574	15	2.5
CN3110500000000	31	105	Kimball County, NE	2019	NA	2031	1970	61	3
CN3110700000000	31	107	Knox County, NE	2019	NA	4611	4473	138	3
CN3110900000000	31	109	Lancaster County, NE	2019	NA	177186	172276	4910	2.8
CN3111100000000	31	111	Lincoln County, NE	2019	NA	18327	17689	638	3.5
CN3111300000000	31	113	Logan County, NE	2019	NA	473	459	14	3
CN3111500000000	31	115	Loup County, NE	2019	NA	405	389	16	4
CN3111700000000	31	117	McPherson County, NE	2019	NA	443	431	12	2.7
CN3111900000000	31	119	Madison County, NE	2019	NA	19816	19258	558	2.8
CN3112100000000	31	121	Merrick County, NE	2019	NA	4013	3885	128	3.2
CN3112300000000	31	123	Morrill County, NE	2019	NA	2607	2532	75	2.9
CN3112500000000	31	125	Nance County, NE	2019	NA	1976	1917	59	3
CN3112700000000	31	127	Nemaha County, NE	2019	NA	3603	3471	132	3.7
CN3112900000000	31	129	Nuckolls County, NE	2019	NA	2404	2340	64	2.7
CN3113100000000	31	131	Otoe County, NE	2019	NA	8429	8159	270	3.2
CN3113300000000	31	133	Pawnee County, NE	2019	NA	1478	1435	43	2.9
CN3113500000000	31	135	Perkins County, NE	2019	NA	1821	1779	42	2.3
CN3113700000000	31	137	Phelps County, NE	2019	NA	4969	4838	131	2.6
CN3113900000000	31	139	Pierce County, NE	2019	NA	4095	3985	110	2.7
CN3114100000000	31	141	Platte County, NE	2019	NA	17668	17153	515	2.9
CN3114300000000	31	143	Polk County, NE	2019	NA	2931	2850	81	2.8
CN3114500000000	31	145	Red Willow County, NE	2019	NA	5850	5689	161	2.8
CN3114700000000	31	147	Richardson County, NE	2019	NA	4238	4103	135	3.2
CN3114900000000	31	149	Rock County, NE	2019	NA	871	844	27	3.1
CN3115100000000	31	151	Saline County, NE	2019	NA	7372	7133	239	3.2
CN3115300000000	31	153	Sarpy County, NE	2019	NA	96599	93801	2798	2.9
CN3115500000000	31	155	Saunders County, NE	2019	NA	11169	10858	311	2.8
CN3115700000000	31	157	Scotts Bluff County, NE	2019	NA	18287	17614	673	3.7
CN3115900000000	31	159	Seward County, NE	2019	NA	8931	8669	262	2.9
CN3116100000000	31	161	Sheridan County, NE	2019	NA	2673	2599	74	2.8
CN3116300000000	31	163	Sherman County, NE	2019	NA	1691	1637	54	3.2
CN3116500000000	31	165	Sioux County, NE	2019	NA	746	725	21	2.8
CN3116700000000	31	167	Stanton County, NE	2019	NA	3507	3416	91	2.6
CN3116900000000	31	169	Thayer County, NE	2019	NA	2787	2713	74	2.7
CN3117100000000	31	171	Thomas County, NE	2019	NA	423	408	15	3.5
CN3117300000000	31	173	Thurston County, NE	2019	NA	3058	2920	138	4.5
CN3117500000000	31	175	Valley County, NE	2019	NA	2125	2057	68	3.2
CN3117700000000	31	177	Washington County, NE	2019	NA	11279	10950	329	2.9
CN3117900000000	31	179	Wayne County, NE	2019	NA	5749	5599	150	2.6
CN3118100000000	31	181	Webster County, NE	2019	NA	1678	1619	59	3.5
CN3118300000000	31	183	Wheeler County, NE	2019	NA	572	556	16	2.8
CN3118500000000	31	185	York County, NE	2019	NA	7278	7083	195	2.7
CN3200100000000	32	001	Churchill County, NV	2019	NA	11057	10666	391	3.5
CN3200300000000	32	003	Clark County, NV	2019	NA	1131551	1085793	45758	4
CN3200500000000	32	005	Douglas County, NV	2019	NA	23210	22300	910	3.9
CN3200700000000	32	007	Elko County, NV	2019	NA	27362	26549	813	3
CN3200900000000	32	009	Esmeralda County, NV	2019	NA	434	418	16	3.7
CN3201100000000	32	011	Eureka County, NV	2019	NA	1095	1069	26	2.4
CN3201300000000	32	013	Humboldt County, NV	2019	NA	8251	8009	242	2.9
CN3201500000000	32	015	Lander County, NV	2019	NA	3214	3112	102	3.2
CN3201700000000	32	017	Lincoln County, NV	2019	NA	2113	2029	84	4
CN3201900000000	32	019	Lyon County, NV	2019	NA	23407	22309	1098	4.7
CN3202100000000	32	021	Mineral County, NV	2019	NA	2030	1948	82	4
CN3202300000000	32	023	Nye County, NV	2019	NA	17297	16415	882	5.1
CN3202700000000	32	027	Pershing County, NV	2019	NA	2563	2460	103	4
CN3202900000000	32	029	Storey County, NV	2019	NA	2038	1962	76	3.7
CN3203100000000	32	031	Washoe County, NV	2019	NA	255915	247691	8224	3.2
CN3203300000000	32	033	White Pine County, NV	2019	NA	4636	4499	137	3
CN3251000000000	32	510	Carson City, NV	2019	NA	26282	25248	1034	3.9
CN3300100000000	33	001	Belknap County, NH	2019	NA	31583	30787	796	2.5
CN3300300000000	33	003	Carroll County, NH	2019	NA	23974	23366	608	2.5
CN3300500000000	33	005	Cheshire County, NH	2019	NA	40926	39856	1070	2.6
CN3300700000000	33	007	Coos County, NH	2019	NA	14741	14273	468	3.2
CN3300900000000	33	009	Grafton County, NH	2019	NA	49880	48784	1096	2.2
CN3301100000000	33	011	Hillsborough County, NH	2019	NA	242579	236216	6363	2.6
CN3301300000000	33	013	Merrimack County, NH	2019	NA	83845	81955	1890	2.3
CN3301500000000	33	015	Rockingham County, NH	2019	NA	188440	183326	5114	2.7
CN3301700000000	33	017	Strafford County, NH	2019	NA	74621	72875	1746	2.3
CN3301900000000	33	019	Sullivan County, NH	2019	NA	23145	22616	529	2.3
CN3400100000000	34	001	Atlantic County, NJ	2019	NA	120728	114622	6106	5.1
CN3400300000000	34	003	Bergen County, NJ	2019	NA	482038	467946	14092	2.9
CN3400500000000	34	005	Burlington County, NJ	2019	NA	230589	223049	7540	3.3
CN3400700000000	34	007	Camden County, NJ	2019	NA	253053	242811	10242	4
CN3400900000000	34	009	Cape May County, NJ	2019	NA	45947	42660	3287	7.2
CN3401100000000	34	011	Cumberland County, NJ	2019	NA	65061	61481	3580	5.5
CN3401300000000	34	013	Essex County, NJ	2019	NA	368748	352334	16414	4.5
CN3401500000000	34	015	Gloucester County, NJ	2019	NA	149747	144238	5509	3.7
CN3401700000000	34	017	Hudson County, NJ	2019	NA	361189	349372	11817	3.3
CN3401900000000	34	019	Hunterdon County, NJ	2019	NA	64523	62742	1781	2.8
CN3402100000000	34	021	Mercer County, NJ	2019	NA	202885	196458	6427	3.2
CN3402300000000	34	023	Middlesex County, NJ	2019	NA	439073	425471	13602	3.1
CN3402500000000	34	025	Monmouth County, NJ	2019	NA	328661	318233	10428	3.2
CN3402700000000	34	027	Morris County, NJ	2019	NA	256698	249463	7235	2.8
CN3402900000000	34	029	Ocean County, NJ	2019	NA	275023	264876	10147	3.7
CN3403100000000	34	031	Passaic County, NJ	2019	NA	242208	231779	10429	4.3
CN3403300000000	34	033	Salem County, NJ	2019	NA	29180	27771	1409	4.8
CN3403500000000	34	035	Somerset County, NJ	2019	NA	171371	166229	5142	3
CN3403700000000	34	037	Sussex County, NJ	2019	NA	73963	71425	2538	3.4
CN3403900000000	34	039	Union County, NJ	2019	NA	276382	266189	10193	3.7
CN3404100000000	34	041	Warren County, NJ	2019	NA	56060	54185	1875	3.3
CN3500100000000	35	001	Bernalillo County, NM	2019	NA	333865	319048	14817	4.4
CN3500300000000	35	003	Catron County, NM	2019	NA	1153	1081	72	6.2
CN3500500000000	35	005	Chaves County, NM	2019	NA	27165	25839	1326	4.9
CN3500600000000	35	006	Cibola County, NM	2019	NA	8991	8425	566	6.3
CN3500700000000	35	007	Colfax County, NM	2019	NA	5483	5226	257	4.7
CN3500900000000	35	009	Curry County, NM	2019	NA	21680	20783	897	4.1
CN3501100000000	35	011	De Baca County, NM	2019	NA	795	761	34	4.3
CN3501300000000	35	013	Dona Ana County, NM	2019	NA	97527	91976	5551	5.7
CN3501500000000	35	015	Eddy County, NM	2019	NA	34483	33419	1064	3.1
CN3501700000000	35	017	Grant County, NM	2019	NA	12228	11639	589	4.8
CN3501900000000	35	019	Guadalupe County, NM	2019	NA	1549	1467	82	5.3
CN3502100000000	35	021	Harding County, NM	2019	NA	273	259	14	5.1
CN3502300000000	35	023	Hidalgo County, NM	2019	NA	2091	2002	89	4.3
CN3502500000000	35	025	Lea County, NM	2019	NA	31282	30054	1228	3.9
CN3502700000000	35	027	Lincoln County, NM	2019	NA	8984	8570	414	4.6
CN3502800000000	35	028	Los Alamos County, NM	2019	NA	9463	9163	300	3.2
CN3502900000000	35	029	Luna County, NM	2019	NA	10309	9047	1262	12.2
CN3503100000000	35	031	McKinley County, NM	2019	NA	24155	22458	1697	7
CN3503300000000	35	033	Mora County, NM	2019	NA	2213	2080	133	6
CN3503500000000	35	035	Otero County, NM	2019	NA	24798	23575	1223	4.9
CN3503700000000	35	037	Quay County, NM	2019	NA	3229	3062	167	5.2
CN3503900000000	35	039	Rio Arriba County, NM	2019	NA	16835	15951	884	5.3
CN3504100000000	35	041	Roosevelt County, NM	2019	NA	7901	7545	356	4.5
CN3504300000000	35	043	Sandoval County, NM	2019	NA	66475	63268	3207	4.8
CN3504500000000	35	045	San Juan County, NM	2019	NA	51941	48974	2967	5.7
CN3504700000000	35	047	San Miguel County, NM	2019	NA	10809	10177	632	5.8
CN3504900000000	35	049	Santa Fe County, NM	2019	NA	75116	72153	2963	3.9
CN3505100000000	35	051	Sierra County, NM	2019	NA	3893	3628	265	6.8
CN3505300000000	35	053	Socorro County, NM	2019	NA	6446	6071	375	5.8
CN3505500000000	35	055	Taos County, NM	2019	NA	15218	14303	915	6
CN3505700000000	35	057	Torrance County, NM	2019	NA	5699	5312	387	6.8
CN3505900000000	35	059	Union County, NM	2019	NA	1846	1781	65	3.5
CN3506100000000	35	061	Valencia County, NM	2019	NA	30710	29074	1636	5.3
CN3600100000000	36	001	Albany County, NY	2019	NA	157444	151699	5745	3.6
CN3600300000000	36	003	Allegany County, NY	2019	NA	19441	18380	1061	5.5
CN3600500000000	36	005	Bronx County, NY	2019	NA	597677	565642	32035	5.4
CN3600700000000	36	007	Broome County, NY	2019	NA	83444	79488	3956	4.7
CN3600900000000	36	009	Cattaraugus County, NY	2019	NA	33884	32172	1712	5.1
CN3601100000000	36	011	Cayuga County, NY	2019	NA	35952	34411	1541	4.3
CN3601300000000	36	013	Chautauqua County, NY	2019	NA	54550	51976	2574	4.7
CN3601500000000	36	015	Chemung County, NY	2019	NA	35019	33543	1476	4.2
CN3601700000000	36	017	Chenango County, NY	2019	NA	22080	21098	982	4.4
CN3601900000000	36	019	Clinton County, NY	2019	NA	36302	34720	1582	4.4
CN3602100000000	36	021	Columbia County, NY	2019	NA	31181	30176	1005	3.2
CN3602300000000	36	023	Cortland County, NY	2019	NA	22853	21735	1118	4.9
CN3602500000000	36	025	Delaware County, NY	2019	NA	19117	18216	901	4.7
CN3602700000000	36	027	Dutchess County, NY	2019	NA	144040	138841	5199	3.6
CN3602900000000	36	029	Erie County, NY	2019	NA	441291	422508	18783	4.3
CN3603100000000	36	031	Essex County, NY	2019	NA	16995	16190	805	4.7
CN3603300000000	36	033	Franklin County, NY	2019	NA	19614	18648	966	4.9
CN3603500000000	36	035	Fulton County, NY	2019	NA	22656	21517	1139	5
CN3603700000000	36	037	Genesee County, NY	2019	NA	29736	28564	1172	3.9
CN3603900000000	36	039	Greene County, NY	2019	NA	20271	19358	913	4.5
CN3604100000000	36	041	Hamilton County, NY	2019	NA	2214	2081	133	6
CN3604300000000	36	043	Herkimer County, NY	2019	NA	27932	26560	1372	4.9
CN3604500000000	36	045	Jefferson County, NY	2019	NA	43941	41470	2471	5.6
CN3604700000000	36	047	Kings County, NY	2019	NA	1198160	1149461	48699	4.1
CN3604900000000	36	049	Lewis County, NY	2019	NA	11644	10999	645	5.5
CN3605100000000	36	051	Livingston County, NY	2019	NA	30726	29423	1303	4.2
CN3605300000000	36	053	Madison County, NY	2019	NA	32766	31296	1470	4.5
CN3605500000000	36	055	Monroe County, NY	2019	NA	361254	346207	15047	4.2
CN3605700000000	36	057	Montgomery County, NY	2019	NA	22306	21173	1133	5.1
CN3605900000000	36	059	Nassau County, NY	2019	NA	708118	683726	24392	3.4
CN3606100000000	36	061	New York County, NY	2019	NA	911638	879665	31973	3.5
CN3606300000000	36	063	Niagara County, NY	2019	NA	98786	93887	4899	5
CN3606500000000	36	065	Oneida County, NY	2019	NA	101170	96839	4331	4.3
CN3606700000000	36	067	Onondaga County, NY	2019	NA	220549	211875	8674	3.9
CN3606900000000	36	069	Ontario County, NY	2019	NA	55362	53210	2152	3.9
CN3607100000000	36	071	Orange County, NY	2019	NA	184985	177952	7033	3.8
CN3607300000000	36	073	Orleans County, NY	2019	NA	17567	16740	827	4.7
CN3607500000000	36	075	Oswego County, NY	2019	NA	52960	50082	2878	5.4
CN3607700000000	36	077	Otsego County, NY	2019	NA	28060	26876	1184	4.2
CN3607900000000	36	079	Putnam County, NY	2019	NA	51230	49336	1894	3.7
CN3608100000000	36	081	Queens County, NY	2019	NA	1139397	1099996	39401	3.5
CN3608300000000	36	083	Rensselaer County, NY	2019	NA	81089	78030	3059	3.8
CN3608500000000	36	085	Richmond County, NY	2019	NA	222319	213734	8585	3.9
CN3608700000000	36	087	Rockland County, NY	2019	NA	155237	149705	5532	3.6
CN3608900000000	36	089	St. Lawrence County, NY	2019	NA	43294	40902	2392	5.5
CN3609100000000	36	091	Saratoga County, NY	2019	NA	118925	114903	4022	3.4
CN3609300000000	36	093	Schenectady County, NY	2019	NA	76028	73106	2922	3.8
CN3609500000000	36	095	Schoharie County, NY	2019	NA	14637	13954	683	4.7
CN3609700000000	36	097	Schuyler County, NY	2019	NA	8085	7709	376	4.7
CN3609900000000	36	099	Seneca County, NY	2019	NA	16027	15414	613	3.8
CN3610100000000	36	101	Steuben County, NY	2019	NA	42520	40572	1948	4.6
CN3610300000000	36	103	Suffolk County, NY	2019	NA	778193	749347	28846	3.7
CN3610500000000	36	105	Sullivan County, NY	2019	NA	36653	35205	1448	4
CN3610700000000	36	107	Tioga County, NY	2019	NA	22687	21746	941	4.1
CN3610900000000	36	109	Tompkins County, NY	2019	NA	49361	47567	1794	3.6
CN3611100000000	36	111	Ulster County, NY	2019	NA	87692	84387	3305	3.8
CN3611300000000	36	113	Warren County, NY	2019	NA	31299	29868	1431	4.6
CN3611500000000	36	115	Washington County, NY	2019	NA	27831	26698	1133	4.1
CN3611700000000	36	117	Wayne County, NY	2019	NA	43835	42070	1765	4
CN3611900000000	36	119	Westchester County, NY	2019	NA	484382	466158	18224	3.8
CN3612100000000	36	121	Wyoming County, NY	2019	NA	18131	17336	795	4.4
CN3612300000000	36	123	Yates County, NY	2019	NA	11849	11407	442	3.7
CN3700100000000	37	001	Alamance County, NC	2019	NA	82597	79459	3138	3.8
CN3700300000000	37	003	Alexander County, NC	2019	NA	18159	17557	602	3.3
CN3700500000000	37	005	Alleghany County, NC	2019	NA	4415	4205	210	4.8
CN3700700000000	37	007	Anson County, NC	2019	NA	10834	10381	453	4.2
CN3700900000000	37	009	Ashe County, NC	2019	NA	12908	12429	479	3.7
CN3701100000000	37	011	Avery County, NC	2019	NA	7502	7221	281	3.7
CN3701300000000	37	013	Beaufort County, NC	2019	NA	19578	18672	906	4.6
CN3701500000000	37	015	Bertie County, NC	2019	NA	7822	7448	374	4.8
CN3701700000000	37	017	Bladen County, NC	2019	NA	14629	13923	706	4.8
CN3701900000000	37	019	Brunswick County, NC	2019	NA	54411	51599	2812	5.2
CN3702100000000	37	021	Buncombe County, NC	2019	NA	141959	137723	4236	3
CN3702300000000	37	023	Burke County, NC	2019	NA	41324	39785	1539	3.7
CN3702500000000	37	025	Cabarrus County, NC	2019	NA	109927	106011	3916	3.6
CN3702700000000	37	027	Caldwell County, NC	2019	NA	36866	35370	1496	4.1
CN3702900000000	37	029	Camden County, NC	2019	NA	4661	4481	180	3.9
CN3703100000000	37	031	Carteret County, NC	2019	NA	32229	30889	1340	4.2
CN3703300000000	37	033	Caswell County, NC	2019	NA	9924	9477	447	4.5
CN3703500000000	37	035	Catawba County, NC	2019	NA	79540	76686	2854	3.6
CN3703700000000	37	037	Chatham County, NC	2019	NA	35910	34695	1215	3.4
CN3703900000000	37	039	Cherokee County, NC	2019	NA	11226	10724	502	4.5
CN3704100000000	37	041	Chowan County, NC	2019	NA	5560	5298	262	4.7
CN3704300000000	37	043	Clay County, NC	2019	NA	4148	3960	188	4.5
CN3704500000000	37	045	Cleveland County, NC	2019	NA	48738	46793	1945	4
CN3704700000000	37	047	Columbus County, NC	2019	NA	22941	21811	1130	4.9
CN3704900000000	37	049	Craven County, NC	2019	NA	42150	40431	1719	4.1
CN3705100000000	37	051	Cumberland County, NC	2019	NA	128856	122306	6550	5.1
CN3705300000000	37	053	Currituck County, NC	2019	NA	14117	13609	508	3.6
CN3705500000000	37	055	Dare County, NC	2019	NA	20063	19116	947	4.7
CN3705700000000	37	057	Davidson County, NC	2019	NA	81755	78747	3008	3.7
CN3705900000000	37	059	Davie County, NC	2019	NA	20873	20161	712	3.4
CN3706100000000	37	061	Duplin County, NC	2019	NA	25424	24394	1030	4.1
CN3706300000000	37	063	Durham County, NC	2019	NA	172359	166460	5899	3.4
CN3706500000000	37	065	Edgecombe County, NC	2019	NA	21439	20179	1260	5.9
CN3706700000000	37	067	Forsyth County, NC	2019	NA	189793	182709	7084	3.7
CN3706900000000	37	069	Franklin County, NC	2019	NA	31571	30309	1262	4
CN3707100000000	37	071	Gaston County, NC	2019	NA	111967	107634	4333	3.9
CN3707300000000	37	073	Gates County, NC	2019	NA	5363	5145	218	4.1
CN3707500000000	37	075	Graham County, NC	2019	NA	3256	3080	176	5.4
CN3707700000000	37	077	Granville County, NC	2019	NA	30243	29219	1024	3.4
CN3707900000000	37	079	Greene County, NC	2019	NA	9577	9215	362	3.8
CN3708100000000	37	081	Guilford County, NC	2019	NA	265349	254504	10845	4.1
CN3708300000000	37	083	Halifax County, NC	2019	NA	20501	19326	1175	5.7
CN3708500000000	37	085	Harnett County, NC	2019	NA	53705	51237	2468	4.6
CN3708700000000	37	087	Haywood County, NC	2019	NA	30282	29255	1027	3.4
CN3708900000000	37	089	Henderson County, NC	2019	NA	55704	53865	1839	3.3
CN3709100000000	37	091	Hertford County, NC	2019	NA	9225	8746	479	5.2
CN3709300000000	37	093	Hoke County, NC	2019	NA	20307	19304	1003	4.9
CN3709500000000	37	095	Hyde County, NC	2019	NA	1977	1807	170	8.6
CN3709700000000	37	097	Iredell County, NC	2019	NA	90208	86966	3242	3.6
CN3709900000000	37	099	Jackson County, NC	2019	NA	19957	19130	827	4.1
CN3710100000000	37	101	Johnston County, NC	2019	NA	99974	96347	3627	3.6
CN3710300000000	37	103	Jones County, NC	2019	NA	4436	4264	172	3.9
CN3710500000000	37	105	Lee County, NC	2019	NA	26174	24995	1179	4.5
CN3710700000000	37	107	Lenoir County, NC	2019	NA	28078	27012	1066	3.8
CN3710900000000	37	109	Lincoln County, NC	2019	NA	43826	42284	1542	3.5
CN3711100000000	37	111	McDowell County, NC	2019	NA	20877	20075	802	3.8
CN3711300000000	37	113	Macon County, NC	2019	NA	15637	15027	610	3.9
CN3711500000000	37	115	Madison County, NC	2019	NA	10283	9909	374	3.6
CN3711700000000	37	117	Martin County, NC	2019	NA	9093	8630	463	5.1
CN3711900000000	37	119	Mecklenburg County, NC	2019	NA	626769	603983	22786	3.6
CN3712100000000	37	121	Mitchell County, NC	2019	NA	6073	5792	281	4.6
CN3712300000000	37	123	Montgomery County, NC	2019	NA	11606	11143	463	4
CN3712500000000	37	125	Moore County, NC	2019	NA	42887	41263	1624	3.8
CN3712700000000	37	127	Nash County, NC	2019	NA	43610	41511	2099	4.8
CN3712900000000	37	129	New Hanover County, NC	2019	NA	125131	120673	4458	3.6
CN3713100000000	37	131	Northampton County, NC	2019	NA	7792	7386	406	5.2
CN3713300000000	37	133	Onslow County, NC	2019	NA	65413	62388	3025	4.6
CN3713500000000	37	135	Orange County, NC	2019	NA	79385	76782	2603	3.3
CN3713700000000	37	137	Pamlico County, NC	2019	NA	5391	5186	205	3.8
CN3713900000000	37	139	Pasquotank County, NC	2019	NA	16794	16021	773	4.6
CN3714100000000	37	141	Pender County, NC	2019	NA	29150	28001	1149	3.9
CN3714300000000	37	143	Perquimans County, NC	2019	NA	4992	4741	251	5
CN3714500000000	37	145	Person County, NC	2019	NA	18571	17790	781	4.2
CN3714700000000	37	147	Pitt County, NC	2019	NA	90556	86710	3846	4.2
CN3714900000000	37	149	Polk County, NC	2019	NA	9094	8748	346	3.8
CN3715100000000	37	151	Randolph County, NC	2019	NA	66978	64451	2527	3.8
CN3715300000000	37	153	Richmond County, NC	2019	NA	16727	15844	883	5.3
CN3715500000000	37	155	Robeson County, NC	2019	NA	50481	47748	2733	5.4
CN3715700000000	37	157	Rockingham County, NC	2019	NA	40573	38791	1782	4.4
CN3715900000000	37	159	Rowan County, NC	2019	NA	66751	64079	2672	4
CN3716100000000	37	161	Rutherford County, NC	2019	NA	25376	24131	1245	4.9
CN3716300000000	37	163	Sampson County, NC	2019	NA	29437	28301	1136	3.9
CN3716500000000	37	165	Scotland County, NC	2019	NA	11599	10832	767	6.6
CN3716700000000	37	167	Stanly County, NC	2019	NA	30438	29309	1129	3.7
CN3716900000000	37	169	Stokes County, NC	2019	NA	21936	21149	787	3.6
CN3717100000000	37	171	Surry County, NC	2019	NA	34200	32947	1253	3.7
CN3717300000000	37	173	Swain County, NC	2019	NA	7018	6737	281	4
CN3717500000000	37	175	Transylvania County, NC	2019	NA	14747	14196	551	3.7
CN3717700000000	37	177	Tyrrell County, NC	2019	NA	1484	1396	88	5.9
CN3717900000000	37	179	Union County, NC	2019	NA	124843	120533	4310	3.5
CN3718100000000	37	181	Vance County, NC	2019	NA	17501	16488	1013	5.8
CN3718300000000	37	183	Wake County, NC	2019	NA	600826	580731	20095	3.3
CN3718500000000	37	185	Warren County, NC	2019	NA	6638	6260	378	5.7
CN3718700000000	37	187	Washington County, NC	2019	NA	4492	4229	263	5.9
CN3718900000000	37	189	Watauga County, NC	2019	NA	29679	28640	1039	3.5
CN3719100000000	37	191	Wayne County, NC	2019	NA	52394	50225	2169	4.1
CN3719300000000	37	193	Wilkes County, NC	2019	NA	29489	28292	1197	4.1
CN3719500000000	37	195	Wilson County, NC	2019	NA	35026	33002	2024	5.8
CN3719700000000	37	197	Yadkin County, NC	2019	NA	17923	17307	616	3.4
CN3719900000000	37	199	Yancey County, NC	2019	NA	8466	8148	318	3.8
CN3800100000000	38	001	Adams County, ND	2019	NA	1046	1023	23	2.2
CN3800300000000	38	003	Barnes County, ND	2019	NA	5143	4987	156	3
CN3800500000000	38	005	Benson County, ND	2019	NA	2273	2177	96	4.2
CN3800700000000	38	007	Billings County, ND	2019	NA	430	419	11	2.6
CN3800900000000	38	009	Bottineau County, ND	2019	NA	2935	2838	97	3.3
CN3801100000000	38	011	Bowman County, ND	2019	NA	1714	1686	28	1.6
CN3801300000000	38	013	Burke County, ND	2019	NA	1053	1029	24	2.3
CN3801500000000	38	015	Burleigh County, ND	2019	NA	49216	48036	1180	2.4
CN3801700000000	38	017	Cass County, ND	2019	NA	102347	100269	2078	2
CN3801900000000	38	019	Cavalier County, ND	2019	NA	1882	1830	52	2.8
CN3802100000000	38	021	Dickey County, ND	2019	NA	2281	2238	43	1.9
CN3802300000000	38	023	Divide County, ND	2019	NA	1439	1419	20	1.4
CN3802500000000	38	025	Dunn County, ND	2019	NA	3153	3102	51	1.6
CN3802700000000	38	027	Eddy County, ND	2019	NA	1213	1159	54	4.5
CN3802900000000	38	029	Emmons County, ND	2019	NA	1428	1369	59	4.1
CN3803100000000	38	031	Foster County, ND	2019	NA	1497	1456	41	2.7
CN3803300000000	38	033	Golden Valley County, ND	2019	NA	830	815	15	1.8
CN3803500000000	38	035	Grand Forks County, ND	2019	NA	37105	36332	773	2.1
CN3803700000000	38	037	Grant County, ND	2019	NA	1179	1152	27	2.3
CN3803900000000	38	039	Griggs County, ND	2019	NA	1013	988	25	2.5
CN3804100000000	38	041	Hettinger County, ND	2019	NA	1361	1334	27	2
CN3804300000000	38	043	Kidder County, ND	2019	NA	1247	1197	50	4
CN3804500000000	38	045	LaMoure County, ND	2019	NA	2036	1993	43	2.1
CN3804700000000	38	047	Logan County, ND	2019	NA	860	840	20	2.3
CN3804900000000	38	049	McHenry County, ND	2019	NA	3030	2924	106	3.5
CN3805100000000	38	051	McIntosh County, ND	2019	NA	1104	1071	33	3
CN3805300000000	38	053	McKenzie County, ND	2019	NA	10298	10138	160	1.6
CN3805500000000	38	055	McLean County, ND	2019	NA	4663	4516	147	3.2
CN3805700000000	38	057	Mercer County, ND	2019	NA	3577	3427	150	4.2
CN3805900000000	38	059	Morton County, ND	2019	NA	16191	15713	478	3
CN3806100000000	38	061	Mountrail County, ND	2019	NA	7312	7211	101	1.4
CN3806300000000	38	063	Nelson County, ND	2019	NA	1373	1330	43	3.1
CN3806500000000	38	065	Oliver County, ND	2019	NA	861	829	32	3.7
CN3806700000000	38	067	Pembina County, ND	2019	NA	3303	3189	114	3.5
CN3806900000000	38	069	Pierce County, ND	2019	NA	1706	1651	55	3.2
CN3807100000000	38	071	Ramsey County, ND	2019	NA	5551	5388	163	2.9
CN3807300000000	38	073	Ransom County, ND	2019	NA	2789	2741	48	1.7
CN3807500000000	38	075	Renville County, ND	2019	NA	1203	1173	30	2.5
CN3807700000000	38	077	Richland County, ND	2019	NA	8530	8330	200	2.3
CN3807900000000	38	079	Rolette County, ND	2019	NA	4568	4192	376	8.2
CN3808100000000	38	081	Sargent County, ND	2019	NA	2634	2587	47	1.8
CN3808300000000	38	083	Sheridan County, ND	2019	NA	671	642	29	4.3
CN3808500000000	38	085	Sioux County, ND	2019	NA	1233	1185	48	3.9
CN3808700000000	38	087	Slope County, ND	2019	NA	393	384	9	2.3
CN3808900000000	38	089	Stark County, ND	2019	NA	18461	18087	374	2
CN3809100000000	38	091	Steele County, ND	2019	NA	967	947	20	2.1
CN3809300000000	38	093	Stutsman County, ND	2019	NA	10224	9989	235	2.3
CN3809500000000	38	095	Towner County, ND	2019	NA	1121	1090	31	2.8
CN3809700000000	38	097	Traill County, ND	2019	NA	4338	4224	114	2.6
CN3809900000000	38	099	Walsh County, ND	2019	NA	5109	4942	167	3.3
CN3810100000000	38	101	Ward County, ND	2019	NA	31394	30614	780	2.5
CN3810300000000	38	103	Wells County, ND	2019	NA	1890	1832	58	3.1
CN3810500000000	38	105	Williams County, ND	2019	NA	24427	23989	438	1.8
CN3900100000000	39	001	Adams County, OH	2019	NA	10717	9984	733	6.8
CN3900300000000	39	003	Allen County, OH	2019	NA	47866	45937	1929	4
CN3900500000000	39	005	Ashland County, OH	2019	NA	26801	25687	1114	4.2
CN3900700000000	39	007	Ashtabula County, OH	2019	NA	44459	42334	2125	4.8
CN3900900000000	39	009	Athens County, OH	2019	NA	27694	26226	1468	5.3
CN3901100000000	39	011	Auglaize County, OH	2019	NA	24980	24230	750	3
CN3901300000000	39	013	Belmont County, OH	2019	NA	30153	28469	1684	5.6
CN3901500000000	39	015	Brown County, OH	2019	NA	19594	18619	975	5
CN3901700000000	39	017	Butler County, OH	2019	NA	195091	187729	7362	3.8
CN3901900000000	39	019	Carroll County, OH	2019	NA	12959	12317	642	5
CN3902100000000	39	021	Champaign County, OH	2019	NA	20033	19295	738	3.7
CN3902300000000	39	023	Clark County, OH	2019	NA	63253	60520	2733	4.3
CN3902500000000	39	025	Clermont County, OH	2019	NA	106832	102846	3986	3.7
CN3902700000000	39	027	Clinton County, OH	2019	NA	17682	16849	833	4.7
CN3902900000000	39	029	Columbiana County, OH	2019	NA	47395	45105	2290	4.8
CN3903100000000	39	031	Coshocton County, OH	2019	NA	14377	13536	841	5.8
CN3903300000000	39	033	Crawford County, OH	2019	NA	18208	17356	852	4.7
CN3903500000000	39	035	Cuyahoga County, OH	2019	NA	614517	588912	25605	4.2
CN3903700000000	39	037	Darke County, OH	2019	NA	25812	24863	949	3.7
CN3903900000000	39	039	Defiance County, OH	2019	NA	18085	17322	763	4.2
CN3904100000000	39	041	Delaware County, OH	2019	NA	110349	106887	3462	3.1
CN3904300000000	39	043	Erie County, OH	2019	NA	37223	35383	1840	4.9
CN3904500000000	39	045	Fairfield County, OH	2019	NA	78021	75118	2903	3.7
CN3904700000000	39	047	Fayette County, OH	2019	NA	13869	13330	539	3.9
CN3904900000000	39	049	Franklin County, OH	2019	NA	697639	673069	24570	3.5
CN3905100000000	39	051	Fulton County, OH	2019	NA	22455	21526	929	4.1
CN3905300000000	39	053	Gallia County, OH	2019	NA	12158	11496	662	5.4
CN3905500000000	39	055	Geauga County, OH	2019	NA	49294	47586	1708	3.5
CN3905700000000	39	057	Greene County, OH	2019	NA	83246	80130	3116	3.7
CN3905900000000	39	059	Guernsey County, OH	2019	NA	18623	17607	1016	5.5
CN3906100000000	39	061	Hamilton County, OH	2019	NA	416102	400359	15743	3.8
CN3906300000000	39	063	Hancock County, OH	2019	NA	41849	40525	1324	3.2
CN3906500000000	39	065	Hardin County, OH	2019	NA	13812	13232	580	4.2
CN3906700000000	39	067	Harrison County, OH	2019	NA	6800	6443	357	5.3
CN3906900000000	39	069	Henry County, OH	2019	NA	13265	12654	611	4.6
CN3907100000000	39	071	Highland County, OH	2019	NA	17036	16155	881	5.2
CN3907300000000	39	073	Hocking County, OH	2019	NA	13084	12484	600	4.6
CN3907500000000	39	075	Holmes County, OH	2019	NA	20783	20160	623	3
CN3907700000000	39	077	Huron County, OH	2019	NA	27985	26381	1604	5.7
CN3907900000000	39	079	Jackson County, OH	2019	NA	12678	11891	787	6.2
CN3908100000000	39	081	Jefferson County, OH	2019	NA	27729	26101	1628	5.9
CN3908300000000	39	083	Knox County, OH	2019	NA	31550	30306	1244	3.9
CN3908500000000	39	085	Lake County, OH	2019	NA	126718	122045	4673	3.7
CN3908700000000	39	087	Lawrence County, OH	2019	NA	23780	22549	1231	5.2
CN3908900000000	39	089	Licking County, OH	2019	NA	90521	87159	3362	3.7
CN3909100000000	39	091	Logan County, OH	2019	NA	22865	22036	829	3.6
CN3909300000000	39	093	Lorain County, OH	2019	NA	154180	147587	6593	4.3
CN3909500000000	39	095	Lucas County, OH	2019	NA	210209	200417	9792	4.7
CN3909700000000	39	097	Madison County, OH	2019	NA	20804	20091	713	3.4
CN3909900000000	39	099	Mahoning County, OH	2019	NA	103081	97180	5901	5.7
CN3910100000000	39	101	Marion County, OH	2019	NA	28444	27292	1152	4.1
CN3910300000000	39	103	Medina County, OH	2019	NA	97857	94520	3337	3.4
CN3910500000000	39	105	Meigs County, OH	2019	NA	9057	8428	629	6.9
CN3910700000000	39	107	Mercer County, OH	2019	NA	23398	22787	611	2.6
CN3910900000000	39	109	Miami County, OH	2019	NA	54117	52125	1992	3.7
CN3911100000000	39	111	Monroe County, OH	2019	NA	5345	4903	442	8.3
CN3911300000000	39	113	Montgomery County, OH	2019	NA	252534	241945	10589	4.2
CN3911500000000	39	115	Morgan County, OH	2019	NA	6714	6280	434	6.5
CN3911700000000	39	117	Morrow County, OH	2019	NA	16815	16124	691	4.1
CN3911900000000	39	119	Muskingum County, OH	2019	NA	39532	37592	1940	4.9
CN3912100000000	39	121	Noble County, OH	2019	NA	4699	4377	322	6.9
CN3912300000000	39	123	Ottawa County, OH	2019	NA	21050	19862	1188	5.6
CN3912500000000	39	125	Paulding County, OH	2019	NA	8628	8297	331	3.8
CN3912700000000	39	127	Perry County, OH	2019	NA	15914	15087	827	5.2
CN3912900000000	39	129	Pickaway County, OH	2019	NA	26460	25404	1056	4
CN3913100000000	39	131	Pike County, OH	2019	NA	10824	10155	669	6.2
CN3913300000000	39	133	Portage County, OH	2019	NA	87309	83621	3688	4.2
CN3913500000000	39	135	Preble County, OH	2019	NA	21136	20342	794	3.8
CN3913700000000	39	137	Putnam County, OH	2019	NA	18817	18235	582	3.1
CN3913900000000	39	139	Richland County, OH	2019	NA	52246	49884	2362	4.5
CN3914100000000	39	141	Ross County, OH	2019	NA	35318	33829	1489	4.2
CN3914300000000	39	143	Sandusky County, OH	2019	NA	30506	29193	1313	4.3
CN3914500000000	39	145	Scioto County, OH	2019	NA	28862	27056	1806	6.3
CN3914700000000	39	147	Seneca County, OH	2019	NA	27313	26184	1129	4.1
CN3914900000000	39	149	Shelby County, OH	2019	NA	24178	23325	853	3.5
CN3915100000000	39	151	Stark County, OH	2019	NA	185736	177352	8384	4.5
CN3915300000000	39	153	Summit County, OH	2019	NA	272341	260690	11651	4.3
CN3915500000000	39	155	Trumbull County, OH	2019	NA	86758	81440	5318	6.1
CN3915700000000	39	157	Tuscarawas County, OH	2019	NA	44840	42908	1932	4.3
CN3915900000000	39	159	Union County, OH	2019	NA	28974	28041	933	3.2
CN3916100000000	39	161	Van Wert County, OH	2019	NA	15054	14563	491	3.3
CN3916300000000	39	163	Vinton County, OH	2019	NA	5560	5246	314	5.6
CN3916500000000	39	165	Warren County, OH	2019	NA	119179	115000	4179	3.5
CN3916700000000	39	167	Washington County, OH	2019	NA	27390	25918	1472	5.4
CN3916900000000	39	169	Wayne County, OH	2019	NA	62073	60061	2012	3.2
CN3917100000000	39	171	Williams County, OH	2019	NA	18992	18363	629	3.3
CN3917300000000	39	173	Wood County, OH	2019	NA	71161	68553	2608	3.7
CN3917500000000	39	175	Wyandot County, OH	2019	NA	12975	12569	406	3.1
CN4000100000000	40	001	Adair County, OK	2019	NA	8061	7726	335	4.2
CN4000300000000	40	003	Alfalfa County, OK	2019	NA	2819	2761	58	2.1
CN4000500000000	40	005	Atoka County, OK	2019	NA	4920	4706	214	4.3
CN4000700000000	40	007	Beaver County, OK	2019	NA	2876	2819	57	2
CN4000900000000	40	009	Beckham County, OK	2019	NA	10494	10162	332	3.2
CN4001100000000	40	011	Blaine County, OK	2019	NA	4750	4655	95	2
CN4001300000000	40	013	Bryan County, OK	2019	NA	21334	20684	650	3
CN4001500000000	40	015	Caddo County, OK	2019	NA	11768	11346	422	3.6
CN4001700000000	40	017	Canadian County, OK	2019	NA	74245	72123	2122	2.9
CN4001900000000	40	019	Carter County, OK	2019	NA	21512	20772	740	3.4
CN4002100000000	40	021	Cherokee County, OK	2019	NA	18737	17989	748	4
CN4002300000000	40	023	Choctaw County, OK	2019	NA	5428	5166	262	4.8
CN4002500000000	40	025	Cimarron County, OK	2019	NA	1324	1301	23	1.7
CN4002700000000	40	027	Cleveland County, OK	2019	NA	142822	138776	4046	2.8
CN4002900000000	40	029	Coal County, OK	2019	NA	2480	2383	97	3.9
CN4003100000000	40	031	Comanche County, OK	2019	NA	48157	46396	1761	3.7
CN4003300000000	40	033	Cotton County, OK	2019	NA	2718	2632	86	3.2
CN4003500000000	40	035	Craig County, OK	2019	NA	5926	5715	211	3.6
CN4003700000000	40	037	Creek County, OK	2019	NA	31636	30465	1171	3.7
CN4003900000000	40	039	Custer County, OK	2019	NA	15675	15279	396	2.5
CN4004100000000	40	041	Delaware County, OK	2019	NA	17990	17304	686	3.8
CN4004300000000	40	043	Dewey County, OK	2019	NA	2891	2829	62	2.1
CN4004500000000	40	045	Ellis County, OK	2019	NA	2156	2102	54	2.5
CN4004700000000	40	047	Garfield County, OK	2019	NA	27069	26255	814	3
CN4004900000000	40	049	Garvin County, OK	2019	NA	12576	12174	402	3.2
CN4005100000000	40	051	Grady County, OK	2019	NA	26474	25657	817	3.1
CN4005300000000	40	053	Grant County, OK	2019	NA	2650	2594	56	2.1
CN4005500000000	40	055	Greer County, OK	2019	NA	1836	1758	78	4.2
CN4005700000000	40	057	Harmon County, OK	2019	NA	1174	1140	34	2.9
CN4005900000000	40	059	Harper County, OK	2019	NA	1748	1697	51	2.9
CN4006100000000	40	061	Haskell County, OK	2019	NA	4217	3994	223	5.3
CN4006300000000	40	063	Hughes County, OK	2019	NA	5316	5057	259	4.9
CN4006500000000	40	065	Jackson County, OK	2019	NA	10650	10337	313	2.9
CN4006700000000	40	067	Jefferson County, OK	2019	NA	2506	2425	81	3.2
CN4006900000000	40	069	Johnston County, OK	2019	NA	3755	3593	162	4.3
CN4007100000000	40	071	Kay County, OK	2019	NA	18307	17526	781	4.3
CN4007300000000	40	073	Kingfisher County, OK	2019	NA	9142	8955	187	2
CN4007500000000	40	075	Kiowa County, OK	2019	NA	3453	3323	130	3.8
CN4007700000000	40	077	Latimer County, OK	2019	NA	3135	2937	198	6.3
CN4007900000000	40	079	Le Flore County, OK	2019	NA	19035	18141	894	4.7
CN4008100000000	40	081	Lincoln County, OK	2019	NA	15776	15219	557	3.5
CN4008300000000	40	083	Logan County, OK	2019	NA	22081	21445	636	2.9
CN4008500000000	40	085	Love County, OK	2019	NA	6170	6030	140	2.3
CN4008700000000	40	087	McClain County, OK	2019	NA	19628	19092	536	2.7
CN4008900000000	40	089	McCurtain County, OK	2019	NA	14383	13570	813	5.7
CN4009100000000	40	091	McIntosh County, OK	2019	NA	7067	6654	413	5.8
CN4009300000000	40	093	Major County, OK	2019	NA	3871	3788	83	2.1
CN4009500000000	40	095	Marshall County, OK	2019	NA	6880	6642	238	3.5
CN4009700000000	40	097	Mayes County, OK	2019	NA	19411	18802	609	3.1
CN4009900000000	40	099	Murray County, OK	2019	NA	6307	6117	190	3
CN4010100000000	40	101	Muskogee County, OK	2019	NA	29568	28418	1150	3.9
CN4010300000000	40	103	Noble County, OK	2019	NA	5669	5530	139	2.5
CN4010500000000	40	105	Nowata County, OK	2019	NA	4593	4434	159	3.5
CN4010700000000	40	107	Okfuskee County, OK	2019	NA	4614	4402	212	4.6
CN4010900000000	40	109	Oklahoma County, OK	2019	NA	384731	372632	12099	3.1
CN4011100000000	40	111	Okmulgee County, OK	2019	NA	15712	14943	769	4.9
CN4011300000000	40	113	Osage County, OK	2019	NA	20704	19921	783	3.8
CN4011500000000	40	115	Ottawa County, OK	2019	NA	14077	13599	478	3.4
CN4011700000000	40	117	Pawnee County, OK	2019	NA	7363	7074	289	3.9
CN4011900000000	40	119	Payne County, OK	2019	NA	37930	36836	1094	2.9
CN4012100000000	40	121	Pittsburg County, OK	2019	NA	17129	16406	723	4.2
CN4012300000000	40	123	Pontotoc County, OK	2019	NA	19044	18451	593	3.1
CN4012500000000	40	125	Pottawatomie County, OK	2019	NA	32342	31169	1173	3.6
CN4012700000000	40	127	Pushmataha County, OK	2019	NA	4278	4066	212	5
CN4012900000000	40	129	Roger Mills County, OK	2019	NA	1878	1822	56	3
CN4013100000000	40	131	Rogers County, OK	2019	NA	45151	43759	1392	3.1
CN4013300000000	40	133	Seminole County, OK	2019	NA	9434	8979	455	4.8
CN4013500000000	40	135	Sequoyah County, OK	2019	NA	16168	15502	666	4.1
CN4013700000000	40	137	Stephens County, OK	2019	NA	18536	17737	799	4.3
CN4013900000000	40	139	Texas County, OK	2019	NA	11189	10969	220	2
CN4014100000000	40	141	Tillman County, OK	2019	NA	2989	2879	110	3.7
CN4014300000000	40	143	Tulsa County, OK	2019	NA	323670	313397	10273	3.2
CN4014500000000	40	145	Wagoner County, OK	2019	NA	37999	36806	1193	3.1
CN4014700000000	40	147	Washington County, OK	2019	NA	22310	21547	763	3.4
CN4014900000000	40	149	Washita County, OK	2019	NA	5203	5028	175	3.4
CN4015100000000	40	151	Woods County, OK	2019	NA	4601	4505	96	2.1
CN4015300000000	40	153	Woodward County, OK	2019	NA	8988	8727	261	2.9
CN4100100000000	41	001	Baker County, OR	2019	NA	7120	6789	331	4.6
CN4100300000000	41	003	Benton County, OR	2019	NA	48151	46736	1415	2.9
CN4100500000000	41	005	Clackamas County, OR	2019	NA	219468	212043	7425	3.4
CN4100700000000	41	007	Clatsop County, OR	2019	NA	19385	18659	726	3.7
CN4100900000000	41	009	Columbia County, OR	2019	NA	24437	23340	1097	4.5
CN4101100000000	41	011	Coos County, OR	2019	NA	26147	24874	1273	4.9
CN4101300000000	41	013	Crook County, OR	2019	NA	9593	9083	510	5.3
CN4101500000000	41	015	Curry County, OR	2019	NA	8895	8432	463	5.2
CN4101700000000	41	017	Deschutes County, OR	2019	NA	96093	92361	3732	3.9
CN4101900000000	41	019	Douglas County, OR	2019	NA	46339	44063	2276	4.9
CN4102100000000	41	021	Gilliam County, OR	2019	NA	947	912	35	3.7
CN4102300000000	41	023	Grant County, OR	2019	NA	3185	2964	221	6.9
CN4102500000000	41	025	Harney County, OR	2019	NA	3577	3387	190	5.3
CN4102700000000	41	027	Hood River County, OR	2019	NA	14470	14012	458	3.2
CN4102900000000	41	029	Jackson County, OR	2019	NA	103451	98950	4501	4.4
CN4103100000000	41	031	Jefferson County, OR	2019	NA	10125	9613	512	5.1
CN4103300000000	41	033	Josephine County, OR	2019	NA	35786	34004	1782	5
CN4103500000000	41	035	Klamath County, OR	2019	NA	29291	27485	1806	6.2
CN4103700000000	41	037	Lake County, OR	2019	NA	3628	3433	195	5.4
CN4103900000000	41	039	Lane County, OR	2019	NA	180588	173271	7317	4.1
CN4104100000000	41	041	Lincoln County, OR	2019	NA	20848	19947	901	4.3
CN4104300000000	41	043	Linn County, OR	2019	NA	58720	56191	2529	4.3
CN4104500000000	41	045	Malheur County, OR	2019	NA	12314	11804	510	4.1
CN4104700000000	41	047	Marion County, OR	2019	NA	161879	155513	6366	3.9
CN4104900000000	41	049	Morrow County, OR	2019	NA	5712	5477	235	4.1
CN4105100000000	41	051	Multnomah County, OR	2019	NA	455189	440311	14878	3.3
CN4105300000000	41	053	Polk County, OR	2019	NA	39860	38240	1620	4.1
CN4105500000000	41	055	Sherman County, OR	2019	NA	932	900	32	3.4
CN4105700000000	41	057	Tillamook County, OR	2019	NA	11879	11421	458	3.9
CN4105900000000	41	059	Umatilla County, OR	2019	NA	36779	35014	1765	4.8
CN4106100000000	41	061	Union County, OR	2019	NA	11938	11362	576	4.8
CN4106300000000	41	063	Wallowa County, OR	2019	NA	3420	3221	199	5.8
CN4106500000000	41	065	Wasco County, OR	2019	NA	13360	12809	551	4.1
CN4106700000000	41	067	Washington County, OR	2019	NA	325006	315008	9998	3.1
CN4106900000000	41	069	Wheeler County, OR	2019	NA	722	691	31	4.3
CN4107100000000	41	071	Yamhill County, OR	2019	NA	54839	52981	1858	3.4
CN4200100000000	42	001	Adams County, PA	2019	NA	55350	53531	1819	3.3
CN4200300000000	42	003	Allegheny County, PA	2019	NA	649873	623045	26828	4.1
CN4200500000000	42	005	Armstrong County, PA	2019	NA	32307	30671	1636	5.1
CN4200700000000	42	007	Beaver County, PA	2019	NA	84172	80367	3805	4.5
CN4200900000000	42	009	Bedford County, PA	2019	NA	23622	22510	1112	4.7
CN4201100000000	42	011	Berks County, PA	2019	NA	216147	206763	9384	4.3
CN4201300000000	42	013	Blair County, PA	2019	NA	59551	56860	2691	4.5
CN4201500000000	42	015	Bradford County, PA	2019	NA	28959	27697	1262	4.4
CN4201700000000	42	017	Bucks County, PA	2019	NA	345279	332053	13226	3.8
CN4201900000000	42	019	Butler County, PA	2019	NA	99994	96090	3904	3.9
CN4202100000000	42	021	Cambria County, PA	2019	NA	58064	54963	3101	5.3
CN4202300000000	42	023	Cameron County, PA	2019	NA	2088	1963	125	6
CN4202500000000	42	025	Carbon County, PA	2019	NA	32252	30516	1736	5.4
CN4202700000000	42	027	Centre County, PA	2019	NA	80144	77464	2680	3.3
CN4202900000000	42	029	Chester County, PA	2019	NA	286480	277341	9139	3.2
CN4203100000000	42	031	Clarion County, PA	2019	NA	17131	16289	842	4.9
CN4203300000000	42	033	Clearfield County, PA	2019	NA	35987	34114	1873	5.2
CN4203500000000	42	035	Clinton County, PA	2019	NA	18338	17347	991	5.4
CN4203700000000	42	037	Columbia County, PA	2019	NA	33552	31955	1597	4.8
CN4203900000000	42	039	Crawford County, PA	2019	NA	38685	36853	1832	4.7
CN4204100000000	42	041	Cumberland County, PA	2019	NA	132626	128165	4461	3.4
CN4204300000000	42	043	Dauphin County, PA	2019	NA	144836	139003	5833	4
CN4204500000000	42	045	Delaware County, PA	2019	NA	299802	287670	12132	4
CN4204700000000	42	047	Elk County, PA	2019	NA	15677	14911	766	4.9
CN4204900000000	42	049	Erie County, PA	2019	NA	128841	122943	5898	4.6
CN4205100000000	42	051	Fayette County, PA	2019	NA	57273	53868	3405	5.9
CN4205300000000	42	053	Forest County, PA	2019	NA	1818	1694	124	6.8
CN4205500000000	42	055	Franklin County, PA	2019	NA	77887	74904	2983	3.8
CN4205700000000	42	057	Fulton County, PA	2019	NA	7907	7560	347	4.4
CN4205900000000	42	059	Greene County, PA	2019	NA	16626	15771	855	5.1
CN4206100000000	42	061	Huntingdon County, PA	2019	NA	20012	18833	1179	5.9
CN4206300000000	42	063	Indiana County, PA	2019	NA	39155	37186	1969	5
CN4206500000000	42	065	Jefferson County, PA	2019	NA	20587	19612	975	4.7
CN4206700000000	42	067	Juniata County, PA	2019	NA	12616	12061	555	4.4
CN4206900000000	42	069	Lackawanna County, PA	2019	NA	105216	100057	5159	4.9
CN4207100000000	42	071	Lancaster County, PA	2019	NA	285253	275432	9821	3.4
CN4207300000000	42	073	Lawrence County, PA	2019	NA	40775	38687	2088	5.1
CN4207500000000	42	075	Lebanon County, PA	2019	NA	72617	69798	2819	3.9
CN4207700000000	42	077	Lehigh County, PA	2019	NA	193388	184665	8723	4.5
CN4207900000000	42	079	Luzerne County, PA	2019	NA	157695	148722	8973	5.7
CN4208100000000	42	081	Lycoming County, PA	2019	NA	56919	54169	2750	4.8
CN4208300000000	42	083	McKean County, PA	2019	NA	17355	16435	920	5.3
CN4208500000000	42	085	Mercer County, PA	2019	NA	49321	46909	2412	4.9
CN4208700000000	42	087	Mifflin County, PA	2019	NA	21076	20093	983	4.7
CN4208900000000	42	089	Monroe County, PA	2019	NA	83291	78812	4479	5.4
CN4209100000000	42	091	Montgomery County, PA	2019	NA	456383	440364	16019	3.5
CN4209300000000	42	093	Montour County, PA	2019	NA	9122	8795	327	3.6
CN4209500000000	42	095	Northampton County, PA	2019	NA	161856	154642	7214	4.5
CN4209700000000	42	097	Northumberland County, PA	2019	NA	43184	40765	2419	5.6
CN4209900000000	42	099	Perry County, PA	2019	NA	24583	23673	910	3.7
CN4210100000000	42	101	Philadelphia County/city, PA	2019	NA	722078	682012	40066	5.5
CN4210300000000	42	103	Pike County, PA	2019	NA	25321	23909	1412	5.6
CN4210500000000	42	105	Potter County, PA	2019	NA	7209	6784	425	5.9
CN4210700000000	42	107	Schuylkill County, PA	2019	NA	66554	62948	3606	5.4
CN4210900000000	42	109	Snyder County, PA	2019	NA	20172	19079	1093	5.4
CN4211100000000	42	111	Somerset County, PA	2019	NA	33659	31869	1790	5.3
CN4211300000000	42	113	Sullivan County, PA	2019	NA	2671	2531	140	5.2
CN4211500000000	42	115	Susquehanna County, PA	2019	NA	20606	19717	889	4.3
CN4211700000000	42	117	Tioga County, PA	2019	NA	19148	18139	1009	5.3
CN4211900000000	42	119	Union County, PA	2019	NA	19912	19114	798	4
CN4212100000000	42	121	Venango County, PA	2019	NA	22444	21354	1090	4.9
CN4212300000000	42	123	Warren County, PA	2019	NA	18977	18116	861	4.5
CN4212500000000	42	125	Washington County, PA	2019	NA	107299	102475	4824	4.5
CN4212700000000	42	127	Wayne County, PA	2019	NA	22486	21427	1059	4.7
CN4212900000000	42	129	Westmoreland County, PA	2019	NA	181453	173320	8133	4.5
CN4213100000000	42	131	Wyoming County, PA	2019	NA	13610	12948	662	4.9
CN4213300000000	42	133	York County, PA	2019	NA	236377	227297	9080	3.8
CN4400100000000	44	001	Bristol County, RI	2019	NA	26005	25226	779	3
CN4400300000000	44	003	Kent County, RI	2019	NA	90729	87815	2914	3.2
CN4400500000000	44	005	Newport County, RI	2019	NA	44280	42905	1375	3.1
CN4400700000000	44	007	Providence County, RI	2019	NA	325490	312930	12560	3.9
CN4400900000000	44	009	Washington County, RI	2019	NA	69050	66892	2158	3.1
CN4500100000000	45	001	Abbeville County, SC	2019	NA	10050	9711	339	3.4
CN4500300000000	45	003	Aiken County, SC	2019	NA	75105	72929	2176	2.9
CN4500500000000	45	005	Allendale County, SC	2019	NA	2692	2549	143	5.3
CN4500700000000	45	007	Anderson County, SC	2019	NA	91576	89109	2467	2.7
CN4500900000000	45	009	Bamberg County, SC	2019	NA	4981	4704	277	5.6
CN4501100000000	45	011	Barnwell County, SC	2019	NA	8268	7916	352	4.3
CN4501300000000	45	013	Beaufort County, SC	2019	NA	77858	75797	2061	2.6
CN4501500000000	45	015	Berkeley County, SC	2019	NA	104452	101801	2651	2.5
CN4501700000000	45	017	Calhoun County, SC	2019	NA	6604	6367	237	3.6
CN4501900000000	45	019	Charleston County, SC	2019	NA	212354	207473	4881	2.3
CN4502100000000	45	021	Cherokee County, SC	2019	NA	25196	24422	774	3.1
CN4502300000000	45	023	Chester County, SC	2019	NA	13445	12890	555	4.1
CN4502500000000	45	025	Chesterfield County, SC	2019	NA	22128	21484	644	2.9
CN4502700000000	45	027	Clarendon County, SC	2019	NA	12731	12238	493	3.9
CN4502900000000	45	029	Colleton County, SC	2019	NA	16821	16283	538	3.2
CN4503100000000	45	031	Darlington County, SC	2019	NA	30561	29518	1043	3.4
CN4503300000000	45	033	Dillon County, SC	2019	NA	13029	12496	533	4.1
CN4503500000000	45	035	Dorchester County, SC	2019	NA	78453	76502	1951	2.5
CN4503700000000	45	037	Edgefield County, SC	2019	NA	10753	10452	301	2.8
CN4503900000000	45	039	Fairfield County, SC	2019	NA	9619	9192	427	4.4
CN4504100000000	45	041	Florence County, SC	2019	NA	67211	65235	1976	2.9
CN4504300000000	45	043	Georgetown County, SC	2019	NA	25790	24820	970	3.8
CN4504500000000	45	045	Greenville County, SC	2019	NA	255903	249678	6225	2.4
CN4504700000000	45	047	Greenwood County, SC	2019	NA	31377	30397	980	3.1
CN4504900000000	45	049	Hampton County, SC	2019	NA	8416	8187	229	2.7
CN4505100000000	45	051	Horry County, SC	2019	NA	148573	143234	5339	3.6
CN4505300000000	45	053	Jasper County, SC	2019	NA	12685	12363	322	2.5
CN4505500000000	45	055	Kershaw County, SC	2019	NA	29291	28425	866	3
CN4505700000000	45	057	Lancaster County, SC	2019	NA	41340	39956	1384	3.3
CN4505900000000	45	059	Laurens County, SC	2019	NA	30313	29410	903	3
CN4506100000000	45	061	Lee County, SC	2019	NA	6618	6352	266	4
CN4506300000000	45	063	Lexington County, SC	2019	NA	150160	146650	3510	2.3
CN4506500000000	45	065	McCormick County, SC	2019	NA	3389	3285	104	3.1
CN4506700000000	45	067	Marion County, SC	2019	NA	13045	12481	564	4.3
CN4506900000000	45	069	Marlboro County, SC	2019	NA	9183	8739	444	4.8
CN4507100000000	45	071	Newberry County, SC	2019	NA	19223	18709	514	2.7
CN4507300000000	45	073	Oconee County, SC	2019	NA	35039	34068	971	2.8
CN4507500000000	45	075	Orangeburg County, SC	2019	NA	34842	33187	1655	4.8
CN4507700000000	45	077	Pickens County, SC	2019	NA	57667	56063	1604	2.8
CN4507900000000	45	079	Richland County, SC	2019	NA	198948	193369	5579	2.8
CN4508100000000	45	081	Saluda County, SC	2019	NA	8928	8690	238	2.7
CN4508300000000	45	083	Spartanburg County, SC	2019	NA	153496	149576	3920	2.6
CN4508500000000	45	085	Sumter County, SC	2019	NA	43727	42254	1473	3.4
CN4508700000000	45	087	Union County, SC	2019	NA	11681	11275	406	3.5
CN4508900000000	45	089	Williamsburg County, SC	2019	NA	12093	11542	551	4.6
CN4509100000000	45	091	York County, SC	2019	NA	140458	136587	3871	2.8
CN4600300000000	46	003	Aurora County, SD	2019	NA	1527	1485	42	2.8
CN4600500000000	46	005	Beadle County, SD	2019	NA	9618	9315	303	3.2
CN4600700000000	46	007	Bennett County, SD	2019	NA	1091	1032	59	5.4
CN4600900000000	46	009	Bon Homme County, SD	2019	NA	2870	2779	91	3.2
CN4601100000000	46	011	Brookings County, SD	2019	NA	19138	18511	627	3.3
CN4601300000000	46	013	Brown County, SD	2019	NA	20795	20152	643	3.1
CN4601500000000	46	015	Brule County, SD	2019	NA	2451	2375	76	3.1
CN4601700000000	46	017	Buffalo County, SD	2019	NA	683	638	45	6.6
CN4601900000000	46	019	Butte County, SD	2019	NA	5044	4873	171	3.4
CN4602100000000	46	021	Campbell County, SD	2019	NA	772	744	28	3.6
CN4602300000000	46	023	Charles Mix County, SD	2019	NA	3763	3622	141	3.7
CN4602500000000	46	025	Clark County, SD	2019	NA	1913	1836	77	4
CN4602700000000	46	027	Clay County, SD	2019	NA	7432	7184	248	3.3
CN4602900000000	46	029	Codington County, SD	2019	NA	15518	15028	490	3.2
CN4603100000000	46	031	Corson County, SD	2019	NA	1368	1289	79	5.8
CN4603300000000	46	033	Custer County, SD	2019	NA	4009	3831	178	4.4
CN4603500000000	46	035	Davison County, SD	2019	NA	11103	10778	325	2.9
CN4603700000000	46	037	Day County, SD	2019	NA	2763	2637	126	4.6
CN4603900000000	46	039	Deuel County, SD	2019	NA	2172	2067	105	4.8
CN4604100000000	46	041	Dewey County, SD	2019	NA	2228	2044	184	8.3
CN4604300000000	46	043	Douglas County, SD	2019	NA	1584	1539	45	2.8
CN4604500000000	46	045	Edmunds County, SD	2019	NA	2041	1980	61	3
CN4604700000000	46	047	Fall River County, SD	2019	NA	2992	2864	128	4.3
CN4604900000000	46	049	Faulk County, SD	2019	NA	1058	1023	35	3.3
CN4605100000000	46	051	Grant County, SD	2019	NA	4443	4293	150	3.4
CN4605300000000	46	053	Gregory County, SD	2019	NA	2048	1977	71	3.5
CN4605500000000	46	055	Haakon County, SD	2019	NA	1051	1020	31	2.9
CN4605700000000	46	057	Hamlin County, SD	2019	NA	3319	3210	109	3.3
CN4605900000000	46	059	Hand County, SD	2019	NA	1783	1733	50	2.8
CN4606100000000	46	061	Hanson County, SD	2019	NA	1745	1663	82	4.7
CN4606300000000	46	063	Harding County, SD	2019	NA	725	705	20	2.8
CN4606500000000	46	065	Hughes County, SD	2019	NA	10039	9771	268	2.7
CN4606700000000	46	067	Hutchinson County, SD	2019	NA	3598	3486	112	3.1
CN4606900000000	46	069	Hyde County, SD	2019	NA	682	658	24	3.5
CN4607100000000	46	071	Jackson County, SD	2019	NA	1272	1199	73	5.7
CN4607300000000	46	073	Jerauld County, SD	2019	NA	1117	1086	31	2.8
CN4607500000000	46	075	Jones County, SD	2019	NA	544	527	17	3.1
CN4607700000000	46	077	Kingsbury County, SD	2019	NA	2671	2590	81	3
CN4607900000000	46	079	Lake County, SD	2019	NA	6684	6443	241	3.6
CN4608100000000	46	081	Lawrence County, SD	2019	NA	13343	12915	428	3.2
CN4608300000000	46	083	Lincoln County, SD	2019	NA	34595	33709	886	2.6
CN4608500000000	46	085	Lyman County, SD	2019	NA	1690	1609	81	4.8
CN4608700000000	46	087	McCook County, SD	2019	NA	3078	2990	88	2.9
CN4608900000000	46	089	McPherson County, SD	2019	NA	1006	963	43	4.3
CN4609100000000	46	091	Marshall County, SD	2019	NA	2383	2292	91	3.8
CN4609300000000	46	093	Meade County, SD	2019	NA	14138	13632	506	3.6
CN4609500000000	46	095	Mellette County, SD	2019	NA	741	699	42	5.7
CN4609700000000	46	097	Miner County, SD	2019	NA	1177	1140	37	3.1
CN4609900000000	46	099	Minnehaha County, SD	2019	NA	113094	109853	3241	2.9
CN4610100000000	46	101	Moody County, SD	2019	NA	4041	3895	146	3.6
CN4610200000000	46	102	Oglala Lakota County, SD	2019	NA	3570	3222	348	9.7
CN4610300000000	46	103	Pennington County, SD	2019	NA	56757	54827	1930	3.4
CN4610500000000	46	105	Perkins County, SD	2019	NA	1425	1381	44	3.1
CN4610700000000	46	107	Potter County, SD	2019	NA	1045	1012	33	3.2
CN4610900000000	46	109	Roberts County, SD	2019	NA	4839	4630	209	4.3
CN4611100000000	46	111	Sanborn County, SD	2019	NA	1153	1117	36	3.1
CN4611500000000	46	115	Spink County, SD	2019	NA	3189	3080	109	3.4
CN4611700000000	46	117	Stanley County, SD	2019	NA	1850	1795	55	3
CN4611900000000	46	119	Sully County, SD	2019	NA	800	777	23	2.9
CN4612100000000	46	121	Todd County, SD	2019	NA	3166	2961	205	6.5
CN4612300000000	46	123	Tripp County, SD	2019	NA	3070	2981	89	2.9
CN4612500000000	46	125	Turner County, SD	2019	NA	4702	4559	143	3
CN4612700000000	46	127	Union County, SD	2019	NA	8484	8192	292	3.4
CN4612900000000	46	129	Walworth County, SD	2019	NA	2125	2008	117	5.5
CN4613500000000	46	135	Yankton County, SD	2019	NA	11958	11615	343	2.9
CN4613700000000	46	137	Ziebach County, SD	2019	NA	930	878	52	5.6
CN4700100000000	47	001	Anderson County, TN	2019	NA	34949	33708	1241	3.6
CN4700300000000	47	003	Bedford County, TN	2019	NA	21223	20437	786	3.7
CN4700500000000	47	005	Benton County, TN	2019	NA	6964	6653	311	4.5
CN4700700000000	47	007	Bledsoe County, TN	2019	NA	4346	4111	235	5.4
CN4700900000000	47	009	Blount County, TN	2019	NA	64115	62072	2043	3.2
CN4701100000000	47	011	Bradley County, TN	2019	NA	52465	50654	1811	3.5
CN4701300000000	47	013	Campbell County, TN	2019	NA	14978	14291	687	4.6
CN4701500000000	47	015	Cannon County, TN	2019	NA	6686	6481	205	3.1
CN4701700000000	47	017	Carroll County, TN	2019	NA	12172	11582	590	4.8
CN4701900000000	47	019	Carter County, TN	2019	NA	24218	23235	983	4.1
CN4702100000000	47	021	Cheatham County, TN	2019	NA	22186	21606	580	2.6
CN4702300000000	47	023	Chester County, TN	2019	NA	8640	8343	297	3.4
CN4702500000000	47	025	Claiborne County, TN	2019	NA	13178	12624	554	4.2
CN4702700000000	47	027	Clay County, TN	2019	NA	2808	2640	168	6
CN4702900000000	47	029	Cocke County, TN	2019	NA	15164	14477	687	4.5
CN4703100000000	47	031	Coffee County, TN	2019	NA	25749	24891	858	3.3
CN4703300000000	47	033	Crockett County, TN	2019	NA	7069	6823	246	3.5
CN4703500000000	47	035	Cumberland County, TN	2019	NA	23685	22624	1061	4.5
CN4703700000000	47	037	Davidson County, TN	2019	NA	409810	399502	10308	2.5
CN4703900000000	47	039	Decatur County, TN	2019	NA	4611	4366	245	5.3
CN4704100000000	47	041	DeKalb County, TN	2019	NA	7855	7516	339	4.3
CN4704300000000	47	043	Dickson County, TN	2019	NA	27409	26593	816	3
CN4704500000000	47	045	Dyer County, TN	2019	NA	16597	15792	805	4.9
CN4704700000000	47	047	Fayette County, TN	2019	NA	19370	18663	707	3.6
CN4704900000000	47	049	Fentress County, TN	2019	NA	7555	7240	315	4.2
CN4705100000000	47	051	Franklin County, TN	2019	NA	20343	19663	680	3.3
CN4705300000000	47	053	Gibson County, TN	2019	NA	22262	21320	942	4.2
CN4705500000000	47	055	Giles County, TN	2019	NA	15126	14543	583	3.9
CN4705700000000	47	057	Grainger County, TN	2019	NA	9608	9221	387	4
CN4705900000000	47	059	Greene County, TN	2019	NA	29995	28599	1396	4.7
CN4706100000000	47	061	Grundy County, TN	2019	NA	5017	4809	208	4.1
CN4706300000000	47	063	Hamblen County, TN	2019	NA	28385	27292	1093	3.9
CN4706500000000	47	065	Hamilton County, TN	2019	NA	185402	179393	6009	3.2
CN4706700000000	47	067	Hancock County, TN	2019	NA	2130	2005	125	5.9
CN4706900000000	47	069	Hardeman County, TN	2019	NA	9576	9099	477	5
CN4707100000000	47	071	Hardin County, TN	2019	NA	10486	10038	448	4.3
CN4707300000000	47	073	Hawkins County, TN	2019	NA	23986	22998	988	4.1
CN4707500000000	47	075	Haywood County, TN	2019	NA	7749	7373	376	4.9
CN4707700000000	47	077	Henderson County, TN	2019	NA	12369	11832	537	4.3
CN4707900000000	47	079	Henry County, TN	2019	NA	14321	13727	594	4.1
CN4708100000000	47	081	Hickman County, TN	2019	NA	11599	11243	356	3.1
CN4708300000000	47	083	Houston County, TN	2019	NA	3297	3146	151	4.6
CN4708500000000	47	085	Humphreys County, TN	2019	NA	9025	8678	347	3.8
CN4708700000000	47	087	Jackson County, TN	2019	NA	4702	4486	216	4.6
CN4708900000000	47	089	Jefferson County, TN	2019	NA	24800	23882	918	3.7
CN4709100000000	47	091	Johnson County, TN	2019	NA	7730	7462	268	3.5
CN4709300000000	47	093	Knox County, TN	2019	NA	246227	239090	7137	2.9
CN4709500000000	47	095	Lake County, TN	2019	NA	1779	1678	101	5.7
CN4709700000000	47	097	Lauderdale County, TN	2019	NA	9794	9262	532	5.4
CN4709900000000	47	099	Lawrence County, TN	2019	NA	19432	18640	792	4.1
CN4710100000000	47	101	Lewis County, TN	2019	NA	5221	5010	211	4
CN4710300000000	47	103	Lincoln County, TN	2019	NA	16900	16295	605	3.6
CN4710500000000	47	105	Loudon County, TN	2019	NA	23696	22895	801	3.4
CN4710700000000	47	107	McMinn County, TN	2019	NA	23880	22978	902	3.8
CN4710900000000	47	109	McNairy County, TN	2019	NA	8580	8130	450	5.2
CN4711100000000	47	111	Macon County, TN	2019	NA	11435	11079	356	3.1
CN4711300000000	47	113	Madison County, TN	2019	NA	49493	47727	1766	3.6
CN4711500000000	47	115	Marion County, TN	2019	NA	12598	12057	541	4.3
CN4711700000000	47	117	Marshall County, TN	2019	NA	15860	15305	555	3.5
CN4711900000000	47	119	Maury County, TN	2019	NA	50157	48575	1582	3.2
CN4712100000000	47	121	Meigs County, TN	2019	NA	5230	4992	238	4.6
CN4712300000000	47	123	Monroe County, TN	2019	NA	20356	19613	743	3.7
CN4712500000000	47	125	Montgomery County, TN	2019	NA	86220	82946	3274	3.8
CN4712700000000	47	127	Moore County, TN	2019	NA	3635	3529	106	2.9
CN4712900000000	47	129	Morgan County, TN	2019	NA	7956	7632	324	4.1
CN4713100000000	47	131	Obion County, TN	2019	NA	12615	11999	616	4.9
CN4713300000000	47	133	Overton County, TN	2019	NA	10026	9647	379	3.8
CN4713500000000	47	135	Perry County, TN	2019	NA	3146	2988	158	5
CN4713700000000	47	137	Pickett County, TN	2019	NA	2385	2274	111	4.7
CN4713900000000	47	139	Polk County, TN	2019	NA	7576	7274	302	4
CN4714100000000	47	141	Putnam County, TN	2019	NA	35355	34124	1231	3.5
CN4714300000000	47	143	Rhea County, TN	2019	NA	13401	12636	765	5.7
CN4714500000000	47	145	Roane County, TN	2019	NA	23617	22662	955	4
CN4714700000000	47	147	Robertson County, TN	2019	NA	38549	37440	1109	2.9
CN4714900000000	47	149	Rutherford County, TN	2019	NA	186696	181904	4792	2.6
CN4715100000000	47	151	Scott County, TN	2019	NA	8427	8059	368	4.4
CN4715300000000	47	153	Sequatchie County, TN	2019	NA	6250	5987	263	4.2
CN4715500000000	47	155	Sevier County, TN	2019	NA	55225	53420	1805	3.3
CN4715700000000	47	157	Shelby County, TN	2019	NA	449965	431885	18080	4
CN4715900000000	47	159	Smith County, TN	2019	NA	9589	9301	288	3
CN4716100000000	47	161	Stewart County, TN	2019	NA	5540	5292	248	4.5
CN4716300000000	47	163	Sullivan County, TN	2019	NA	70979	68347	2632	3.7
CN4716500000000	47	165	Sumner County, TN	2019	NA	103810	101033	2777	2.7
CN4716700000000	47	167	Tipton County, TN	2019	NA	28461	27356	1105	3.9
CN4716900000000	47	169	Trousdale County, TN	2019	NA	5503	5335	168	3.1
CN4717100000000	47	171	Unicoi County, TN	2019	NA	7167	6809	358	5
CN4717300000000	47	173	Union County, TN	2019	NA	7698	7387	311	4
CN4717500000000	47	175	Van Buren County, TN	2019	NA	2072	1979	93	4.5
CN4717700000000	47	177	Warren County, TN	2019	NA	16869	16178	691	4.1
CN4717900000000	47	179	Washington County, TN	2019	NA	60904	58800	2104	3.5
CN4718100000000	47	181	Wayne County, TN	2019	NA	6301	6007	294	4.7
CN4718300000000	47	183	Weakley County, TN	2019	NA	16267	15610	657	4
CN4718500000000	47	185	White County, TN	2019	NA	12363	11908	455	3.7
CN4718700000000	47	187	Williamson County, TN	2019	NA	130215	127057	3158	2.4
CN4718900000000	47	189	Wilson County, TN	2019	NA	77728	75639	2089	2.7
CN4800100000000	48	001	Anderson County, TX	2019	NA	23913	23220	693	2.9
CN4800300000000	48	003	Andrews County, TX	2019	NA	9906	9685	221	2.2
CN4800500000000	48	005	Angelina County, TX	2019	NA	35893	34453	1440	4
CN4800700000000	48	007	Aransas County, TX	2019	NA	9425	9022	403	4.3
CN4800900000000	48	009	Archer County, TX	2019	NA	4145	4027	118	2.8
CN4801100000000	48	011	Armstrong County, TX	2019	NA	929	904	25	2.7
CN4801300000000	48	013	Atascosa County, TX	2019	NA	21707	20928	779	3.6
CN4801500000000	48	015	Austin County, TX	2019	NA	14096	13613	483	3.4
CN4801700000000	48	017	Bailey County, TX	2019	NA	2508	2415	93	3.7
CN4801900000000	48	019	Bandera County, TX	2019	NA	10071	9742	329	3.3
CN4802100000000	48	021	Bastrop County, TX	2019	NA	42900	41609	1291	3
CN4802300000000	48	023	Baylor County, TX	2019	NA	1765	1725	40	2.3
CN4802500000000	48	025	Bee County, TX	2019	NA	9853	9419	434	4.4
CN4802700000000	48	027	Bell County, TX	2019	NA	143858	138392	5466	3.8
CN4802900000000	48	029	Bexar County, TX	2019	NA	949380	919763	29617	3.1
CN4803100000000	48	031	Blanco County, TX	2019	NA	6469	6311	158	2.4
CN4803300000000	48	033	Borden County, TX	2019	NA	404	394	10	2.5
CN4803500000000	48	035	Bosque County, TX	2019	NA	8343	8058	285	3.4
CN4803700000000	48	037	Bowie County, TX	2019	NA	39899	38130	1769	4.4
CN4803900000000	48	039	Brazoria County, TX	2019	NA	179539	172008	7531	4.2
CN4804100000000	48	041	Brazos County, TX	2019	NA	119010	115819	3191	2.7
CN4804300000000	48	043	Brewster County, TX	2019	NA	4207	4084	123	2.9
CN4804500000000	48	045	Briscoe County, TX	2019	NA	578	558	20	3.5
CN4804700000000	48	047	Brooks County, TX	2019	NA	2602	2468	134	5.1
CN4804900000000	48	049	Brown County, TX	2019	NA	15701	15117	584	3.7
CN4805100000000	48	051	Burleson County, TX	2019	NA	8362	8103	259	3.1
CN4805300000000	48	053	Burnet County, TX	2019	NA	23570	22930	640	2.7
CN4805500000000	48	055	Caldwell County, TX	2019	NA	19669	19011	658	3.3
CN4805700000000	48	057	Calhoun County, TX	2019	NA	12168	11776	392	3.2
CN4805900000000	48	059	Callahan County, TX	2019	NA	6113	5925	188	3.1
CN4806100000000	48	061	Cameron County, TX	2019	NA	166861	157675	9186	5.5
CN4806300000000	48	063	Camp County, TX	2019	NA	4975	4766	209	4.2
CN4806500000000	48	065	Carson County, TX	2019	NA	3011	2933	78	2.6
CN4806700000000	48	067	Cass County, TX	2019	NA	12430	11895	535	4.3
CN4806900000000	48	069	Castro County, TX	2019	NA	3433	3337	96	2.8
CN4807100000000	48	071	Chambers County, TX	2019	NA	19489	18604	885	4.5
CN4807300000000	48	073	Cherokee County, TX	2019	NA	20936	20143	793	3.8
CN4807500000000	48	075	Childress County, TX	2019	NA	2952	2872	80	2.7
CN4807700000000	48	077	Clay County, TX	2019	NA	4936	4785	151	3.1
CN4807900000000	48	079	Cochran County, TX	2019	NA	1123	1085	38	3.4
CN4808100000000	48	081	Coke County, TX	2019	NA	1456	1409	47	3.2
CN4808300000000	48	083	Coleman County, TX	2019	NA	2888	2770	118	4.1
CN4808500000000	48	085	Collin County, TX	2019	NA	563678	546320	17358	3.1
CN4808700000000	48	087	Collingsworth County, TX	2019	NA	1157	1120	37	3.2
CN4808900000000	48	089	Colorado County, TX	2019	NA	9860	9557	303	3.1
CN4809100000000	48	091	Comal County, TX	2019	NA	73333	71149	2184	3
CN4809300000000	48	093	Comanche County, TX	2019	NA	5591	5410	181	3.2
CN4809500000000	48	095	Concho County, TX	2019	NA	1238	1198	40	3.2
CN4809700000000	48	097	Cooke County, TX	2019	NA	19820	19268	552	2.8
CN4809900000000	48	099	Coryell County, TX	2019	NA	24123	23177	946	3.9
CN4810100000000	48	101	Cottle County, TX	2019	NA	551	528	23	4.2
CN4810300000000	48	103	Crane County, TX	2019	NA	1569	1506	63	4
CN4810500000000	48	105	Crockett County, TX	2019	NA	1637	1589	48	2.9
CN4810700000000	48	107	Crosby County, TX	2019	NA	2499	2402	97	3.9
CN4810900000000	48	109	Culberson County, TX	2019	NA	1044	1002	42	4
CN4811100000000	48	111	Dallam County, TX	2019	NA	3918	3842	76	1.9
CN4811300000000	48	113	Dallas County, TX	2019	NA	1364652	1317507	47145	3.5
CN4811500000000	48	115	Dawson County, TX	2019	NA	4642	4462	180	3.9
CN4811700000000	48	117	Deaf Smith County, TX	2019	NA	8470	8237	233	2.8
CN4811900000000	48	119	Delta County, TX	2019	NA	2443	2360	83	3.4
CN4812100000000	48	121	Denton County, TX	2019	NA	494624	480005	14619	3
CN4812300000000	48	123	DeWitt County, TX	2019	NA	9798	9540	258	2.6
CN4812500000000	48	125	Dickens County, TX	2019	NA	682	652	30	4.4
CN4812700000000	48	127	Dimmit County, TX	2019	NA	7487	7298	189	2.5
CN4812900000000	48	129	Donley County, TX	2019	NA	1439	1389	50	3.5
CN4813100000000	48	131	Duval County, TX	2019	NA	4966	4744	222	4.5
CN4813300000000	48	133	Eastland County, TX	2019	NA	8354	8079	275	3.3
CN4813500000000	48	135	Ector County, TX	2019	NA	88186	85859	2327	2.6
CN4813700000000	48	137	Edwards County, TX	2019	NA	1054	1030	24	2.3
CN4813900000000	48	139	Ellis County, TX	2019	NA	92694	89823	2871	3.1
CN4814100000000	48	141	El Paso County, TX	2019	NA	362582	348712	13870	3.8
CN4814300000000	48	143	Erath County, TX	2019	NA	20850	20188	662	3.2
CN4814500000000	48	145	Falls County, TX	2019	NA	6570	6356	214	3.3
CN4814700000000	48	147	Fannin County, TX	2019	NA	17329	16854	475	2.7
CN4814900000000	48	149	Fayette County, TX	2019	NA	12313	11987	326	2.6
CN4815100000000	48	151	Fisher County, TX	2019	NA	1634	1586	48	2.9
CN4815300000000	48	153	Floyd County, TX	2019	NA	2580	2468	112	4.3
CN4815500000000	48	155	Foard County, TX	2019	NA	585	567	18	3.1
CN4815700000000	48	157	Fort Bend County, TX	2019	NA	392275	378653	13622	3.5
CN4815900000000	48	159	Franklin County, TX	2019	NA	4654	4485	169	3.6
CN4816100000000	48	161	Freestone County, TX	2019	NA	6400	6093	307	4.8
CN4816300000000	48	163	Frio County, TX	2019	NA	10463	10192	271	2.6
CN4816500000000	48	165	Gaines County, TX	2019	NA	9812	9577	235	2.4
CN4816700000000	48	167	Galveston County, TX	2019	NA	165479	158807	6672	4
CN4816900000000	48	169	Garza County, TX	2019	NA	2176	2117	59	2.7
CN4817100000000	48	171	Gillespie County, TX	2019	NA	13542	13213	329	2.4
CN4817300000000	48	173	Glasscock County, TX	2019	NA	795	778	17	2.1
CN4817500000000	48	175	Goliad County, TX	2019	NA	3272	3162	110	3.4
CN4817700000000	48	177	Gonzales County, TX	2019	NA	9578	9320	258	2.7
CN4817900000000	48	179	Gray County, TX	2019	NA	8080	7791	289	3.6
CN4818100000000	48	181	Grayson County, TX	2019	NA	64106	62148	1958	3.1
CN4818300000000	48	183	Gregg County, TX	2019	NA	58349	56176	2173	3.7
CN4818500000000	48	185	Grimes County, TX	2019	NA	11264	10822	442	3.9
CN4818700000000	48	187	Guadalupe County, TX	2019	NA	81486	79087	2399	2.9
CN4818900000000	48	189	Hale County, TX	2019	NA	12210	11663	547	4.5
CN4819100000000	48	191	Hall County, TX	2019	NA	1073	1029	44	4.1
CN4819300000000	48	193	Hamilton County, TX	2019	NA	3672	3561	111	3
CN4819500000000	48	195	Hansford County, TX	2019	NA	2779	2714	65	2.3
CN4819700000000	48	197	Hardeman County, TX	2019	NA	1722	1670	52	3
CN4819900000000	48	199	Hardin County, TX	2019	NA	25321	24158	1163	4.6
CN4820100000000	48	201	Harris County, TX	2019	NA	2317346	2228703	88643	3.8
CN4820300000000	48	203	Harrison County, TX	2019	NA	29485	28306	1179	4
CN4820500000000	48	205	Hartley County, TX	2019	NA	2802	2756	46	1.6
CN4820700000000	48	207	Haskell County, TX	2019	NA	2285	2210	75	3.3
CN4820900000000	48	209	Hays County, TX	2019	NA	119874	116574	3300	2.8
CN4821100000000	48	211	Hemphill County, TX	2019	NA	1937	1884	53	2.7
CN4821300000000	48	213	Henderson County, TX	2019	NA	36518	35239	1279	3.5
CN4821500000000	48	215	Hidalgo County, TX	2019	NA	352815	330817	21998	6.2
CN4821700000000	48	217	Hill County, TX	2019	NA	16409	15867	542	3.3
CN4821900000000	48	219	Hockley County, TX	2019	NA	11290	10956	334	3
CN4822100000000	48	221	Hood County, TX	2019	NA	27560	26625	935	3.4
CN4822300000000	48	223	Hopkins County, TX	2019	NA	17544	17008	536	3.1
CN4822500000000	48	225	Houston County, TX	2019	NA	10364	10039	325	3.1
CN4822700000000	48	227	Howard County, TX	2019	NA	14040	13604	436	3.1
CN4822900000000	48	229	Hudspeth County, TX	2019	NA	1827	1747	80	4.4
CN4823100000000	48	231	Hunt County, TX	2019	NA	43412	41871	1541	3.5
CN4823300000000	48	233	Hutchinson County, TX	2019	NA	8701	8315	386	4.4
CN4823500000000	48	235	Irion County, TX	2019	NA	761	743	18	2.4
CN4823700000000	48	237	Jack County, TX	2019	NA	3471	3362	109	3.1
CN4823900000000	48	239	Jackson County, TX	2019	NA	7588	7360	228	3
CN4824100000000	48	241	Jasper County, TX	2019	NA	12869	12083	786	6.1
CN4824300000000	48	243	Jeff Davis County, TX	2019	NA	1040	1010	30	2.9
CN4824500000000	48	245	Jefferson County, TX	2019	NA	106962	100737	6225	5.8
CN4824700000000	48	247	Jim Hogg County, TX	2019	NA	1884	1794	90	4.8
CN4824900000000	48	249	Jim Wells County, TX	2019	NA	16852	16054	798	4.7
CN4825100000000	48	251	Johnson County, TX	2019	NA	82176	79532	2644	3.2
CN4825300000000	48	253	Jones County, TX	2019	NA	5738	5494	244	4.3
CN4825500000000	48	255	Karnes County, TX	2019	NA	7187	7008	179	2.5
CN4825700000000	48	257	Kaufman County, TX	2019	NA	64597	62485	2112	3.3
CN4825900000000	48	259	Kendall County, TX	2019	NA	22132	21533	599	2.7
CN4826100000000	48	261	Kenedy County, TX	2019	NA	223	215	8	3.6
CN4826300000000	48	263	Kent County, TX	2019	NA	478	467	11	2.3
CN4826500000000	48	265	Kerr County, TX	2019	NA	22251	21593	658	3
CN4826700000000	48	267	Kimble County, TX	2019	NA	1862	1805	57	3.1
CN4826900000000	48	269	King County, TX	2019	NA	233	228	5	2.1
CN4827100000000	48	271	Kinney County, TX	2019	NA	1377	1327	50	3.6
CN4827300000000	48	273	Kleberg County, TX	2019	NA	13496	12908	588	4.4
CN4827500000000	48	275	Knox County, TX	2019	NA	1444	1397	47	3.3
CN4827700000000	48	277	Lamar County, TX	2019	NA	24052	23241	811	3.4
CN4827900000000	48	279	Lamb County, TX	2019	NA	5311	5108	203	3.8
CN4828100000000	48	281	Lampasas County, TX	2019	NA	9212	8910	302	3.3
CN4828300000000	48	283	La Salle County, TX	2019	NA	4401	4295	106	2.4
CN4828500000000	48	285	Lavaca County, TX	2019	NA	8590	8333	257	3
CN4828700000000	48	287	Lee County, TX	2019	NA	10120	9852	268	2.6
CN4828900000000	48	289	Leon County, TX	2019	NA	6325	6049	276	4.4
CN4829100000000	48	291	Liberty County, TX	2019	NA	33101	31432	1669	5
CN4829300000000	48	293	Limestone County, TX	2019	NA	8593	8260	333	3.9
CN4829500000000	48	295	Lipscomb County, TX	2019	NA	1650	1607	43	2.6
CN4829700000000	48	297	Live Oak County, TX	2019	NA	5564	5392	172	3.1
CN4829900000000	48	299	Llano County, TX	2019	NA	8679	8380	299	3.4
CN4830100000000	48	301	Loving County, TX	2019	NA	542	538	4	0.7
CN4830300000000	48	303	Lubbock County, TX	2019	NA	158134	153680	4454	2.8
CN4830500000000	48	305	Lynn County, TX	2019	NA	2775	2693	82	3
CN4830700000000	48	307	McCulloch County, TX	2019	NA	3488	3307	181	5.2
CN4830900000000	48	309	McLennan County, TX	2019	NA	119629	115668	3961	3.3
CN4831100000000	48	311	McMullen County, TX	2019	NA	821	808	13	1.6
CN4831300000000	48	313	Madison County, TX	2019	NA	4555	4361	194	4.3
CN4831500000000	48	315	Marion County, TX	2019	NA	4239	4058	181	4.3
CN4831700000000	48	317	Martin County, TX	2019	NA	2889	2814	75	2.6
CN4831900000000	48	319	Mason County, TX	2019	NA	1772	1715	57	3.2
CN4832100000000	48	321	Matagorda County, TX	2019	NA	16712	15766	946	5.7
CN4832300000000	48	323	Maverick County, TX	2019	NA	23803	22013	1790	7.5
CN4832500000000	48	325	Medina County, TX	2019	NA	21828	21142	686	3.1
CN4832700000000	48	327	Menard County, TX	2019	NA	862	832	30	3.5
CN4832900000000	48	329	Midland County, TX	2019	NA	107495	105290	2205	2.1
CN4833100000000	48	331	Milam County, TX	2019	NA	9788	9301	487	5
CN4833300000000	48	333	Mills County, TX	2019	NA	1904	1842	62	3.3
CN4833500000000	48	335	Mitchell County, TX	2019	NA	2325	2243	82	3.5
CN4833700000000	48	337	Montague County, TX	2019	NA	9323	9058	265	2.8
CN4833900000000	48	339	Montgomery County, TX	2019	NA	284078	274419	9659	3.4
CN4834100000000	48	341	Moore County, TX	2019	NA	10915	10660	255	2.3
CN4834300000000	48	343	Morris County, TX	2019	NA	4808	4552	256	5.3
CN4834500000000	48	345	Motley County, TX	2019	NA	483	466	17	3.5
CN4834700000000	48	347	Nacogdoches County, TX	2019	NA	28210	27153	1057	3.7
CN4834900000000	48	349	Navarro County, TX	2019	NA	24061	23283	778	3.2
CN4835100000000	48	351	Newton County, TX	2019	NA	5182	4858	324	6.3
CN4835300000000	48	353	Nolan County, TX	2019	NA	7066	6860	206	2.9
CN4835500000000	48	355	Nueces County, TX	2019	NA	167411	160536	6875	4.1
CN4835700000000	48	357	Ochiltree County, TX	2019	NA	4330	4213	117	2.7
CN4835900000000	48	359	Oldham County, TX	2019	NA	916	890	26	2.8
CN4836100000000	48	361	Orange County, TX	2019	NA	36395	34518	1877	5.2
CN4836300000000	48	363	Palo Pinto County, TX	2019	NA	13602	13175	427	3.1
CN4836500000000	48	365	Panola County, TX	2019	NA	10208	9799	409	4
CN4836700000000	48	367	Parker County, TX	2019	NA	67332	65373	1959	2.9
CN4836900000000	48	369	Parmer County, TX	2019	NA	4897	4787	110	2.2
CN4837100000000	48	371	Pecos County, TX	2019	NA	6397	6188	209	3.3
CN4837300000000	48	373	Polk County, TX	2019	NA	18023	17171	852	4.7
CN4837500000000	48	375	Potter County, TX	2019	NA	55183	53668	1515	2.7
CN4837700000000	48	377	Presidio County, TX	2019	NA	3104	2902	202	6.5
CN4837900000000	48	379	Rains County, TX	2019	NA	6044	5862	182	3
CN4838100000000	48	381	Randall County, TX	2019	NA	72066	70315	1751	2.4
CN4838300000000	48	383	Reagan County, TX	2019	NA	1909	1861	48	2.5
CN4838500000000	48	385	Real County, TX	2019	NA	1062	1020	42	4
CN4838700000000	48	387	Red River County, TX	2019	NA	5108	4873	235	4.6
CN4838900000000	48	389	Reeves County, TX	2019	NA	11403	11209	194	1.7
CN4839100000000	48	391	Refugio County, TX	2019	NA	3154	3036	118	3.7
CN4839300000000	48	393	Roberts County, TX	2019	NA	418	405	13	3.1
CN4839500000000	48	395	Robertson County, TX	2019	NA	7656	7383	273	3.6
CN4839700000000	48	397	Rockwall County, TX	2019	NA	52083	50482	1601	3.1
CN4839900000000	48	399	Runnels County, TX	2019	NA	4604	4475	129	2.8
CN4840100000000	48	401	Rusk County, TX	2019	NA	23074	22251	823	3.6
CN4840300000000	48	403	Sabine County, TX	2019	NA	3737	3490	247	6.6
CN4840500000000	48	405	San Augustine County, TX	2019	NA	3402	3240	162	4.8
CN4840700000000	48	407	San Jacinto County, TX	2019	NA	11749	11211	538	4.6
CN4840900000000	48	409	San Patricio County, TX	2019	NA	29906	28278	1628	5.4
CN4841100000000	48	411	San Saba County, TX	2019	NA	2569	2494	75	2.9
CN4841300000000	48	413	Schleicher County, TX	2019	NA	1323	1285	38	2.9
CN4841500000000	48	415	Scurry County, TX	2019	NA	6736	6518	218	3.2
CN4841700000000	48	417	Shackelford County, TX	2019	NA	1910	1868	42	2.2
CN4841900000000	48	419	Shelby County, TX	2019	NA	11178	10738	440	3.9
CN4842100000000	48	421	Sherman County, TX	2019	NA	1379	1347	32	2.3
CN4842300000000	48	423	Smith County, TX	2019	NA	107171	103584	3587	3.3
CN4842500000000	48	425	Somervell County, TX	2019	NA	4364	4209	155	3.6
CN4842700000000	48	427	Starr County, TX	2019	NA	25227	22745	2482	9.8
CN4842900000000	48	429	Stephens County, TX	2019	NA	4109	3983	126	3.1
CN4843100000000	48	431	Sterling County, TX	2019	NA	579	561	18	3.1
CN4843300000000	48	433	Stonewall County, TX	2019	NA	588	571	17	2.9
CN4843500000000	48	435	Sutton County, TX	2019	NA	1414	1361	53	3.7
CN4843700000000	48	437	Swisher County, TX	2019	NA	2628	2531	97	3.7
CN4843900000000	48	439	Tarrant County, TX	2019	NA	1082571	1046916	35655	3.3
CN4844100000000	48	441	Taylor County, TX	2019	NA	66926	65005	1921	2.9
CN4844300000000	48	443	Terrell County, TX	2019	NA	377	364	13	3.4
CN4844500000000	48	445	Terry County, TX	2019	NA	5006	4823	183	3.7
CN4844700000000	48	447	Throckmorton County, TX	2019	NA	656	631	25	3.8
CN4844900000000	48	449	Titus County, TX	2019	NA	12976	12435	541	4.2
CN4845100000000	48	451	Tom Green County, TX	2019	NA	54568	52917	1651	3
CN4845300000000	48	453	Travis County, TX	2019	NA	741101	722054	19047	2.6
CN4845500000000	48	455	Trinity County, TX	2019	NA	5317	5064	253	4.8
CN4845700000000	48	457	Tyler County, TX	2019	NA	7156	6744	412	5.8
CN4845900000000	48	459	Upshur County, TX	2019	NA	17914	17251	663	3.7
CN4846100000000	48	461	Upton County, TX	2019	NA	1675	1626	49	2.9
CN4846300000000	48	463	Uvalde County, TX	2019	NA	11501	11065	436	3.8
CN4846500000000	48	465	Val Verde County, TX	2019	NA	22932	22162	770	3.4
CN4846700000000	48	467	Van Zandt County, TX	2019	NA	26082	25233	849	3.3
CN4846900000000	48	469	Victoria County, TX	2019	NA	42854	41380	1474	3.4
CN4847100000000	48	471	Walker County, TX	2019	NA	24150	23214	936	3.9
CN4847300000000	48	473	Waller County, TX	2019	NA	23475	22597	878	3.7
CN4847500000000	48	475	Ward County, TX	2019	NA	7488	7316	172	2.3
CN4847700000000	48	477	Washington County, TX	2019	NA	15155	14656	499	3.3
CN4847900000000	48	479	Webb County, TX	2019	NA	118626	114247	4379	3.7
CN4848100000000	48	481	Wharton County, TX	2019	NA	21670	20935	735	3.4
CN4848300000000	48	483	Wheeler County, TX	2019	NA	2279	2210	69	3
CN4848500000000	48	485	Wichita County, TX	2019	NA	56362	54574	1788	3.2
CN4848700000000	48	487	Wilbarger County, TX	2019	NA	4975	4798	177	3.6
CN4848900000000	48	489	Willacy County, TX	2019	NA	6592	6052	540	8.2
CN4849100000000	48	491	Williamson County, TX	2019	NA	313899	305127	8772	2.8
CN4849300000000	48	493	Wilson County, TX	2019	NA	24876	24174	702	2.8
CN4849500000000	48	495	Winkler County, TX	2019	NA	4026	3913	113	2.8
CN4849700000000	48	497	Wise County, TX	2019	NA	31891	30864	1027	3.2
CN4849900000000	48	499	Wood County, TX	2019	NA	17693	17008	685	3.9
CN4850100000000	48	501	Yoakum County, TX	2019	NA	3750	3641	109	2.9
CN4850300000000	48	503	Young County, TX	2019	NA	8040	7802	238	3
CN4850500000000	48	505	Zapata County, TX	2019	NA	5045	4787	258	5.1
CN4850700000000	48	507	Zavala County, TX	2019	NA	3334	3050	284	8.5
CN4900100000000	49	001	Beaver County, UT	2019	NA	2869	2783	86	3
CN4900300000000	49	003	Box Elder County, UT	2019	NA	25904	25222	682	2.6
CN4900500000000	49	005	Cache County, UT	2019	NA	64176	62779	1397	2.2
CN4900700000000	49	007	Carbon County, UT	2019	NA	8517	8202	315	3.7
CN4900900000000	49	009	Daggett County, UT	2019	NA	393	378	15	3.8
CN4901100000000	49	011	Davis County, UT	2019	NA	173800	169589	4211	2.4
CN4901300000000	49	013	Duchesne County, UT	2019	NA	7762	7457	305	3.9
CN4901500000000	49	015	Emery County, UT	2019	NA	4312	4139	173	4
CN4901700000000	49	017	Garfield County, UT	2019	NA	2784	2611	173	6.2
CN4901900000000	49	019	Grand County, UT	2019	NA	6195	5953	242	3.9
CN4902100000000	49	021	Iron County, UT	2019	NA	24030	23326	704	2.9
CN4902300000000	49	023	Juab County, UT	2019	NA	5720	5576	144	2.5
CN4902500000000	49	025	Kane County, UT	2019	NA	3818	3707	111	2.9
CN4902700000000	49	027	Millard County, UT	2019	NA	5997	5832	165	2.8
CN4902900000000	49	029	Morgan County, UT	2019	NA	5563	5428	135	2.4
CN4903100000000	49	031	Piute County, UT	2019	NA	482	459	23	4.8
CN4903300000000	49	033	Rich County, UT	2019	NA	1172	1136	36	3.1
CN4903500000000	49	035	Salt Lake County, UT	2019	NA	634741	618767	15974	2.5
CN4903700000000	49	037	San Juan County, UT	2019	NA	5725	5435	290	5.1
CN4903900000000	49	039	Sanpete County, UT	2019	NA	12479	12081	398	3.2
CN4904100000000	49	041	Sevier County, UT	2019	NA	9741	9438	303	3.1
CN4904300000000	49	043	Summit County, UT	2019	NA	25039	24427	612	2.4
CN4904500000000	49	045	Tooele County, UT	2019	NA	34002	33024	978	2.9
CN4904700000000	49	047	Uintah County, UT	2019	NA	13671	13096	575	4.2
CN4904900000000	49	049	Utah County, UT	2019	NA	307609	300283	7326	2.4
CN4905100000000	49	051	Wasatch County, UT	2019	NA	16141	15705	436	2.7
CN4905300000000	49	053	Washington County, UT	2019	NA	76056	73806	2250	3
CN4905500000000	49	055	Wayne County, UT	2019	NA	1417	1339	78	5.5
CN4905700000000	49	057	Weber County, UT	2019	NA	127579	123806	3773	3
CN5000100000000	50	001	Addison County, VT	2019	NA	20566	20091	475	2.3
CN5000300000000	50	003	Bennington County, VT	2019	NA	18070	17539	531	2.9
CN5000500000000	50	005	Caledonia County, VT	2019	NA	14460	14030	430	3
CN5000700000000	50	007	Chittenden County, VT	2019	NA	96435	94707	1728	1.8
CN5000900000000	50	009	Essex County, VT	2019	NA	2682	2595	87	3.2
CN5001100000000	50	011	Franklin County, VT	2019	NA	27313	26674	639	2.3
CN5001300000000	50	013	Grand Isle County, VT	2019	NA	4041	3925	116	2.9
CN5001500000000	50	015	Lamoille County, VT	2019	NA	13888	13454	434	3.1
CN5001700000000	50	017	Orange County, VT	2019	NA	15905	15527	378	2.4
CN5001900000000	50	019	Orleans County, VT	2019	NA	13275	12713	562	4.2
CN5002100000000	50	021	Rutland County, VT	2019	NA	30446	29608	838	2.8
CN5002300000000	50	023	Washington County, VT	2019	NA	34360	33586	774	2.3
CN5002500000000	50	025	Windham County, VT	2019	NA	21977	21416	561	2.6
CN5002700000000	50	027	Windsor County, VT	2019	NA	28809	28205	604	2.1
CN5100100000000	51	001	Accomack County, VA	2019	NA	16708	16117	591	3.5
CN5100300000000	51	003	Albemarle County, VA	2019	NA	57688	56256	1432	2.5
CN5100500000000	51	005	Alleghany County, VA	2019	NA	6915	6677	238	3.4
CN5100700000000	51	007	Amelia County, VA	2019	NA	6323	6123	200	3.2
CN5100900000000	51	009	Amherst County, VA	2019	NA	15136	14651	485	3.2
CN5101100000000	51	011	Appomattox County, VA	2019	NA	7209	6959	250	3.5
CN5101300000000	51	013	Arlington County, VA	2019	NA	155769	152803	2966	1.9
CN5101500000000	51	015	Augusta County, VA	2019	NA	37722	36806	916	2.4
CN5101700000000	51	017	Bath County, VA	2019	NA	2509	2447	62	2.5
CN5101900000000	51	019	Bedford County, VA	2019	NA	38712	37606	1106	2.9
CN5102100000000	51	021	Bland County, VA	2019	NA	2856	2777	79	2.8
CN5102300000000	51	023	Botetourt County, VA	2019	NA	17494	17049	445	2.5
CN5102500000000	51	025	Brunswick County, VA	2019	NA	6066	5781	285	4.7
CN5102700000000	51	027	Buchanan County, VA	2019	NA	6739	6359	380	5.6
CN5102900000000	51	029	Buckingham County, VA	2019	NA	6475	6206	269	4.2
CN5103100000000	51	031	Campbell County, VA	2019	NA	26165	25349	816	3.1
CN5103300000000	51	033	Caroline County, VA	2019	NA	15369	14879	490	3.2
CN5103500000000	51	035	Carroll County, VA	2019	NA	13292	12818	474	3.6
CN5103600000000	51	036	Charles City County, VA	2019	NA	3692	3566	126	3.4
CN5103700000000	51	037	Charlotte County, VA	2019	NA	5297	5109	188	3.5
CN5104100000000	51	041	Chesterfield County, VA	2019	NA	189000	183821	5179	2.7
CN5104300000000	51	043	Clarke County, VA	2019	NA	7665	7476	189	2.5
CN5104500000000	51	045	Craig County, VA	2019	NA	2312	2238	74	3.2
CN5104700000000	51	047	Culpeper County, VA	2019	NA	24818	24175	643	2.6
CN5104900000000	51	049	Cumberland County, VA	2019	NA	4664	4523	141	3
CN5105100000000	51	051	Dickenson County, VA	2019	NA	4731	4497	234	4.9
CN5105300000000	51	053	Dinwiddie County, VA	2019	NA	13769	13319	450	3.3
CN5105700000000	51	057	Essex County, VA	2019	NA	5526	5330	196	3.5
CN5105900000000	51	059	Fairfax County, VA	2019	NA	641034	626394	14640	2.3
CN5106100000000	51	061	Fauquier County, VA	2019	NA	37567	36655	912	2.4
CN5106300000000	51	063	Floyd County, VA	2019	NA	8227	8014	213	2.6
CN5106500000000	51	065	Fluvanna County, VA	2019	NA	14021	13698	323	2.3
CN5106700000000	51	067	Franklin County, VA	2019	NA	26522	25742	780	2.9
CN5106900000000	51	069	Frederick County, VA	2019	NA	48459	47290	1169	2.4
CN5107100000000	51	071	Giles County, VA	2019	NA	7927	7669	258	3.3
CN5107300000000	51	073	Gloucester County, VA	2019	NA	19705	19198	507	2.6
CN5107500000000	51	075	Goochland County, VA	2019	NA	11302	10991	311	2.8
CN5107700000000	51	077	Grayson County, VA	2019	NA	8053	7819	234	2.9
CN5107900000000	51	079	Greene County, VA	2019	NA	10578	10331	247	2.3
CN5108100000000	51	081	Greensville County, VA	2019	NA	4307	4160	147	3.4
CN5108300000000	51	083	Halifax County, VA	2019	NA	15682	15066	616	3.9
CN5108500000000	51	085	Hanover County, VA	2019	NA	59705	58264	1441	2.4
CN5108700000000	51	087	Henrico County, VA	2019	NA	183486	178372	5114	2.8
CN5108900000000	51	089	Henry County, VA	2019	NA	23868	23069	799	3.3
CN5109100000000	51	091	Highland County, VA	2019	NA	1248	1214	34	2.7
CN5109300000000	51	093	Isle of Wight County, VA	2019	NA	19570	19017	553	2.8
CN5109500000000	51	095	James City County, VA	2019	NA	36841	35860	981	2.7
CN5109700000000	51	097	King and Queen County, VA	2019	NA	3871	3763	108	2.8
CN5109900000000	51	099	King George County, VA	2019	NA	13515	13157	358	2.6
CN5110100000000	51	101	King William County, VA	2019	NA	9228	8976	252	2.7
CN5110300000000	51	103	Lancaster County, VA	2019	NA	5464	5230	234	4.3
CN5110500000000	51	105	Lee County, VA	2019	NA	8306	7967	339	4.1
CN5110700000000	51	107	Loudoun County, VA	2019	NA	224573	219414	5159	2.3
CN5110900000000	51	109	Louisa County, VA	2019	NA	20049	19517	532	2.7
CN5111100000000	51	111	Lunenburg County, VA	2019	NA	5338	5169	169	3.2
CN5111300000000	51	113	Madison County, VA	2019	NA	7461	7295	166	2.2
CN5111500000000	51	115	Mathews County, VA	2019	NA	4169	4048	121	2.9
CN5111700000000	51	117	Mecklenburg County, VA	2019	NA	12613	12105	508	4
CN5111900000000	51	119	Middlesex County, VA	2019	NA	5319	5181	138	2.6
CN5112100000000	51	121	Montgomery County, VA	2019	NA	50364	48937	1427	2.8
CN5112500000000	51	125	Nelson County, VA	2019	NA	7508	7300	208	2.8
CN5112700000000	51	127	New Kent County, VA	2019	NA	12577	12277	300	2.4
CN5113100000000	51	131	Northampton County, VA	2019	NA	5485	5241	244	4.4
CN5113300000000	51	133	Northumberland County, VA	2019	NA	5704	5458	246	4.3
CN5113500000000	51	135	Nottoway County, VA	2019	NA	7298	7095	203	2.8
CN5113700000000	51	137	Orange County, VA	2019	NA	17480	16961	519	3
CN5113900000000	51	139	Page County, VA	2019	NA	12065	11601	464	3.8
CN5114100000000	51	141	Patrick County, VA	2019	NA	7342	7084	258	3.5
CN5114300000000	51	143	Pittsylvania County, VA	2019	NA	30210	29191	1019	3.4
CN5114500000000	51	145	Powhatan County, VA	2019	NA	14253	13892	361	2.5
CN5114700000000	51	147	Prince Edward County, VA	2019	NA	10444	10051	393	3.8
CN5114900000000	51	149	Prince George County, VA	2019	NA	15206	14695	511	3.4
CN5115300000000	51	153	Prince William County, VA	2019	NA	247826	241558	6268	2.5
CN5115500000000	51	155	Pulaski County, VA	2019	NA	16149	15594	555	3.4
CN5115700000000	51	157	Rappahannock County, VA	2019	NA	3727	3633	94	2.5
CN5115900000000	51	159	Richmond County, VA	2019	NA	4097	3976	121	3
CN5116100000000	51	161	Roanoke County, VA	2019	NA	49611	48349	1262	2.5
CN5116300000000	51	163	Rockbridge County, VA	2019	NA	10819	10523	296	2.7
CN5116500000000	51	165	Rockingham County, VA	2019	NA	42151	41146	1005	2.4
CN5116700000000	51	167	Russell County, VA	2019	NA	11227	10754	473	4.2
CN5116900000000	51	169	Scott County, VA	2019	NA	9149	8863	286	3.1
CN5117100000000	51	171	Shenandoah County, VA	2019	NA	22426	21863	563	2.5
CN5117300000000	51	173	Smyth County, VA	2019	NA	13811	13296	515	3.7
CN5117500000000	51	175	Southampton County, VA	2019	NA	9139	8895	244	2.7
CN5117700000000	51	177	Spotsylvania County, VA	2019	NA	67663	65697	1966	2.9
CN5117900000000	51	179	Stafford County, VA	2019	NA	72712	70711	2001	2.8
CN5118100000000	51	181	Surry County, VA	2019	NA	3695	3568	127	3.4
CN5118300000000	51	183	Sussex County, VA	2019	NA	3833	3660	173	4.5
CN5118500000000	51	185	Tazewell County, VA	2019	NA	15748	15060	688	4.4
CN5118700000000	51	187	Warren County, VA	2019	NA	20611	20032	579	2.8
CN5119100000000	51	191	Washington County, VA	2019	NA	26806	25919	887	3.3
CN5119300000000	51	193	Westmoreland County, VA	2019	NA	9538	9204	334	3.5
CN5119500000000	51	195	Wise County, VA	2019	NA	13432	12809	623	4.6
CN5119700000000	51	197	Wythe County, VA	2019	NA	13776	13282	494	3.6
CN5119900000000	51	199	York County, VA	2019	NA	32989	32110	879	2.7
CN5151000000000	51	510	Alexandria city, VA	2019	NA	102254	100093	2161	2.1
CN5152000000000	51	520	Bristol city, VA	2019	NA	7218	6946	272	3.8
CN5153000000000	51	530	Buena Vista city, VA	2019	NA	3436	3342	94	2.7
CN5154000000000	51	540	Charlottesville city, VA	2019	NA	26642	26011	631	2.4
CN5155000000000	51	550	Chesapeake city, VA	2019	NA	123523	119957	3566	2.9
CN5157000000000	51	570	Colonial Heights city, VA	2019	NA	8877	8593	284	3.2
CN5158000000000	51	580	Covington city, VA	2019	NA	2393	2293	100	4.2
CN5159000000000	51	590	Danville city, VA	2019	NA	19226	18261	965	5
CN5159500000000	51	595	Emporia city, VA	2019	NA	2303	2189	114	5
CN5160000000000	51	600	Fairfax city, VA	2019	NA	13573	13284	289	2.1
CN5161000000000	51	610	Falls Church city, VA	2019	NA	8676	8499	177	2
CN5162000000000	51	620	Franklin city, VA	2019	NA	3598	3453	145	4
CN5163000000000	51	630	Fredericksburg city, VA	2019	NA	14282	13803	479	3.4
CN5164000000000	51	640	Galax city, VA	2019	NA	2932	2836	96	3.3
CN5165000000000	51	650	Hampton city, VA	2019	NA	64807	62353	2454	3.8
CN5166000000000	51	660	Harrisonburg city, VA	2019	NA	25153	24345	808	3.2
CN5167000000000	51	670	Hopewell city, VA	2019	NA	9757	9341	416	4.3
CN5167800000000	51	678	Lexington city, VA	2019	NA	2099	2001	98	4.7
CN5168000000000	51	680	Lynchburg city, VA	2019	NA	36598	35238	1360	3.7
CN5168300000000	51	683	Manassas city, VA	2019	NA	22253	21696	557	2.5
CN5168500000000	51	685	Manassas Park city, VA	2019	NA	9462	9228	234	2.5
CN5169000000000	51	690	Martinsville city, VA	2019	NA	5501	5274	227	4.1
CN5170000000000	51	700	Newport News city, VA	2019	NA	89406	86310	3096	3.5
CN5171000000000	51	710	Norfolk city, VA	2019	NA	112364	108487	3877	3.5
CN5172000000000	51	720	Norton city, VA	2019	NA	1687	1625	62	3.7
CN5173000000000	51	730	Petersburg city, VA	2019	NA	13129	12396	733	5.6
CN5173500000000	51	735	Poquoson city, VA	2019	NA	6427	6271	156	2.4
CN5174000000000	51	740	Portsmouth city, VA	2019	NA	44566	42831	1735	3.9
CN5175000000000	51	750	Radford city, VA	2019	NA	8688	8377	311	3.6
CN5176000000000	51	760	Richmond city, VA	2019	NA	119265	115360	3905	3.3
CN5177000000000	51	770	Roanoke city, VA	2019	NA	49397	47900	1497	3
CN5177500000000	51	775	Salem city, VA	2019	NA	13037	12677	360	2.8
CN5179000000000	51	790	Staunton city, VA	2019	NA	12314	11986	328	2.7
CN5180000000000	51	800	Suffolk city, VA	2019	NA	44928	43564	1364	3
CN5181000000000	51	810	Virginia Beach city, VA	2019	NA	234597	228266	6331	2.7
CN5182000000000	51	820	Waynesboro city, VA	2019	NA	10762	10451	311	2.9
CN5183000000000	51	830	Williamsburg city, VA	2019	NA	6736	6475	261	3.9
CN5184000000000	51	840	Winchester city, VA	2019	NA	14892	14480	412	2.8
CN5300100000000	53	001	Adams County, WA	2019	NA	9870	9312	558	5.7
CN5300300000000	53	003	Asotin County, WA	2019	NA	10400	9969	431	4.1
CN5300500000000	53	005	Benton County, WA	2019	NA	103169	97773	5396	5.2
CN5300700000000	53	007	Chelan County, WA	2019	NA	45113	42911	2202	4.9
CN5300900000000	53	009	Clallam County, WA	2019	NA	28886	26980	1906	6.6
CN5301100000000	53	011	Clark County, WA	2019	NA	241901	230422	11479	4.7
CN5301300000000	53	013	Columbia County, WA	2019	NA	1848	1747	101	5.5
CN5301500000000	53	015	Cowlitz County, WA	2019	NA	47949	45086	2863	6
CN5301700000000	53	017	Douglas County, WA	2019	NA	21968	20731	1237	5.6
CN5301900000000	53	019	Ferry County, WA	2019	NA	2499	2216	283	11.3
CN5302100000000	53	021	Franklin County, WA	2019	NA	43132	40383	2749	6.4
CN5302300000000	53	023	Garfield County, WA	2019	NA	918	868	50	5.4
CN5302500000000	53	025	Grant County, WA	2019	NA	46990	43751	3239	6.9
CN5302700000000	53	027	Grays Harbor County, WA	2019	NA	29008	26961	2047	7.1
CN5302900000000	53	029	Island County, WA	2019	NA	36116	34294	1822	5
CN5303100000000	53	031	Jefferson County, WA	2019	NA	12938	12209	729	5.6
CN5303300000000	53	033	King County, WA	2019	NA	1290480	1254638	35842	2.8
CN5303500000000	53	035	Kitsap County, WA	2019	NA	128764	122887	5877	4.6
CN5303700000000	53	037	Kittitas County, WA	2019	NA	23177	21905	1272	5.5
CN5303900000000	53	039	Klickitat County, WA	2019	NA	10314	9712	602	5.8
CN5304100000000	53	041	Lewis County, WA	2019	NA	34996	32841	2155	6.2
CN5304300000000	53	043	Lincoln County, WA	2019	NA	5031	4779	252	5
CN5304500000000	53	045	Mason County, WA	2019	NA	25325	23733	1592	6.3
CN5304700000000	53	047	Okanogan County, WA	2019	NA	20346	18964	1382	6.8
CN5304900000000	53	049	Pacific County, WA	2019	NA	8603	8007	596	6.9
CN5305100000000	53	051	Pend Oreille County, WA	2019	NA	5074	4674	400	7.9
CN5305300000000	53	053	Pierce County, WA	2019	NA	442094	419394	22700	5.1
CN5305500000000	53	055	San Juan County, WA	2019	NA	8674	8349	325	3.7
CN5305700000000	53	057	Skagit County, WA	2019	NA	63069	59644	3425	5.4
CN5305900000000	53	059	Skamania County, WA	2019	NA	5555	5252	303	5.5
CN5306100000000	53	061	Snohomish County, WA	2019	NA	439464	426100	13364	3
CN5306300000000	53	063	Spokane County, WA	2019	NA	255027	241655	13372	5.2
CN5306500000000	53	065	Stevens County, WA	2019	NA	19062	17726	1336	7
CN5306700000000	53	067	Thurston County, WA	2019	NA	142896	135982	6914	4.8
CN5306900000000	53	069	Wahkiakum County, WA	2019	NA	1375	1283	92	6.7
CN5307100000000	53	071	Walla Walla County, WA	2019	NA	30252	28760	1492	4.9
CN5307300000000	53	073	Whatcom County, WA	2019	NA	115413	109672	5741	5
CN5307500000000	53	075	Whitman County, WA	2019	NA	23996	22958	1038	4.3
CN5307700000000	53	077	Yakima County, WA	2019	NA	132466	123185	9281	7
CN5400100000000	54	001	Barbour County, WV	2019	NA	7189	6760	429	6
CN5400300000000	54	003	Berkeley County, WV	2019	NA	58635	56569	2066	3.5
CN5400500000000	54	005	Boone County, WV	2019	NA	7443	7036	407	5.5
CN5400700000000	54	007	Braxton County, WV	2019	NA	5245	4857	388	7.4
CN5400900000000	54	009	Brooke County, WV	2019	NA	10013	9488	525	5.2
CN5401100000000	54	011	Cabell County, WV	2019	NA	41620	39889	1731	4.2
CN5401300000000	54	013	Calhoun County, WV	2019	NA	2558	2226	332	13
CN5401500000000	54	015	Clay County, WV	2019	NA	3148	2879	269	8.5
CN5401700000000	54	017	Doddridge County, WV	2019	NA	4011	3834	177	4.4
CN5401900000000	54	019	Fayette County, WV	2019	NA	16286	15363	923	5.7
CN5402100000000	54	021	Gilmer County, WV	2019	NA	2384	2221	163	6.8
CN5402300000000	54	023	Grant County, WV	2019	NA	5959	5632	327	5.5
CN5402500000000	54	025	Greenbrier County, WV	2019	NA	16005	15266	739	4.6
CN5402700000000	54	027	Hampshire County, WV	2019	NA	10799	10384	415	3.8
CN5402900000000	54	029	Hancock County, WV	2019	NA	13094	12418	676	5.2
CN5403100000000	54	031	Hardy County, WV	2019	NA	5804	5507	297	5.1
CN5403300000000	54	033	Harrison County, WV	2019	NA	34765	33229	1536	4.4
CN5403500000000	54	035	Jackson County, WV	2019	NA	13478	12808	670	5
CN5403700000000	54	037	Jefferson County, WV	2019	NA	30464	29527	937	3.1
CN5403900000000	54	039	Kanawha County, WV	2019	NA	82440	78647	3793	4.6
CN5404100000000	54	041	Lewis County, WV	2019	NA	6851	6428	423	6.2
CN5404300000000	54	043	Lincoln County, WV	2019	NA	7213	6757	456	6.3
CN5404500000000	54	045	Logan County, WV	2019	NA	11157	10492	665	6
CN5404700000000	54	047	McDowell County, WV	2019	NA	4451	4041	410	9.2
CN5404900000000	54	049	Marion County, WV	2019	NA	25621	24324	1297	5.1
CN5405100000000	54	051	Marshall County, WV	2019	NA	14268	13366	902	6.3
CN5405300000000	54	053	Mason County, WV	2019	NA	10227	9615	612	6
CN5405500000000	54	055	Mercer County, WV	2019	NA	21036	19843	1193	5.7
CN5405700000000	54	057	Mineral County, WV	2019	NA	12701	11980	721	5.7
CN5405900000000	54	059	Mingo County, WV	2019	NA	6894	6422	472	6.8
CN5406100000000	54	061	Monongalia County, WV	2019	NA	54746	52749	1997	3.6
CN5406300000000	54	063	Monroe County, WV	2019	NA	5979	5718	261	4.4
CN5406500000000	54	065	Morgan County, WV	2019	NA	8191	7874	317	3.9
CN5406700000000	54	067	Nicholas County, WV	2019	NA	9521	8920	601	6.3
CN5406900000000	54	069	Ohio County, WV	2019	NA	21367	20407	960	4.5
CN5407100000000	54	071	Pendleton County, WV	2019	NA	3701	3559	142	3.8
CN5407300000000	54	073	Pleasants County, WV	2019	NA	2924	2724	200	6.8
CN5407500000000	54	075	Pocahontas County, WV	2019	NA	3891	3670	221	5.7
CN5407700000000	54	077	Preston County, WV	2019	NA	15617	14904	713	4.6
CN5407900000000	54	079	Putnam County, WV	2019	NA	26795	25630	1165	4.3
CN5408100000000	54	081	Raleigh County, WV	2019	NA	30525	29093	1432	4.7
CN5408300000000	54	083	Randolph County, WV	2019	NA	12352	11617	735	6
CN5408500000000	54	085	Ritchie County, WV	2019	NA	4405	4156	249	5.7
CN5408700000000	54	087	Roane County, WV	2019	NA	5145	4654	491	9.5
CN5408900000000	54	089	Summers County, WV	2019	NA	4340	4102	238	5.5
CN5409100000000	54	091	Taylor County, WV	2019	NA	7920	7537	383	4.8
CN5409300000000	54	093	Tucker County, WV	2019	NA	3361	3186	175	5.2
CN5409500000000	54	095	Tyler County, WV	2019	NA	3145	2900	245	7.8
CN5409700000000	54	097	Upshur County, WV	2019	NA	9613	9040	573	6
CN5409900000000	54	099	Wayne County, WV	2019	NA	15838	14983	855	5.4
CN5410100000000	54	101	Webster County, WV	2019	NA	3326	3116	210	6.3
CN5410300000000	54	103	Wetzel County, WV	2019	NA	6656	6174	482	7.2
CN5410500000000	54	105	Wirt County, WV	2019	NA	2303	2122	181	7.9
CN5410700000000	54	107	Wood County, WV	2019	NA	36845	34970	1875	5.1
CN5410900000000	54	109	Wyoming County, WV	2019	NA	6706	6240	466	6.9
CN5500100000000	55	001	Adams County, WI	2019	NA	8153	7733	420	5.2
CN5500300000000	55	003	Ashland County, WI	2019	NA	7915	7536	379	4.8
CN5500500000000	55	005	Barron County, WI	2019	NA	24406	23428	978	4
CN5500700000000	55	007	Bayfield County, WI	2019	NA	7591	7165	426	5.6
CN5500900000000	55	009	Brown County, WI	2019	NA	141886	137489	4397	3.1
CN5501100000000	55	011	Buffalo County, WI	2019	NA	6466	6194	272	4.2
CN5501300000000	55	013	Burnett County, WI	2019	NA	7133	6752	381	5.3
CN5501500000000	55	015	Calumet County, WI	2019	NA	27565	26791	774	2.8
CN5501700000000	55	017	Chippewa County, WI	2019	NA	33181	31909	1272	3.8
CN5501900000000	55	019	Clark County, WI	2019	NA	17737	17151	586	3.3
CN5502100000000	55	021	Columbia County, WI	2019	NA	31587	30606	981	3.1
CN5502300000000	55	023	Crawford County, WI	2019	NA	7622	7297	325	4.3
CN5502500000000	55	025	Dane County, WI	2019	NA	321677	313824	7853	2.4
CN5502700000000	55	027	Dodge County, WI	2019	NA	47544	46107	1437	3
CN5502900000000	55	029	Door County, WI	2019	NA	15288	14706	582	3.8
CN5503100000000	55	031	Douglas County, WI	2019	NA	23029	22058	971	4.2
CN5503300000000	55	033	Dunn County, WI	2019	NA	24111	23257	854	3.5
CN5503500000000	55	035	Eau Claire County, WI	2019	NA	58872	57071	1801	3.1
CN5503700000000	55	037	Florence County, WI	2019	NA	2221	2115	106	4.8
CN5503900000000	55	039	Fond du Lac County, WI	2019	NA	57386	55701	1685	2.9
CN5504100000000	55	041	Forest County, WI	2019	NA	4012	3803	209	5.2
CN5504300000000	55	043	Grant County, WI	2019	NA	27861	26962	899	3.2
CN5504500000000	55	045	Green County, WI	2019	NA	21049	20441	608	2.9
CN5504700000000	55	047	Green Lake County, WI	2019	NA	9456	9086	370	3.9
CN5504900000000	55	049	Iowa County, WI	2019	NA	13731	13334	397	2.9
CN5505100000000	55	051	Iron County, WI	2019	NA	2542	2388	154	6.1
CN5505300000000	55	053	Jackson County, WI	2019	NA	10276	9876	400	3.9
CN5505500000000	55	055	Jefferson County, WI	2019	NA	45857	44416	1441	3.1
CN5505700000000	55	057	Juneau County, WI	2019	NA	13446	12999	447	3.3
CN5505900000000	55	059	Kenosha County, WI	2019	NA	89403	85858	3545	4
CN5506100000000	55	061	Kewaunee County, WI	2019	NA	11042	10686	356	3.2
CN5506300000000	55	063	La Crosse County, WI	2019	NA	66318	64391	1927	2.9
CN5506500000000	55	065	Lafayette County, WI	2019	NA	10099	9829	270	2.7
CN5506700000000	55	067	Langlade County, WI	2019	NA	9321	8932	389	4.2
CN5506900000000	55	069	Lincoln County, WI	2019	NA	15071	14509	562	3.7
CN5507100000000	55	071	Manitowoc County, WI	2019	NA	40987	39589	1398	3.4
CN5507300000000	55	073	Marathon County, WI	2019	NA	73551	71419	2132	2.9
CN5507500000000	55	075	Marinette County, WI	2019	NA	19466	18573	893	4.6
CN5507700000000	55	077	Marquette County, WI	2019	NA	7714	7409	305	4
CN5507800000000	55	078	Menominee County, WI	2019	NA	1629	1498	131	8
CN5507900000000	55	079	Milwaukee County, WI	2019	NA	466908	448251	18657	4
CN5508100000000	55	081	Monroe County, WI	2019	NA	23377	22672	705	3
CN5508300000000	55	083	Oconto County, WI	2019	NA	20575	19830	745	3.6
CN5508500000000	55	085	Oneida County, WI	2019	NA	17846	17071	775	4.3
CN5508700000000	55	087	Outagamie County, WI	2019	NA	103135	100059	3076	3
CN5508900000000	55	089	Ozaukee County, WI	2019	NA	49030	47625	1405	2.9
CN5509100000000	55	091	Pepin County, WI	2019	NA	4147	3991	156	3.8
CN5509300000000	55	093	Pierce County, WI	2019	NA	25369	24504	865	3.4
CN5509500000000	55	095	Polk County, WI	2019	NA	24519	23519	1000	4.1
CN5509700000000	55	097	Portage County, WI	2019	NA	38592	37327	1265	3.3
CN5509900000000	55	099	Price County, WI	2019	NA	6493	6207	286	4.4
CN5510100000000	55	101	Racine County, WI	2019	NA	98585	94556	4029	4.1
CN5510300000000	55	103	Richland County, WI	2019	NA	9219	8926	293	3.2
CN5510500000000	55	105	Rock County, WI	2019	NA	85330	82147	3183	3.7
CN5510700000000	55	107	Rusk County, WI	2019	NA	6723	6393	330	4.9
CN5510900000000	55	109	St. Croix County, WI	2019	NA	50446	48754	1692	3.4
CN5511100000000	55	111	Sauk County, WI	2019	NA	35576	34533	1043	2.9
CN5511300000000	55	113	Sawyer County, WI	2019	NA	7962	7582	380	4.8
CN5511500000000	55	115	Shawano County, WI	2019	NA	21024	20342	682	3.2
CN5511700000000	55	117	Sheboygan County, WI	2019	NA	62144	60436	1708	2.7
CN5511900000000	55	119	Taylor County, WI	2019	NA	10973	10566	407	3.7
CN5512100000000	55	121	Trempealeau County, WI	2019	NA	15952	15374	578	3.6
CN5512300000000	55	123	Vernon County, WI	2019	NA	15278	14772	506	3.3
CN5512500000000	55	125	Vilas County, WI	2019	NA	10154	9721	433	4.3
CN5512700000000	55	127	Walworth County, WI	2019	NA	57872	55975	1897	3.3
CN5512900000000	55	129	Washburn County, WI	2019	NA	7858	7536	322	4.1
CN5513100000000	55	131	Washington County, WI	2019	NA	77161	74950	2211	2.9
CN5513300000000	55	133	Waukesha County, WI	2019	NA	224731	218151	6580	2.9
CN5513500000000	55	135	Waupaca County, WI	2019	NA	25943	25093	850	3.3
CN5513700000000	55	137	Waushara County, WI	2019	NA	11422	10955	467	4.1
CN5513900000000	55	139	Winnebago County, WI	2019	NA	91474	88728	2746	3
CN5514100000000	55	141	Wood County, WI	2019	NA	35136	33786	1350	3.8
CN5600100000000	56	001	Albany County, WY	2019	NA	20216	19595	621	3.1
CN5600300000000	56	003	Big Horn County, WY	2019	NA	5306	5083	223	4.2
CN5600500000000	56	005	Campbell County, WY	2019	NA	23242	22389	853	3.7
CN5600700000000	56	007	Carbon County, WY	2019	NA	7982	7720	262	3.3
CN5600900000000	56	009	Converse County, WY	2019	NA	8694	8456	238	2.7
CN5601100000000	56	011	Crook County, WY	2019	NA	3710	3593	117	3.2
CN5601300000000	56	013	Fremont County, WY	2019	NA	18635	17811	824	4.4
CN5601500000000	56	015	Goshen County, WY	2019	NA	6625	6387	238	3.6
CN5601700000000	56	017	Hot Springs County, WY	2019	NA	2176	2099	77	3.5
CN5601900000000	56	019	Johnson County, WY	2019	NA	4183	4032	151	3.6
CN5602100000000	56	021	Laramie County, WY	2019	NA	48491	46813	1678	3.5
CN5602300000000	56	023	Lincoln County, WY	2019	NA	8876	8581	295	3.3
CN5602500000000	56	025	Natrona County, WY	2019	NA	39348	37804	1544	3.9
CN5602700000000	56	027	Niobrara County, WY	2019	NA	1239	1205	34	2.7
CN5602900000000	56	029	Park County, WY	2019	NA	15459	14839	620	4
CN5603100000000	56	031	Platte County, WY	2019	NA	4660	4501	159	3.4
CN5603300000000	56	033	Sheridan County, WY	2019	NA	15653	15111	542	3.5
CN5603500000000	56	035	Sublette County, WY	2019	NA	4129	3947	182	4.4
CN5603700000000	56	037	Sweetwater County, WY	2019	NA	21274	20446	828	3.9
CN5603900000000	56	039	Teton County, WY	2019	NA	15575	15151	424	2.7
CN5604100000000	56	041	Uinta County, WY	2019	NA	9035	8682	353	3.9
CN5604300000000	56	043	Washakie County, WY	2019	NA	3941	3786	155	3.9
CN5604500000000	56	045	Weston County, WY	2019	NA	3811	3701	110	2.9
CN7200100000000	72	001	Adjuntas Municipio, PR	2019	NA	4115	3485	630	15.3
CN7200300000000	72	003	Aguada Municipio, PR	2019	NA	11743	10553	1190	10.1
CN7200500000000	72	005	Aguadilla Municipio, PR	2019	NA	14350	12881	1469	10.2
CN7200700000000	72	007	Aguas Buenas Municipio, PR	2019	NA	6434	5846	588	9.1
CN7200900000000	72	009	Aibonito Municipio, PR	2019	NA	6392	5722	670	10.5
CN7201100000000	72	011	Anasco Municipio, PR	2019	NA	8706	7967	739	8.5
CN7201300000000	72	013	Arecibo Municipio, PR	2019	NA	23668	21413	2255	9.5
CN7201500000000	72	015	Arroyo Municipio, PR	2019	NA	4605	3985	620	13.5
CN7201700000000	72	017	Barceloneta Municipio, PR	2019	NA	5827	5170	657	11.3
CN7201900000000	72	019	Barranquitas Municipio, PR	2019	NA	7261	6627	634	8.7
CN7202100000000	72	021	Bayamon Municipio, PR	2019	NA	64124	60109	4015	6.3
CN7202300000000	72	023	Cabo Rojo Municipio, PR	2019	NA	13373	12214	1159	8.7
CN7202500000000	72	025	Caguas Municipio, PR	2019	NA	46941	43764	3177	6.8
CN7202700000000	72	027	Camuy Municipio, PR	2019	NA	9402	8597	805	8.6
CN7202900000000	72	029	Canovanas Municipio, PR	2019	NA	15767	14727	1040	6.6
CN7203100000000	72	031	Carolina Municipio, PR	2019	NA	60399	56855	3544	5.9
CN7203300000000	72	033	Catano Municipio, PR	2019	NA	7694	7140	554	7.2
CN7203500000000	72	035	Cayey Municipio, PR	2019	NA	15836	14727	1109	7
CN7203700000000	72	037	Ceiba Municipio, PR	2019	NA	3658	3278	380	10.4
CN7203900000000	72	039	Ciales Municipio, PR	2019	NA	3651	3248	403	11
CN7204100000000	72	041	Cidra Municipio, PR	2019	NA	15237	14195	1042	6.8
CN7204300000000	72	043	Coamo Municipio, PR	2019	NA	9853	8647	1206	12.2
CN7204500000000	72	045	Comerio Municipio, PR	2019	NA	4817	4389	428	8.9
CN7204700000000	72	047	Corozal Municipio, PR	2019	NA	8806	8002	804	9.1
CN7204900000000	72	049	Culebra Municipio, PR	2019	NA	893	866	27	3
CN7205100000000	72	051	Dorado Municipio, PR	2019	NA	12937	12205	732	5.7
CN7205300000000	72	053	Fajardo Municipio, PR	2019	NA	10804	9644	1160	10.7
CN7205400000000	72	054	Florida Municipio, PR	2019	NA	3269	2914	355	10.9
CN7205500000000	72	055	Guanica Municipio, PR	2019	NA	3947	3364	583	14.8
CN7205700000000	72	057	Guayama Municipio, PR	2019	NA	10926	9605	1321	12.1
CN7205900000000	72	059	Guayanilla Municipio, PR	2019	NA	5002	4311	691	13.8
CN7206100000000	72	061	Guaynabo Municipio, PR	2019	NA	36917	35403	1514	4.1
CN7206300000000	72	063	Gurabo Municipio, PR	2019	NA	17749	16741	1008	5.7
CN7206500000000	72	065	Hatillo Municipio, PR	2019	NA	13427	11784	1643	12.2
CN7206700000000	72	067	Hormigueros Municipio, PR	2019	NA	5303	4847	456	8.6
CN7206900000000	72	069	Humacao Municipio, PR	2019	NA	16903	15193	1710	10.1
CN7207100000000	72	071	Isabela Municipio, PR	2019	NA	12214	11108	1106	9.1
CN7207300000000	72	073	Jayuya Municipio, PR	2019	NA	4206	3614	592	14.1
CN7207500000000	72	075	Juana Diaz Municipio, PR	2019	NA	14844	13361	1483	10
CN7207700000000	72	077	Juncos Municipio, PR	2019	NA	12067	11060	1007	8.3
CN7207900000000	72	079	Lajas Municipio, PR	2019	NA	5136	4480	656	12.8
CN7208100000000	72	081	Lares Municipio, PR	2019	NA	6900	5883	1017	14.7
CN7208300000000	72	083	Las Marias Municipio, PR	2019	NA	2617	2313	304	11.6
CN7208500000000	72	085	Las Piedras Municipio, PR	2019	NA	11103	10111	992	8.9
CN7208700000000	72	087	Loiza Municipio, PR	2019	NA	8275	7645	630	7.6
CN7208900000000	72	089	Luquillo Municipio, PR	2019	NA	6093	5512	581	9.5
CN7209100000000	72	091	Manati Municipio, PR	2019	NA	11319	10417	902	8
CN7209300000000	72	093	Maricao Municipio, PR	2019	NA	1895	1636	259	13.7
CN7209500000000	72	095	Maunabo Municipio, PR	2019	NA	2902	2465	437	15.1
CN7209700000000	72	097	Mayaguez Municipio, PR	2019	NA	21542	19278	2264	10.5
CN7209900000000	72	099	Moca Municipio, PR	2019	NA	10337	9257	1080	10.4
CN7210100000000	72	101	Morovis Municipio, PR	2019	NA	7843	7127	716	9.1
CN7210300000000	72	103	Naguabo Municipio, PR	2019	NA	8007	7297	710	8.9
CN7210500000000	72	105	Naranjito Municipio, PR	2019	NA	6953	6364	589	8.5
CN7210700000000	72	107	Orocovis Municipio, PR	2019	NA	4883	4379	504	10.3
CN7210900000000	72	109	Patillas Municipio, PR	2019	NA	4276	3605	671	15.7
CN7211100000000	72	111	Penuelas Municipio, PR	2019	NA	5830	5007	823	14.1
CN7211300000000	72	113	Ponce Municipio, PR	2019	NA	44991	40634	4357	9.7
CN7211500000000	72	115	Quebradillas Municipio, PR	2019	NA	5995	5297	698	11.6
CN7211700000000	72	117	Rincon Municipio, PR	2019	NA	4693	4047	646	13.8
CN7211900000000	72	119	Rio Grande Municipio, PR	2019	NA	16630	15414	1216	7.3
CN7212100000000	72	121	Sabana Grande Municipio, PR	2019	NA	6064	5274	790	13
CN7212300000000	72	123	Salinas Municipio, PR	2019	NA	7062	6041	1021	14.5
CN7212500000000	72	125	San German Municipio, PR	2019	NA	9585	8509	1076	11.2
CN7212700000000	72	127	San Juan Municipio, PR	2019	NA	131645	124372	7273	5.5
CN7212900000000	72	129	San Lorenzo Municipio, PR	2019	NA	11501	10490	1011	8.8
CN7213100000000	72	131	San Sebastian Municipio, PR	2019	NA	10198	8807	1391	13.6
CN7213300000000	72	133	Santa Isabel Municipio, PR	2019	NA	8717	7764	953	10.9
CN7213500000000	72	135	Toa Alta Municipio, PR	2019	NA	26614	25106	1508	5.7
CN7213700000000	72	137	Toa Baja Municipio, PR	2019	NA	28675	27023	1652	5.8
CN7213900000000	72	139	Trujillo Alto Municipio, PR	2019	NA	26569	25281	1288	4.8
CN7214100000000	72	141	Utuado Municipio, PR	2019	NA	6588	5841	747	11.3
CN7214300000000	72	143	Vega Alta Municipio, PR	2019	NA	9554	8778	776	8.1
CN7214500000000	72	145	Vega Baja Municipio, PR	2019	NA	13037	11791	1246	9.6
CN7214700000000	72	147	Vieques Municipio, PR	2019	NA	2585	2406	179	6.9
CN7214900000000	72	149	Villalba Municipio, PR	2019	NA	7406	6231	1175	15.9
CN7215100000000	72	151	Yabucoa Municipio, PR	2019	NA	8691	7552	1139	13.1
CN7215300000000	72	153	Yauco Municipio, PR	2019	NA	9759	8331	1428	14.6
NA	NA	NA	NA	NA	NA	NA	NA	NA	NA
SOURCE:  BLS, LAUS	NA	NA	NA	NA	NA	NA	NA	NA	NA
April 17, 2020	NA	NA	NA	NA	NA	NA	NA	NA	NA
