LAUS_CODE	STATE_FIPS	COUNTY_FIPS	COUNTY	YEAR	ESTIMATED	LABOR_FORCE	EMPLOYED	UNEMPLOYED_LEVEL	UNEMPLOYED_RATE
CN0100100000000	01	001	Autauga County, AL	1996	NA	20214	19422	792	3.9
CN0100300000000	01	003	Baldwin County, AL	1996	NA	63829	60981	2848	4.5
CN0100500000000	01	005	Barbour County, AL	1996	NA	12488	11291	1197	9.6
CN0100700000000	01	007	Bibb County, AL	1996	NA	7870	7307	563	7.2
CN0100900000000	01	009	Blount County, AL	1996	NA	21631	20918	713	3.3
CN0101100000000	01	011	Bullock County, AL	1996	NA	4552	3883	669	14.7
CN0101300000000	01	013	Butler County, AL	1996	NA	9950	9031	919	9.2
CN0101500000000	01	015	Calhoun County, AL	1996	NA	52807	49495	3312	6.3
CN0101700000000	01	017	Chambers County, AL	1996	NA	16802	15932	870	5.2
CN0101900000000	01	019	Cherokee County, AL	1996	NA	10486	10023	463	4.4
CN0102100000000	01	021	Chilton County, AL	1996	NA	17612	16753	859	4.9
CN0102300000000	01	023	Choctaw County, AL	1996	NA	6292	5410	882	14
CN0102500000000	01	025	Clarke County, AL	1996	NA	14712	13399	1313	8.9
CN0102700000000	01	027	Clay County, AL	1996	NA	6600	6274	326	4.9
CN0102900000000	01	029	Cleburne County, AL	1996	NA	7095	6780	315	4.4
CN0103100000000	01	031	Coffee County, AL	1996	NA	21460	20376	1084	5.1
CN0103300000000	01	033	Colbert County, AL	1996	NA	26855	24987	1868	7
CN0103500000000	01	035	Conecuh County, AL	1996	NA	6924	6061	863	12.5
CN0103700000000	01	037	Coosa County, AL	1996	NA	5315	5057	258	4.9
CN0103900000000	01	039	Covington County, AL	1996	NA	17591	16178	1413	8
CN0104100000000	01	041	Crenshaw County, AL	1996	NA	6036	5485	551	9.1
CN0104300000000	01	043	Cullman County, AL	1996	NA	37459	35674	1785	4.8
CN0104500000000	01	045	Dale County, AL	1996	NA	20955	19841	1114	5.3
CN0104700000000	01	047	Dallas County, AL	1996	NA	20175	17658	2517	12.5
CN0104900000000	01	049	DeKalb County, AL	1996	NA	31589	29751	1838	5.8
CN0105100000000	01	051	Elmore County, AL	1996	NA	27312	26259	1053	3.9
CN0105300000000	01	053	Escambia County, AL	1996	NA	16323	15309	1014	6.2
CN0105500000000	01	055	Etowah County, AL	1996	NA	48747	46109	2638	5.4
CN0105700000000	01	057	Fayette County, AL	1996	NA	8486	8126	360	4.2
CN0105900000000	01	059	Franklin County, AL	1996	NA	16505	15298	1207	7.3
CN0106100000000	01	061	Geneva County, AL	1996	NA	11885	10873	1012	8.5
CN0106300000000	01	063	Greene County, AL	1996	NA	3579	2929	650	18.2
CN0106500000000	01	065	Hale County, AL	1996	NA	7136	6549	587	8.2
CN0106700000000	01	067	Henry County, AL	1996	NA	6440	6004	436	6.8
CN0106900000000	01	069	Houston County, AL	1996	NA	43361	41529	1832	4.2
CN0107100000000	01	071	Jackson County, AL	1996	NA	25922	23463	2459	9.5
CN0107300000000	01	073	Jefferson County, AL	1996	NA	326349	314785	11564	3.5
CN0107500000000	01	075	Lamar County, AL	1996	NA	7901	7366	535	6.8
CN0107700000000	01	077	Lauderdale County, AL	1996	NA	43196	40631	2565	5.9
CN0107900000000	01	079	Lawrence County, AL	1996	NA	15772	14726	1046	6.6
CN0108100000000	01	081	Lee County, AL	1996	NA	47494	45941	1553	3.3
CN0108300000000	01	083	Limestone County, AL	1996	NA	27403	26125	1278	4.7
CN0108500000000	01	085	Lowndes County, AL	1996	NA	4296	3663	633	14.7
CN0108700000000	01	087	Macon County, AL	1996	NA	8206	7562	644	7.8
CN0108900000000	01	089	Madison County, AL	1996	NA	135540	131058	4482	3.3
CN0109100000000	01	091	Marengo County, AL	1996	NA	11134	10084	1050	9.4
CN0109300000000	01	093	Marion County, AL	1996	NA	15852	14668	1184	7.5
CN0109500000000	01	095	Marshall County, AL	1996	NA	39540	37215	2325	5.9
CN0109700000000	01	097	Mobile County, AL	1996	NA	193284	182454	10830	5.6
CN0109900000000	01	099	Monroe County, AL	1996	NA	10625	9018	1607	15.1
CN0110100000000	01	101	Montgomery County, AL	1996	NA	107670	103100	4570	4.2
CN0110300000000	01	103	Morgan County, AL	1996	NA	53682	51107	2575	4.8
CN0110500000000	01	105	Perry County, AL	1996	NA	4501	3929	572	12.7
CN0110700000000	01	107	Pickens County, AL	1996	NA	8877	8041	836	9.4
CN0110900000000	01	109	Pike County, AL	1996	NA	13507	12609	898	6.6
CN0111100000000	01	111	Randolph County, AL	1996	NA	9640	9064	576	6
CN0111300000000	01	113	Russell County, AL	1996	NA	25020	23855	1165	4.7
CN0111500000000	01	115	St. Clair County, AL	1996	NA	28507	27571	936	3.3
CN0111700000000	01	117	Shelby County, AL	1996	NA	71758	70350	1408	2
CN0111900000000	01	119	Sumter County, AL	1996	NA	6206	5424	782	12.6
CN0112100000000	01	121	Talladega County, AL	1996	NA	35673	32826	2847	8
CN0112300000000	01	123	Tallapoosa County, AL	1996	NA	20479	19274	1205	5.9
CN0112500000000	01	125	Tuscaloosa County, AL	1996	NA	77962	75139	2823	3.6
CN0112700000000	01	127	Walker County, AL	1996	NA	30303	28321	1982	6.5
CN0112900000000	01	129	Washington County, AL	1996	NA	6183	5479	704	11.4
CN0113100000000	01	131	Wilcox County, AL	1996	NA	3876	3326	550	14.2
CN0113300000000	01	133	Winston County, AL	1996	NA	13038	12211	827	6.3
CN0201300000000	02	013	Aleutians East Borough, AK	1996	NA	1608	1540	68	4.2
CN0201600000000	02	016	Aleutians West Census Area, AK	1996	NA	2327	2235	92	4
CN0202000000000	02	020	Anchorage Borough/municipality, AK	1996	NA	135338	128139	7199	5.3
CN0205000000000	02	050	Bethel Census Area, AK	1996	NA	5942	5387	555	9.3
CN0206000000000	02	060	Bristol Bay Borough, AK	1996	NA	586	544	42	7.2
CN0206800000000	02	068	Denali Borough, AK	1996	NA	1211	1105	106	8.8
CN0207000000000	02	070	Dillingham Census Area, AK	1996	NA	1706	1575	131	7.7
CN0209000000000	02	090	Fairbanks North Star Borough, AK	1996	NA	42788	39606	3182	7.4
CN0210000000000	02	100	Haines Borough, AK	1996	NA	1180	1047	133	11.3
CN0211000000000	02	110	Juneau Borough/city, AK	1996	NA	17087	16065	1022	6
CN0212200000000	02	122	Kenai Peninsula Borough, AK	1996	NA	22226	19206	3020	13.6
CN0213000000000	02	130	Ketchikan Gateway Borough, AK	1996	NA	7924	7256	668	8.4
CN0215000000000	02	150	Kodiak Island Borough, AK	1996	NA	7452	6764	688	9.2
CN0215800000000	02	158	Kusilvak Census Area, AK	1996	NA	1935	1732	203	10.5
CN0216400000000	02	164	Lake and Peninsula Borough, AK	1996	NA	589	543	46	7.8
CN0217000000000	02	170	Matanuska-Susitna Borough, AK	1996	NA	26802	23982	2820	10.5
CN0218000000000	02	180	Nome Census Area, AK	1996	NA	3415	2984	431	12.6
CN0218500000000	02	185	North Slope Borough, AK	1996	NA	3243	3090	153	4.7
CN0218800000000	02	188	Northwest Arctic Borough, AK	1996	NA	2261	1855	406	18
CN0220100000000	02	201	Prince of Wales-Outer Ketchikan Census Area, AK	1996	NA	3429	2982	447	13
CN0222000000000	02	220	Sitka Borough/city, AK	1996	NA	4523	4227	296	6.5
CN0223200000000	02	232	Skagway-Hoonah-Angoon Census Area, AK	1996	NA	2262	2126	136	6
CN0224000000000	02	240	Southeast Fairbanks Census Area, AK	1996	NA	2507	2174	333	13.3
CN0226100000000	02	261	Valdez-Cordova Census Area, AK	1996	NA	5331	4760	571	10.7
CN0228000000000	02	280	Wrangell-Petersburg Census Area, AK	1996	NA	3706	3314	392	10.6
CN0228200000000	02	282	Yakutat Borough/city, AK	1996	NA	321	302	19	5.9
CN0229000000000	02	290	Yukon-Koyukuk Census Area, AK	1996	NA	2078	1716	362	17.4
CN0400100000000	04	001	Apache County, AZ	1996	NA	20627	16533	4094	19.8
CN0400300000000	04	003	Cochise County, AZ	1996	NA	43706	39388	4318	9.9
CN0400500000000	04	005	Coconino County, AZ	1996	NA	59159	53943	5216	8.8
CN0400700000000	04	007	Gila County, AZ	1996	NA	19319	17636	1683	8.7
CN0400900000000	04	009	Graham County, AZ	1996	NA	11423	10267	1156	10.1
CN0401100000000	04	011	Greenlee County, AZ	1996	NA	4947	4552	395	8
CN0401200000000	04	012	La Paz County, AZ	1996	NA	7011	6204	807	11.5
CN0401300000000	04	013	Maricopa County, AZ	1996	NA	1428288	1375721	52567	3.7
CN0401500000000	04	015	Mohave County, AZ	1996	NA	63151	58527	4624	7.3
CN0401700000000	04	017	Navajo County, AZ	1996	NA	33370	27993	5377	16.1
CN0401900000000	04	019	Pima County, AZ	1996	NA	385350	370664	14686	3.8
CN0402100000000	04	021	Pinal County, AZ	1996	NA	57138	53723	3415	6
CN0402300000000	04	023	Santa Cruz County, AZ	1996	NA	15625	11575	4050	25.9
CN0402500000000	04	025	Yavapai County, AZ	1996	NA	65816	62634	3182	4.8
CN0402700000000	04	027	Yuma County, AZ	1996	NA	70276	48606	21670	30.8
CN0500100000000	05	001	Arkansas County, AR	1996	NA	10853	10255	598	5.5
CN0500300000000	05	003	Ashley County, AR	1996	NA	11480	10717	763	6.6
CN0500500000000	05	005	Baxter County, AR	1996	NA	14682	14074	608	4.1
CN0500700000000	05	007	Benton County, AR	1996	NA	65165	63319	1846	2.8
CN0500900000000	05	009	Boone County, AR	1996	NA	15099	14292	807	5.3
CN0501100000000	05	011	Bradley County, AR	1996	NA	5091	4546	545	10.7
CN0501300000000	05	013	Calhoun County, AR	1996	NA	2294	2106	188	8.2
CN0501500000000	05	015	Carroll County, AR	1996	NA	11947	11298	649	5.4
CN0501700000000	05	017	Chicot County, AR	1996	NA	6553	5930	623	9.5
CN0501900000000	05	019	Clark County, AR	1996	NA	11992	11669	323	2.7
CN0502100000000	05	021	Clay County, AR	1996	NA	8181	7619	562	6.9
CN0502300000000	05	023	Cleburne County, AR	1996	NA	9262	8750	512	5.5
CN0502500000000	05	025	Cleveland County, AR	1996	NA	3906	3672	234	6
CN0502700000000	05	027	Columbia County, AR	1996	NA	11803	11026	777	6.6
CN0502900000000	05	029	Conway County, AR	1996	NA	9843	9343	500	5.1
CN0503100000000	05	031	Craighead County, AR	1996	NA	41521	39865	1656	4
CN0503300000000	05	033	Crawford County, AR	1996	NA	23962	22785	1177	4.9
CN0503500000000	05	035	Crittenden County, AR	1996	NA	22620	21370	1250	5.5
CN0503700000000	05	037	Cross County, AR	1996	NA	8875	8375	500	5.6
CN0503900000000	05	039	Dallas County, AR	1996	NA	3765	3471	294	7.8
CN0504100000000	05	041	Desha County, AR	1996	NA	7427	6634	793	10.7
CN0504300000000	05	043	Drew County, AR	1996	NA	10372	9585	787	7.6
CN0504500000000	05	045	Faulkner County, AR	1996	NA	40529	38753	1776	4.4
CN0504700000000	05	047	Franklin County, AR	1996	NA	8449	8118	331	3.9
CN0504900000000	05	049	Fulton County, AR	1996	NA	4585	4340	245	5.3
CN0505100000000	05	051	Garland County, AR	1996	NA	36084	34367	1717	4.8
CN0505300000000	05	053	Grant County, AR	1996	NA	7313	6988	325	4.4
CN0505500000000	05	055	Greene County, AR	1996	NA	18314	17228	1086	5.9
CN0505700000000	05	057	Hempstead County, AR	1996	NA	11908	10949	959	8.1
CN0505900000000	05	059	Hot Spring County, AR	1996	NA	12239	11642	597	4.9
CN0506100000000	05	061	Howard County, AR	1996	NA	7271	6853	418	5.7
CN0506300000000	05	063	Independence County, AR	1996	NA	16995	15927	1068	6.3
CN0506500000000	05	065	Izard County, AR	1996	NA	3981	3604	377	9.5
CN0506700000000	05	067	Jackson County, AR	1996	NA	8296	7366	930	11.2
CN0506900000000	05	069	Jefferson County, AR	1996	NA	37623	34797	2826	7.5
CN0507100000000	05	071	Johnson County, AR	1996	NA	10750	10332	418	3.9
CN0507300000000	05	073	Lafayette County, AR	1996	NA	3543	3275	268	7.6
CN0507500000000	05	075	Lawrence County, AR	1996	NA	8027	7390	637	7.9
CN0507700000000	05	077	Lee County, AR	1996	NA	4742	4193	549	11.6
CN0507900000000	05	079	Lincoln County, AR	1996	NA	5399	5012	387	7.2
CN0508100000000	05	081	Little River County, AR	1996	NA	5819	5363	456	7.8
CN0508300000000	05	083	Logan County, AR	1996	NA	10356	9849	507	4.9
CN0508500000000	05	085	Lonoke County, AR	1996	NA	24765	23764	1001	4
CN0508700000000	05	087	Madison County, AR	1996	NA	6782	6544	238	3.5
CN0508900000000	05	089	Marion County, AR	1996	NA	6241	5934	307	4.9
CN0509100000000	05	091	Miller County, AR	1996	NA	17509	16397	1112	6.4
CN0509300000000	05	093	Mississippi County, AR	1996	NA	27532	25080	2452	8.9
CN0509500000000	05	095	Monroe County, AR	1996	NA	4400	4018	382	8.7
CN0509700000000	05	097	Montgomery County, AR	1996	NA	4085	3917	168	4.1
CN0509900000000	05	099	Nevada County, AR	1996	NA	5136	4743	393	7.7
CN0510100000000	05	101	Newton County, AR	1996	NA	2954	2759	195	6.6
CN0510300000000	05	103	Ouachita County, AR	1996	NA	12054	10810	1244	10.3
CN0510500000000	05	105	Perry County, AR	1996	NA	4074	3816	258	6.3
CN0510700000000	05	107	Phillips County, AR	1996	NA	10727	9617	1110	10.3
CN0510900000000	05	109	Pike County, AR	1996	NA	5093	4801	292	5.7
CN0511100000000	05	111	Poinsett County, AR	1996	NA	11313	10554	759	6.7
CN0511300000000	05	113	Polk County, AR	1996	NA	9137	8725	412	4.5
CN0511500000000	05	115	Pope County, AR	1996	NA	27063	25880	1183	4.4
CN0511700000000	05	117	Prairie County, AR	1996	NA	4065	3687	378	9.3
CN0511900000000	05	119	Pulaski County, AR	1996	NA	196389	189021	7368	3.8
CN0512100000000	05	121	Randolph County, AR	1996	NA	8044	6924	1120	13.9
CN0512300000000	05	123	St. Francis County, AR	1996	NA	12724	11336	1388	10.9
CN0512500000000	05	125	Saline County, AR	1996	NA	40172	39053	1119	2.8
CN0512700000000	05	127	Scott County, AR	1996	NA	5042	4873	169	3.4
CN0512900000000	05	129	Searcy County, AR	1996	NA	2979	2785	194	6.5
CN0513100000000	05	131	Sebastian County, AR	1996	NA	56291	53557	2734	4.9
CN0513300000000	05	133	Sevier County, AR	1996	NA	6924	6488	436	6.3
CN0513500000000	05	135	Sharp County, AR	1996	NA	6017	5615	402	6.7
CN0513700000000	05	137	Stone County, AR	1996	NA	5075	4795	280	5.5
CN0513900000000	05	139	Union County, AR	1996	NA	21394	19873	1521	7.1
CN0514100000000	05	141	Van Buren County, AR	1996	NA	6404	5991	413	6.4
CN0514300000000	05	143	Washington County, AR	1996	NA	74953	72786	2167	2.9
CN0514500000000	05	145	White County, AR	1996	NA	30497	28666	1831	6
CN0514700000000	05	147	Woodruff County, AR	1996	NA	4349	3954	395	9.1
CN0514900000000	05	149	Yell County, AR	1996	NA	9581	9245	336	3.5
CN0600100000000	06	001	Alameda County, CA	1996	NA	678335	644062	34273	5.1
CN0600300000000	06	003	Alpine County, CA	1996	NA	489	440	49	10
CN0600500000000	06	005	Amador County, CA	1996	NA	13232	12339	893	6.7
CN0600700000000	06	007	Butte County, CA	1996	NA	82683	75181	7502	9.1
CN0600900000000	06	009	Calaveras County, CA	1996	NA	14072	12762	1310	9.3
CN0601100000000	06	011	Colusa County, CA	1996	NA	8599	6893	1706	19.8
CN0601300000000	06	013	Contra Costa County, CA	1996	NA	457849	435054	22795	5
CN0601500000000	06	015	Del Norte County, CA	1996	NA	10162	9108	1054	10.4
CN0601700000000	06	017	El Dorado County, CA	1996	NA	73986	69293	4693	6.3
CN0601900000000	06	019	Fresno County, CA	1996	NA	369910	320771	49139	13.3
CN0602100000000	06	021	Glenn County, CA	1996	NA	11386	9655	1731	15.2
CN0602300000000	06	023	Humboldt County, CA	1996	NA	60018	55421	4597	7.7
CN0602500000000	06	025	Imperial County, CA	1996	NA	57403	40305	17098	29.8
CN0602700000000	06	027	Inyo County, CA	1996	NA	7259	6637	622	8.6
CN0602900000000	06	029	Kern County, CA	1996	NA	277332	241537	35795	12.9
CN0603100000000	06	031	Kings County, CA	1996	NA	42948	37289	5659	13.2
CN0603300000000	06	033	Lake County, CA	1996	NA	23584	20839	2745	11.6
CN0603500000000	06	035	Lassen County, CA	1996	NA	11729	10460	1269	10.8
CN0603700000000	06	037	Los Angeles County, CA	1996	NA	4323561	3971474	352087	8.1
CN0603900000000	06	039	Madera County, CA	1996	NA	52015	44653	7362	14.2
CN0604100000000	06	041	Marin County, CA	1996	NA	128669	124237	4432	3.4
CN0604300000000	06	043	Mariposa County, CA	1996	NA	7484	6815	669	8.9
CN0604500000000	06	045	Mendocino County, CA	1996	NA	41967	38333	3634	8.7
CN0604700000000	06	047	Merced County, CA	1996	NA	81743	68203	13540	16.6
CN0604900000000	06	049	Modoc County, CA	1996	NA	4147	3645	502	12.1
CN0605100000000	06	051	Mono County, CA	1996	NA	6052	5400	652	10.8
CN0605300000000	06	053	Monterey County, CA	1996	NA	177765	157727	20038	11.3
CN0605500000000	06	055	Napa County, CA	1996	NA	58051	54546	3505	6
CN0605700000000	06	057	Nevada County, CA	1996	NA	40193	37412	2781	6.9
CN0605900000000	06	059	Orange County, CA	1996	NA	1335185	1279567	55618	4.2
CN0606100000000	06	061	Placer County, CA	1996	NA	105943	100220	5723	5.4
CN0606300000000	06	063	Plumas County, CA	1996	NA	9910	8705	1205	12.2
CN0606500000000	06	065	Riverside County, CA	1996	NA	613725	562716	51009	8.3
CN0606700000000	06	067	Sacramento County, CA	1996	NA	539817	506518	33299	6.2
CN0606900000000	06	069	San Benito County, CA	1996	NA	24723	21794	2929	11.8
CN0607100000000	06	071	San Bernardino County, CA	1996	NA	684337	633924	50413	7.4
CN0607300000000	06	073	San Diego County, CA	1996	NA	1236928	1170788	66140	5.3
CN0607500000000	06	075	San Francisco County/city, CA	1996	NA	398053	378960	19093	4.8
CN0607700000000	06	077	San Joaquin County, CA	1996	NA	240169	212933	27236	11.3
CN0607900000000	06	079	San Luis Obispo County, CA	1996	NA	102096	96354	5742	5.6
CN0608100000000	06	081	San Mateo County, CA	1996	NA	374628	361865	12763	3.4
CN0608300000000	06	083	Santa Barbara County, CA	1996	NA	190415	179369	11046	5.8
CN0608500000000	06	085	Santa Clara County, CA	1996	NA	891646	859046	32600	3.7
CN0608700000000	06	087	Santa Cruz County, CA	1996	NA	138304	126557	11747	8.5
CN0608900000000	06	089	Shasta County, CA	1996	NA	71873	64674	7199	10
CN0609100000000	06	091	Sierra County, CA	1996	NA	1729	1535	194	11.2
CN0609300000000	06	093	Siskiyou County, CA	1996	NA	18609	16065	2544	13.7
CN0609500000000	06	095	Solano County, CA	1996	NA	173379	160015	13364	7.7
CN0609700000000	06	097	Sonoma County, CA	1996	NA	229155	218918	10237	4.5
CN0609900000000	06	099	Stanislaus County, CA	1996	NA	194610	166751	27859	14.3
CN0610100000000	06	101	Sutter County, CA	1996	NA	34237	28765	5472	16
CN0610300000000	06	103	Tehama County, CA	1996	NA	22869	20429	2440	10.7
CN0610500000000	06	105	Trinity County, CA	1996	NA	5152	4398	754	14.6
CN0610700000000	06	107	Tulare County, CA	1996	NA	159259	133527	25732	16.2
CN0610900000000	06	109	Tuolumne County, CA	1996	NA	19541	17541	2000	10.2
CN0611100000000	06	111	Ventura County, CA	1996	NA	376580	349388	27192	7.2
CN0611300000000	06	113	Yolo County, CA	1996	NA	86231	80690	5541	6.4
CN0611500000000	06	115	Yuba County, CA	1996	NA	20894	17942	2952	14.1
CN0800100000000	08	001	Adams County, CO	1996	NA	167915	160800	7115	4.2
CN0800300000000	08	003	Alamosa County, CO	1996	NA	8174	7681	493	6
CN0800500000000	08	005	Arapahoe County, CO	1996	NA	269494	260840	8654	3.2
CN0800700000000	08	007	Archuleta County, CO	1996	NA	3864	3657	207	5.4
CN0800900000000	08	009	Baca County, CO	1996	NA	2273	2224	49	2.2
CN0801100000000	08	011	Bent County, CO	1996	NA	2242	2151	91	4.1
CN0801300000000	08	013	Boulder County, CO	1996	NA	153389	147450	5939	3.9
CN0801400000000	08	014	Broomfield County/city, CO	1996	NA	17410	16911	499	2.9
CN0801500000000	08	015	Chaffee County, CO	1996	NA	7417	7069	348	4.7
CN0801700000000	08	017	Cheyenne County, CO	1996	NA	1229	1197	32	2.6
CN0801900000000	08	019	Clear Creek County, CO	1996	NA	5205	4996	209	4
CN0802100000000	08	021	Conejos County, CO	1996	NA	3699	3375	324	8.8
CN0802300000000	08	023	Costilla County, CO	1996	NA	1596	1422	174	10.9
CN0802500000000	08	025	Crowley County, CO	1996	NA	1344	1272	72	5.4
CN0802700000000	08	027	Custer County, CO	1996	NA	1701	1622	79	4.6
CN0802900000000	08	029	Delta County, CO	1996	NA	10338	9654	684	6.6
CN0803100000000	08	031	Denver County/city, CO	1996	NA	278159	264256	13903	5
CN0803300000000	08	033	Dolores County, CO	1996	NA	660	580	80	12.1
CN0803500000000	08	035	Douglas County, CO	1996	NA	66454	65011	1443	2.2
CN0803700000000	08	037	Eagle County, CO	1996	NA	18477	17907	570	3.1
CN0803900000000	08	039	Elbert County, CO	1996	NA	9468	9098	370	3.9
CN0804100000000	08	041	El Paso County, CO	1996	NA	245468	234043	11425	4.7
CN0804300000000	08	043	Fremont County, CO	1996	NA	16617	15776	841	5.1
CN0804500000000	08	045	Garfield County, CO	1996	NA	21040	20073	967	4.6
CN0804700000000	08	047	Gilpin County, CO	1996	NA	3256	3162	94	2.9
CN0804900000000	08	049	Grand County, CO	1996	NA	5656	5474	182	3.2
CN0805100000000	08	051	Gunnison County, CO	1996	NA	7787	7304	483	6.2
CN0805300000000	08	053	Hinsdale County, CO	1996	NA	587	578	9	1.5
CN0805500000000	08	055	Huerfano County, CO	1996	NA	3371	3148	223	6.6
CN0805700000000	08	057	Jackson County, CO	1996	NA	899	839	60	6.7
CN0805900000000	08	059	Jefferson County, CO	1996	NA	296417	286197	10220	3.4
CN0806100000000	08	061	Kiowa County, CO	1996	NA	842	823	19	2.3
CN0806300000000	08	063	Kit Carson County, CO	1996	NA	3528	3402	126	3.6
CN0806500000000	08	065	Lake County, CO	1996	NA	3173	2968	205	6.5
CN0806700000000	08	067	La Plata County, CO	1996	NA	24108	22933	1175	4.9
CN0806900000000	08	069	Larimer County, CO	1996	NA	134869	129675	5194	3.9
CN0807100000000	08	071	Las Animas County, CO	1996	NA	6581	5942	639	9.7
CN0807300000000	08	073	Lincoln County, CO	1996	NA	2581	2523	58	2.2
CN0807500000000	08	075	Logan County, CO	1996	NA	10008	9638	370	3.7
CN0807700000000	08	077	Mesa County, CO	1996	NA	55748	52724	3024	5.4
CN0807900000000	08	079	Mineral County, CO	1996	NA	405	372	33	8.1
CN0808100000000	08	081	Moffat County, CO	1996	NA	6703	6283	420	6.3
CN0808300000000	08	083	Montezuma County, CO	1996	NA	11530	10721	809	7
CN0808500000000	08	085	Montrose County, CO	1996	NA	15081	13986	1095	7.3
CN0808700000000	08	087	Morgan County, CO	1996	NA	12957	12460	497	3.8
CN0808900000000	08	089	Otero County, CO	1996	NA	9170	8617	553	6
CN0809100000000	08	091	Ouray County, CO	1996	NA	1706	1602	104	6.1
CN0809300000000	08	093	Park County, CO	1996	NA	7584	7240	344	4.5
CN0809500000000	08	095	Phillips County, CO	1996	NA	1986	1944	42	2.1
CN0809700000000	08	097	Pitkin County, CO	1996	NA	9155	8740	415	4.5
CN0809900000000	08	099	Prowers County, CO	1996	NA	6615	6335	280	4.2
CN0810100000000	08	101	Pueblo County, CO	1996	NA	58674	55168	3506	6
CN0810300000000	08	103	Rio Blanco County, CO	1996	NA	3284	3098	186	5.7
CN0810500000000	08	105	Rio Grande County, CO	1996	NA	5285	4754	531	10
CN0810700000000	08	107	Routt County, CO	1996	NA	10594	10172	422	4
CN0810900000000	08	109	Saguache County, CO	1996	NA	2783	2463	320	11.5
CN0811100000000	08	111	San Juan County, CO	1996	NA	273	231	42	15.4
CN0811300000000	08	113	San Miguel County, CO	1996	NA	4325	4110	215	5
CN0811500000000	08	115	Sedgwick County, CO	1996	NA	1229	1182	47	3.8
CN0811700000000	08	117	Summit County, CO	1996	NA	11840	11552	288	2.4
CN0811900000000	08	119	Teller County, CO	1996	NA	13240	12579	661	5
CN0812100000000	08	121	Washington County, CO	1996	NA	2393	2333	60	2.5
CN0812300000000	08	123	Weld County, CO	1996	NA	80485	76684	3801	4.7
CN0812500000000	08	125	Yuma County, CO	1996	NA	4397	4302	95	2.2
CN0900100000000	09	001	Fairfield County, CT	1996	NA	448824	427766	21058	4.7
CN0900300000000	09	003	Hartford County, CT	1996	NA	430337	404111	26226	6.1
CN0900500000000	09	005	Litchfield County, CT	1996	NA	100385	95765	4620	4.6
CN0900700000000	09	007	Middlesex County, CT	1996	NA	82984	78404	4580	5.5
CN0900900000000	09	009	New Haven County, CT	1996	NA	418009	393269	24740	5.9
CN0901100000000	09	011	New London County, CT	1996	NA	133871	126261	7610	5.7
CN0901300000000	09	013	Tolland County, CT	1996	NA	70444	67314	3130	4.4
CN0901500000000	09	015	Windham County, CT	1996	NA	56872	53061	3811	6.7
CN1000100000000	10	001	Kent County, DE	1996	NA	69963	66409	3554	5.1
CN1000300000000	10	003	New Castle County, DE	1996	NA	249353	236105	13248	5.3
CN1000500000000	10	005	Sussex County, DE	1996	NA	68818	65740	3078	4.5
CN1100100000000	11	001	District of Columbia	1996	NA	287378	263163	24215	8.4
CN1200100000000	12	001	Alachua County, FL	1996	NA	104059	101078	2981	2.9
CN1200300000000	12	003	Baker County, FL	1996	NA	8625	8192	433	5
CN1200500000000	12	005	Bay County, FL	1996	NA	66365	62283	4082	6.2
CN1200700000000	12	007	Bradford County, FL	1996	NA	10006	9637	369	3.7
CN1200900000000	12	009	Brevard County, FL	1996	NA	205621	194165	11456	5.6
CN1201100000000	12	011	Broward County, FL	1996	NA	760675	720454	40221	5.3
CN1201300000000	12	013	Calhoun County, FL	1996	NA	5015	4775	240	4.8
CN1201500000000	12	015	Charlotte County, FL	1996	NA	46060	44085	1975	4.3
CN1201700000000	12	017	Citrus County, FL	1996	NA	35731	33464	2267	6.3
CN1201900000000	12	019	Clay County, FL	1996	NA	66295	64282	2013	3
CN1202100000000	12	021	Collier County, FL	1996	NA	86164	81024	5140	6
CN1202300000000	12	023	Columbia County, FL	1996	NA	24016	22818	1198	5
CN1202700000000	12	027	DeSoto County, FL	1996	NA	10219	9463	756	7.4
CN1202900000000	12	029	Dixie County, FL	1996	NA	3999	3660	339	8.5
CN1203100000000	12	031	Duval County, FL	1996	NA	379346	364596	14750	3.9
CN1203300000000	12	033	Escambia County, FL	1996	NA	122977	117787	5190	4.2
CN1203500000000	12	035	Flagler County, FL	1996	NA	16159	15619	540	3.3
CN1203700000000	12	037	Franklin County, FL	1996	NA	4469	4152	317	7.1
CN1203900000000	12	039	Gadsden County, FL	1996	NA	20081	19101	980	4.9
CN1204100000000	12	041	Gilchrist County, FL	1996	NA	4562	4368	194	4.3
CN1204300000000	12	043	Glades County, FL	1996	NA	4217	3846	371	8.8
CN1204500000000	12	045	Gulf County, FL	1996	NA	5799	5391	408	7
CN1204700000000	12	047	Hamilton County, FL	1996	NA	3820	3522	298	7.8
CN1204900000000	12	049	Hardee County, FL	1996	NA	11408	9809	1599	14
CN1205100000000	12	051	Hendry County, FL	1996	NA	16597	14181	2416	14.6
CN1205300000000	12	053	Hernando County, FL	1996	NA	44796	42728	2068	4.6
CN1205500000000	12	055	Highlands County, FL	1996	NA	28601	26132	2469	8.6
CN1205700000000	12	057	Hillsborough County, FL	1996	NA	514463	494264	20199	3.9
CN1205900000000	12	059	Holmes County, FL	1996	NA	7006	6515	491	7
CN1206100000000	12	061	Indian River County, FL	1996	NA	44232	40116	4116	9.3
CN1206300000000	12	063	Jackson County, FL	1996	NA	19195	18308	887	4.6
CN1206500000000	12	065	Jefferson County, FL	1996	NA	5453	5190	263	4.8
CN1206700000000	12	067	Lafayette County, FL	1996	NA	2698	2619	79	2.9
CN1206900000000	12	069	Lake County, FL	1996	NA	81711	77990	3721	4.6
CN1207100000000	12	071	Lee County, FL	1996	NA	174906	168114	6792	3.9
CN1207300000000	12	073	Leon County, FL	1996	NA	126481	122755	3726	2.9
CN1207500000000	12	075	Levy County, FL	1996	NA	13240	12646	594	4.5
CN1207700000000	12	077	Liberty County, FL	1996	NA	2478	2408	70	2.8
CN1207900000000	12	079	Madison County, FL	1996	NA	7446	7095	351	4.7
CN1208100000000	12	081	Manatee County, FL	1996	NA	113221	109174	4047	3.6
CN1208300000000	12	083	Marion County, FL	1996	NA	94848	90121	4727	5
CN1208500000000	12	085	Martin County, FL	1996	NA	47650	44103	3547	7.4
CN1208600000000	12	086	Miami-Dade County, FL	1996	NA	1055328	980443	74885	7.1
CN1208700000000	12	087	Monroe County, FL	1996	NA	45649	44393	1256	2.8
CN1208900000000	12	089	Nassau County, FL	1996	NA	26867	25749	1118	4.2
CN1209100000000	12	091	Okaloosa County, FL	1996	NA	77556	74493	3063	3.9
CN1209300000000	12	093	Okeechobee County, FL	1996	NA	17582	15844	1738	9.9
CN1209500000000	12	095	Orange County, FL	1996	NA	447709	430340	17369	3.9
CN1209700000000	12	097	Osceola County, FL	1996	NA	75401	72492	2909	3.9
CN1209900000000	12	099	Palm Beach County, FL	1996	NA	484112	451078	33034	6.8
CN1210100000000	12	101	Pasco County, FL	1996	NA	127885	121583	6302	4.9
CN1210300000000	12	103	Pinellas County, FL	1996	NA	452939	435576	17363	3.8
CN1210500000000	12	105	Polk County, FL	1996	NA	201388	187627	13761	6.8
CN1210700000000	12	107	Putnam County, FL	1996	NA	28892	27273	1619	5.6
CN1210900000000	12	109	St. Johns County, FL	1996	NA	55926	54273	1653	3
CN1211100000000	12	111	St. Lucie County, FL	1996	NA	78051	68185	9866	12.6
CN1211300000000	12	113	Santa Rosa County, FL	1996	NA	49813	48036	1777	3.6
CN1211500000000	12	115	Sarasota County, FL	1996	NA	142728	138239	4489	3.1
CN1211700000000	12	117	Seminole County, FL	1996	NA	199848	192586	7262	3.6
CN1211900000000	12	119	Sumter County, FL	1996	NA	14346	13686	660	4.6
CN1212100000000	12	121	Suwannee County, FL	1996	NA	13314	12701	613	4.6
CN1212300000000	12	123	Taylor County, FL	1996	NA	7840	7058	782	10
CN1212500000000	12	125	Union County, FL	1996	NA	3983	3792	191	4.8
CN1212700000000	12	127	Volusia County, FL	1996	NA	177690	169881	7809	4.4
CN1212900000000	12	129	Wakulla County, FL	1996	NA	9879	9449	430	4.4
CN1213100000000	12	131	Walton County, FL	1996	NA	15271	14591	680	4.5
CN1213300000000	12	133	Washington County, FL	1996	NA	9291	8736	555	6
CN1300100000000	13	001	Appling County, GA	1996	NA	8286	7490	796	9.6
CN1300300000000	13	003	Atkinson County, GA	1996	NA	3188	2955	233	7.3
CN1300500000000	13	005	Bacon County, GA	1996	NA	4679	4381	298	6.4
CN1300700000000	13	007	Baker County, GA	1996	NA	1506	1403	103	6.8
CN1300900000000	13	009	Baldwin County, GA	1996	NA	17479	16621	858	4.9
CN1301100000000	13	011	Banks County, GA	1996	NA	5981	5693	288	4.8
CN1301300000000	13	013	Barrow County, GA	1996	NA	18761	18039	722	3.8
CN1301500000000	13	015	Bartow County, GA	1996	NA	35325	33438	1887	5.3
CN1301700000000	13	017	Ben Hill County, GA	1996	NA	8778	8211	567	6.5
CN1301900000000	13	019	Berrien County, GA	1996	NA	6751	6398	353	5.2
CN1302100000000	13	021	Bibb County, GA	1996	NA	73202	69336	3866	5.3
CN1302300000000	13	023	Bleckley County, GA	1996	NA	5349	5054	295	5.5
CN1302500000000	13	025	Brantley County, GA	1996	NA	5492	5079	413	7.5
CN1302700000000	13	027	Brooks County, GA	1996	NA	7022	6742	280	4
CN1302900000000	13	029	Bryan County, GA	1996	NA	10014	9632	382	3.8
CN1303100000000	13	031	Bulloch County, GA	1996	NA	24562	23814	748	3
CN1303300000000	13	033	Burke County, GA	1996	NA	8881	7412	1469	16.5
CN1303500000000	13	035	Butts County, GA	1996	NA	8097	7618	479	5.9
CN1303700000000	13	037	Calhoun County, GA	1996	NA	2301	2109	192	8.3
CN1303900000000	13	039	Camden County, GA	1996	NA	15711	15017	694	4.4
CN1304300000000	13	043	Candler County, GA	1996	NA	3900	3727	173	4.4
CN1304500000000	13	045	Carroll County, GA	1996	NA	41148	39022	2126	5.2
CN1304700000000	13	047	Catoosa County, GA	1996	NA	24813	23714	1099	4.4
CN1304900000000	13	049	Charlton County, GA	1996	NA	3910	3634	276	7.1
CN1305100000000	13	051	Chatham County, GA	1996	NA	104888	99468	5420	5.2
CN1305300000000	13	053	Chattahoochee County, GA	1996	NA	2219	2055	164	7.4
CN1305500000000	13	055	Chattooga County, GA	1996	NA	12106	11565	541	4.5
CN1305700000000	13	057	Cherokee County, GA	1996	NA	68601	66772	1829	2.7
CN1305900000000	13	059	Clarke County, GA	1996	NA	46463	44940	1523	3.3
CN1306100000000	13	061	Clay County, GA	1996	NA	1569	1439	130	8.3
CN1306300000000	13	063	Clayton County, GA	1996	NA	115919	110632	5287	4.6
CN1306500000000	13	065	Clinch County, GA	1996	NA	3854	3670	184	4.8
CN1306700000000	13	067	Cobb County, GA	1996	NA	322815	312969	9846	3.1
CN1306900000000	13	069	Coffee County, GA	1996	NA	17540	16459	1081	6.2
CN1307100000000	13	071	Colquitt County, GA	1996	NA	18190	17312	878	4.8
CN1307300000000	13	073	Columbia County, GA	1996	NA	41070	39381	1689	4.1
CN1307500000000	13	075	Cook County, GA	1996	NA	7275	6987	288	4
CN1307700000000	13	077	Coweta County, GA	1996	NA	38877	37383	1494	3.8
CN1307900000000	13	079	Crawford County, GA	1996	NA	5500	5221	279	5.1
CN1308100000000	13	081	Crisp County, GA	1996	NA	9930	9219	711	7.2
CN1308300000000	13	083	Dade County, GA	1996	NA	6979	6650	329	4.7
CN1308500000000	13	085	Dawson County, GA	1996	NA	9051	8755	296	3.3
CN1308700000000	13	087	Decatur County, GA	1996	NA	11782	11197	585	5
CN1308900000000	13	089	DeKalb County, GA	1996	NA	347338	331770	15568	4.5
CN1309100000000	13	091	Dodge County, GA	1996	NA	9382	8529	853	9.1
CN1309300000000	13	093	Dooly County, GA	1996	NA	4686	4294	392	8.4
CN1309500000000	13	095	Dougherty County, GA	1996	NA	45909	42899	3010	6.6
CN1309700000000	13	097	Douglas County, GA	1996	NA	47313	45796	1517	3.2
CN1309900000000	13	099	Early County, GA	1996	NA	4913	4538	375	7.6
CN1310100000000	13	101	Echols County, GA	1996	NA	1082	1047	35	3.2
CN1310300000000	13	103	Effingham County, GA	1996	NA	15749	15134	615	3.9
CN1310500000000	13	105	Elbert County, GA	1996	NA	8839	7986	853	9.7
CN1310700000000	13	107	Emanuel County, GA	1996	NA	8749	7885	864	9.9
CN1310900000000	13	109	Evans County, GA	1996	NA	4637	4410	227	4.9
CN1311100000000	13	111	Fannin County, GA	1996	NA	8363	7787	576	6.9
CN1311300000000	13	113	Fayette County, GA	1996	NA	44015	42979	1036	2.4
CN1311500000000	13	115	Floyd County, GA	1996	NA	45669	43288	2381	5.2
CN1311700000000	13	117	Forsyth County, GA	1996	NA	38423	37614	809	2.1
CN1311900000000	13	119	Franklin County, GA	1996	NA	9965	9369	596	6
CN1312100000000	13	121	Fulton County, GA	1996	NA	382432	363261	19171	5
CN1312300000000	13	123	Gilmer County, GA	1996	NA	8170	7659	511	6.3
CN1312500000000	13	125	Glascock County, GA	1996	NA	1035	943	92	8.9
CN1312700000000	13	127	Glynn County, GA	1996	NA	34075	32948	1127	3.3
CN1312900000000	13	129	Gordon County, GA	1996	NA	20990	19858	1132	5.4
CN1313100000000	13	131	Grady County, GA	1996	NA	9806	9320	486	5
CN1313300000000	13	133	Greene County, GA	1996	NA	5343	4942	401	7.5
CN1313500000000	13	135	Gwinnett County, GA	1996	NA	291605	283445	8160	2.8
CN1313700000000	13	137	Habersham County, GA	1996	NA	14883	14134	749	5
CN1313900000000	13	139	Hall County, GA	1996	NA	65799	63644	2155	3.3
CN1314100000000	13	141	Hancock County, GA	1996	NA	4027	3418	609	15.1
CN1314300000000	13	143	Haralson County, GA	1996	NA	9380	8623	757	8.1
CN1314500000000	13	145	Harris County, GA	1996	NA	10796	10446	350	3.2
CN1314700000000	13	147	Hart County, GA	1996	NA	8517	7865	652	7.7
CN1314900000000	13	149	Heard County, GA	1996	NA	3653	3350	303	8.3
CN1315100000000	13	151	Henry County, GA	1996	NA	49685	48269	1416	2.8
CN1315300000000	13	153	Houston County, GA	1996	NA	49071	47206	1865	3.8
CN1315500000000	13	155	Irwin County, GA	1996	NA	4476	4252	224	5
CN1315700000000	13	157	Jackson County, GA	1996	NA	20515	19655	860	4.2
CN1315900000000	13	159	Jasper County, GA	1996	NA	4716	4392	324	6.9
CN1316100000000	13	161	Jeff Davis County, GA	1996	NA	5730	5271	459	8
CN1316300000000	13	163	Jefferson County, GA	1996	NA	8115	7007	1108	13.7
CN1316500000000	13	165	Jenkins County, GA	1996	NA	4290	4088	202	4.7
CN1316700000000	13	167	Johnson County, GA	1996	NA	3742	3388	354	9.5
CN1316900000000	13	169	Jones County, GA	1996	NA	11553	11083	470	4.1
CN1317100000000	13	171	Lamar County, GA	1996	NA	7356	7048	308	4.2
CN1317300000000	13	173	Lanier County, GA	1996	NA	3216	3042	174	5.4
CN1317500000000	13	175	Laurens County, GA	1996	NA	21815	20670	1145	5.2
CN1317700000000	13	177	Lee County, GA	1996	NA	10756	10337	419	3.9
CN1317900000000	13	179	Liberty County, GA	1996	NA	16368	15113	1255	7.7
CN1318100000000	13	181	Lincoln County, GA	1996	NA	3452	3226	226	6.5
CN1318300000000	13	183	Long County, GA	1996	NA	3279	3164	115	3.5
CN1318500000000	13	185	Lowndes County, GA	1996	NA	39434	37978	1456	3.7
CN1318700000000	13	187	Lumpkin County, GA	1996	NA	8569	8291	278	3.2
CN1318900000000	13	189	McDuffie County, GA	1996	NA	9654	8732	922	9.6
CN1319100000000	13	191	McIntosh County, GA	1996	NA	3903	3660	243	6.2
CN1319300000000	13	193	Macon County, GA	1996	NA	5718	5040	678	11.9
CN1319500000000	13	195	Madison County, GA	1996	NA	13180	12672	508	3.9
CN1319700000000	13	197	Marion County, GA	1996	NA	3050	2902	148	4.9
CN1319900000000	13	199	Meriwether County, GA	1996	NA	8987	8403	584	6.5
CN1320100000000	13	201	Miller County, GA	1996	NA	2931	2751	180	6.1
CN1320500000000	13	205	Mitchell County, GA	1996	NA	10908	10223	685	6.3
CN1320700000000	13	207	Monroe County, GA	1996	NA	7670	7210	460	6
CN1320900000000	13	209	Montgomery County, GA	1996	NA	3724	3404	320	8.6
CN1321100000000	13	211	Morgan County, GA	1996	NA	6647	6350	297	4.5
CN1321300000000	13	213	Murray County, GA	1996	NA	17923	17045	878	4.9
CN1321500000000	13	215	Muscogee County, GA	1996	NA	81910	77452	4458	5.4
CN1321700000000	13	217	Newton County, GA	1996	NA	26096	24926	1170	4.5
CN1321900000000	13	219	Oconee County, GA	1996	NA	12421	12172	249	2
CN1322100000000	13	221	Oglethorpe County, GA	1996	NA	5004	4763	241	4.8
CN1322300000000	13	223	Paulding County, GA	1996	NA	33756	32855	901	2.7
CN1322500000000	13	225	Peach County, GA	1996	NA	10771	10052	719	6.7
CN1322700000000	13	227	Pickens County, GA	1996	NA	9154	8801	353	3.9
CN1322900000000	13	229	Pierce County, GA	1996	NA	6968	6539	429	6.2
CN1323100000000	13	231	Pike County, GA	1996	NA	5940	5668	272	4.6
CN1323300000000	13	233	Polk County, GA	1996	NA	15000	13597	1403	9.4
CN1323500000000	13	235	Pulaski County, GA	1996	NA	4312	4101	211	4.9
CN1323700000000	13	237	Putnam County, GA	1996	NA	8673	8327	346	4
CN1323900000000	13	239	Quitman County, GA	1996	NA	1237	1154	83	6.7
CN1324100000000	13	241	Rabun County, GA	1996	NA	6894	6653	241	3.5
CN1324300000000	13	243	Randolph County, GA	1996	NA	3403	3049	354	10.4
CN1324500000000	13	245	Richmond County, GA	1996	NA	80760	74716	6044	7.5
CN1324700000000	13	247	Rockdale County, GA	1996	NA	36481	35345	1136	3.1
CN1324900000000	13	249	Schley County, GA	1996	NA	1703	1593	110	6.5
CN1325100000000	13	251	Screven County, GA	1996	NA	6500	5752	748	11.5
CN1325300000000	13	253	Seminole County, GA	1996	NA	4456	4205	251	5.6
CN1325500000000	13	255	Spalding County, GA	1996	NA	28624	27158	1466	5.1
CN1325700000000	13	257	Stephens County, GA	1996	NA	12979	12122	857	6.6
CN1325900000000	13	259	Stewart County, GA	1996	NA	2454	2318	136	5.5
CN1326100000000	13	261	Sumter County, GA	1996	NA	15519	14539	980	6.3
CN1326300000000	13	263	Talbot County, GA	1996	NA	2646	2398	248	9.4
CN1326500000000	13	265	Taliaferro County, GA	1996	NA	663	602	61	9.2
CN1326700000000	13	267	Tattnall County, GA	1996	NA	7232	6861	371	5.1
CN1326900000000	13	269	Taylor County, GA	1996	NA	3359	3045	314	9.3
CN1327100000000	13	271	Telfair County, GA	1996	NA	4745	4144	601	12.7
CN1327300000000	13	273	Terrell County, GA	1996	NA	4076	3540	536	13.2
CN1327500000000	13	275	Thomas County, GA	1996	NA	20745	19853	892	4.3
CN1327700000000	13	277	Tift County, GA	1996	NA	20442	19309	1133	5.5
CN1327900000000	13	279	Toombs County, GA	1996	NA	12338	11275	1063	8.6
CN1328100000000	13	281	Towns County, GA	1996	NA	3523	3318	205	5.8
CN1328300000000	13	283	Treutlen County, GA	1996	NA	2810	2571	239	8.5
CN1328500000000	13	285	Troup County, GA	1996	NA	28298	26857	1441	5.1
CN1328700000000	13	287	Turner County, GA	1996	NA	4230	3917	313	7.4
CN1328900000000	13	289	Twiggs County, GA	1996	NA	4131	3877	254	6.1
CN1329100000000	13	291	Union County, GA	1996	NA	6918	6509	409	5.9
CN1329300000000	13	293	Upson County, GA	1996	NA	13089	12304	785	6
CN1329500000000	13	295	Walker County, GA	1996	NA	30345	28771	1574	5.2
CN1329700000000	13	297	Walton County, GA	1996	NA	24883	23853	1030	4.1
CN1329900000000	13	299	Ware County, GA	1996	NA	15534	14684	850	5.5
CN1330100000000	13	301	Warren County, GA	1996	NA	2816	2536	280	9.9
CN1330300000000	13	303	Washington County, GA	1996	NA	9505	8930	575	6
CN1330500000000	13	305	Wayne County, GA	1996	NA	10749	9958	791	7.4
CN1330700000000	13	307	Webster County, GA	1996	NA	1106	1048	58	5.2
CN1330900000000	13	309	Wheeler County, GA	1996	NA	1973	1718	255	12.9
CN1331100000000	13	311	White County, GA	1996	NA	9352	9026	326	3.5
CN1331300000000	13	313	Whitfield County, GA	1996	NA	45326	43448	1878	4.1
CN1331500000000	13	315	Wilcox County, GA	1996	NA	3386	3118	268	7.9
CN1331700000000	13	317	Wilkes County, GA	1996	NA	5560	5202	358	6.4
CN1331900000000	13	319	Wilkinson County, GA	1996	NA	4501	4228	273	6.1
CN1332100000000	13	321	Worth County, GA	1996	NA	9111	8496	615	6.8
CN1500100000000	15	001	Hawaii County, HI	1996	NA	67421	60829	6592	9.8
CN1500300000000	15	003	Honolulu County/city, HI	1996	NA	430844	408416	22428	5.2
CN1500700000000	15	007	Kauai County, HI	1996	NA	29081	25585	3496	12
CN1500900000000	15	009	Maui County, HI	1996	NA	68253	63338	4915	7.2
CN1600100000000	16	001	Ada County, ID	1996	NA	150733	145670	5063	3.4
CN1600300000000	16	003	Adams County, ID	1996	NA	1833	1568	265	14.5
CN1600500000000	16	005	Bannock County, ID	1996	NA	35563	33605	1958	5.5
CN1600700000000	16	007	Bear Lake County, ID	1996	NA	2918	2772	146	5
CN1600900000000	16	009	Benewah County, ID	1996	NA	4326	3822	504	11.7
CN1601100000000	16	011	Bingham County, ID	1996	NA	21010	19886	1124	5.3
CN1601300000000	16	013	Blaine County, ID	1996	NA	10676	10238	438	4.1
CN1601500000000	16	015	Boise County, ID	1996	NA	2474	2324	150	6.1
CN1601700000000	16	017	Bonner County, ID	1996	NA	16413	14864	1549	9.4
CN1601900000000	16	019	Bonneville County, ID	1996	NA	44311	42488	1823	4.1
CN1602100000000	16	021	Boundary County, ID	1996	NA	4412	3986	426	9.7
CN1602300000000	16	023	Butte County, ID	1996	NA	1625	1547	78	4.8
CN1602500000000	16	025	Camas County, ID	1996	NA	453	433	20	4.4
CN1602700000000	16	027	Canyon County, ID	1996	NA	57108	54038	3070	5.4
CN1602900000000	16	029	Caribou County, ID	1996	NA	3348	3126	222	6.6
CN1603100000000	16	031	Cassia County, ID	1996	NA	9837	9217	620	6.3
CN1603300000000	16	033	Clark County, ID	1996	NA	640	617	23	3.6
CN1603500000000	16	035	Clearwater County, ID	1996	NA	4141	3642	499	12.1
CN1603700000000	16	037	Custer County, ID	1996	NA	2484	2330	154	6.2
CN1603900000000	16	039	Elmore County, ID	1996	NA	8765	8226	539	6.1
CN1604100000000	16	041	Franklin County, ID	1996	NA	4589	4383	206	4.5
CN1604300000000	16	043	Fremont County, ID	1996	NA	4573	4207	366	8
CN1604500000000	16	045	Gem County, ID	1996	NA	6239	5793	446	7.1
CN1604700000000	16	047	Gooding County, ID	1996	NA	6757	6470	287	4.2
CN1604900000000	16	049	Idaho County, ID	1996	NA	6571	5833	738	11.2
CN1605100000000	16	051	Jefferson County, ID	1996	NA	9502	9048	454	4.8
CN1605300000000	16	053	Jerome County, ID	1996	NA	9004	8615	389	4.3
CN1605500000000	16	055	Kootenai County, ID	1996	NA	50928	46890	4038	7.9
CN1605700000000	16	057	Latah County, ID	1996	NA	15017	14524	493	3.3
CN1605900000000	16	059	Lemhi County, ID	1996	NA	4237	3886	351	8.3
CN1606100000000	16	061	Lewis County, ID	1996	NA	1652	1533	119	7.2
CN1606300000000	16	063	Lincoln County, ID	1996	NA	2186	2080	106	4.8
CN1606500000000	16	065	Madison County, ID	1996	NA	9209	8907	302	3.3
CN1606700000000	16	067	Minidoka County, ID	1996	NA	10286	9550	736	7.2
CN1606900000000	16	069	Nez Perce County, ID	1996	NA	22680	21871	809	3.6
CN1607100000000	16	071	Oneida County, ID	1996	NA	1711	1658	53	3.1
CN1607300000000	16	073	Owyhee County, ID	1996	NA	4729	4583	146	3.1
CN1607500000000	16	075	Payette County, ID	1996	NA	9949	9250	699	7
CN1607700000000	16	077	Power County, ID	1996	NA	3545	3324	221	6.2
CN1607900000000	16	079	Shoshone County, ID	1996	NA	6617	5944	673	10.2
CN1608100000000	16	081	Teton County, ID	1996	NA	2690	2562	128	4.8
CN1608300000000	16	083	Twin Falls County, ID	1996	NA	32315	30850	1465	4.5
CN1608500000000	16	085	Valley County, ID	1996	NA	4207	3813	394	9.4
CN1608700000000	16	087	Washington County, ID	1996	NA	4535	4167	368	8.1
CN1700100000000	17	001	Adams County, IL	1996	NA	35558	34122	1436	4
CN1700300000000	17	003	Alexander County, IL	1996	NA	4046	3704	342	8.5
CN1700500000000	17	005	Bond County, IL	1996	NA	8105	7665	440	5.4
CN1700700000000	17	007	Boone County, IL	1996	NA	20978	19940	1038	4.9
CN1700900000000	17	009	Brown County, IL	1996	NA	2705	2607	98	3.6
CN1701100000000	17	011	Bureau County, IL	1996	NA	18508	17488	1020	5.5
CN1701300000000	17	013	Calhoun County, IL	1996	NA	3014	2847	167	5.5
CN1701500000000	17	015	Carroll County, IL	1996	NA	8947	8441	506	5.7
CN1701700000000	17	017	Cass County, IL	1996	NA	7543	7167	376	5
CN1701900000000	17	019	Champaign County, IL	1996	NA	95128	92463	2665	2.8
CN1702100000000	17	021	Christian County, IL	1996	NA	19361	18212	1149	5.9
CN1702300000000	17	023	Clark County, IL	1996	NA	9550	9144	406	4.3
CN1702500000000	17	025	Clay County, IL	1996	NA	6851	6487	364	5.3
CN1702700000000	17	027	Clinton County, IL	1996	NA	17238	16373	865	5
CN1702900000000	17	029	Coles County, IL	1996	NA	27798	26646	1152	4.1
CN1703100000000	17	031	Cook County, IL	1996	NA	2667162	2507161	160001	6
CN1703300000000	17	033	Crawford County, IL	1996	NA	9546	8895	651	6.8
CN1703500000000	17	035	Cumberland County, IL	1996	NA	5709	5433	276	4.8
CN1703700000000	17	037	DeKalb County, IL	1996	NA	47036	45002	2034	4.3
CN1703900000000	17	039	De Witt County, IL	1996	NA	9167	8702	465	5.1
CN1704100000000	17	041	Douglas County, IL	1996	NA	11831	11402	429	3.6
CN1704300000000	17	043	DuPage County, IL	1996	NA	514763	496110	18653	3.6
CN1704500000000	17	045	Edgar County, IL	1996	NA	10015	9540	475	4.7
CN1704700000000	17	047	Edwards County, IL	1996	NA	3845	3639	206	5.4
CN1704900000000	17	049	Effingham County, IL	1996	NA	18237	17479	758	4.2
CN1705100000000	17	051	Fayette County, IL	1996	NA	10151	9577	574	5.7
CN1705300000000	17	053	Ford County, IL	1996	NA	6724	6443	281	4.2
CN1705500000000	17	055	Franklin County, IL	1996	NA	16816	14945	1871	11.1
CN1705700000000	17	057	Fulton County, IL	1996	NA	14825	13560	1265	8.5
CN1705900000000	17	059	Gallatin County, IL	1996	NA	2726	2516	210	7.7
CN1706100000000	17	061	Greene County, IL	1996	NA	7013	6599	414	5.9
CN1706300000000	17	063	Grundy County, IL	1996	NA	18715	17382	1333	7.1
CN1706500000000	17	065	Hamilton County, IL	1996	NA	3633	3272	361	9.9
CN1706700000000	17	067	Hancock County, IL	1996	NA	12362	11916	446	3.6
CN1706900000000	17	069	Hardin County, IL	1996	NA	1903	1673	230	12.1
CN1707100000000	17	071	Henderson County, IL	1996	NA	4737	4520	217	4.6
CN1707300000000	17	073	Henry County, IL	1996	NA	26287	25029	1258	4.8
CN1707500000000	17	075	Iroquois County, IL	1996	NA	16630	15907	723	4.3
CN1707700000000	17	077	Jackson County, IL	1996	NA	29024	27598	1426	4.9
CN1707900000000	17	079	Jasper County, IL	1996	NA	4367	4074	293	6.7
CN1708100000000	17	081	Jefferson County, IL	1996	NA	18061	16653	1408	7.8
CN1708300000000	17	083	Jersey County, IL	1996	NA	10465	9886	579	5.5
CN1708500000000	17	085	Jo Daviess County, IL	1996	NA	13310	12745	565	4.2
CN1708700000000	17	087	Johnson County, IL	1996	NA	4643	4252	391	8.4
CN1708900000000	17	089	Kane County, IL	1996	NA	208099	198053	10046	4.8
CN1709100000000	17	091	Kankakee County, IL	1996	NA	52620	49865	2755	5.2
CN1709300000000	17	093	Kendall County, IL	1996	NA	27387	26222	1165	4.3
CN1709500000000	17	095	Knox County, IL	1996	NA	28702	27345	1357	4.7
CN1709700000000	17	097	Lake County, IL	1996	NA	314769	303626	11143	3.5
CN1709900000000	17	099	LaSalle County, IL	1996	NA	54641	50713	3928	7.2
CN1710100000000	17	101	Lawrence County, IL	1996	NA	7046	6320	726	10.3
CN1710300000000	17	103	Lee County, IL	1996	NA	17876	17167	709	4
CN1710500000000	17	105	Livingston County, IL	1996	NA	19519	18682	837	4.3
CN1710700000000	17	107	Logan County, IL	1996	NA	12978	12259	719	5.5
CN1710900000000	17	109	McDonough County, IL	1996	NA	19143	18726	417	2.2
CN1711100000000	17	111	McHenry County, IL	1996	NA	131338	125769	5569	4.2
CN1711300000000	17	113	McLean County, IL	1996	NA	80993	78725	2268	2.8
CN1711500000000	17	115	Macon County, IL	1996	NA	60486	56046	4440	7.3
CN1711700000000	17	117	Macoupin County, IL	1996	NA	23032	21672	1360	5.9
CN1711900000000	17	119	Madison County, IL	1996	NA	128880	122430	6450	5
CN1712100000000	17	121	Marion County, IL	1996	NA	21049	19401	1648	7.8
CN1712300000000	17	123	Marshall County, IL	1996	NA	6622	6196	426	6.4
CN1712500000000	17	125	Mason County, IL	1996	NA	8252	7594	658	8
CN1712700000000	17	127	Massac County, IL	1996	NA	7619	7264	355	4.7
CN1712900000000	17	129	Menard County, IL	1996	NA	6141	5880	261	4.3
CN1713100000000	17	131	Mercer County, IL	1996	NA	8379	7924	455	5.4
CN1713300000000	17	133	Monroe County, IL	1996	NA	13328	12899	429	3.2
CN1713500000000	17	135	Montgomery County, IL	1996	NA	15190	14079	1111	7.3
CN1713700000000	17	137	Morgan County, IL	1996	NA	18232	17388	844	4.6
CN1713900000000	17	139	Moultrie County, IL	1996	NA	7968	7671	297	3.7
CN1714100000000	17	141	Ogle County, IL	1996	NA	27676	26591	1085	3.9
CN1714300000000	17	143	Peoria County, IL	1996	NA	95238	89603	5635	5.9
CN1714500000000	17	145	Perry County, IL	1996	NA	8525	7570	955	11.2
CN1714700000000	17	147	Piatt County, IL	1996	NA	7756	7350	406	5.2
CN1714900000000	17	149	Pike County, IL	1996	NA	8740	8256	484	5.5
CN1715100000000	17	151	Pope County, IL	1996	NA	1673	1513	160	9.6
CN1715300000000	17	153	Pulaski County, IL	1996	NA	2933	2669	264	9
CN1715500000000	17	155	Putnam County, IL	1996	NA	3074	2860	214	7
CN1715700000000	17	157	Randolph County, IL	1996	NA	14365	12917	1448	10.1
CN1715900000000	17	159	Richland County, IL	1996	NA	9887	9446	441	4.5
CN1716100000000	17	161	Rock Island County, IL	1996	NA	73561	70504	3057	4.2
CN1716300000000	17	163	St. Clair County, IL	1996	NA	117608	111244	6364	5.4
CN1716500000000	17	165	Saline County, IL	1996	NA	10169	9276	893	8.8
CN1716700000000	17	167	Sangamon County, IL	1996	NA	101932	97866	4066	4
CN1716900000000	17	169	Schuyler County, IL	1996	NA	3779	3582	197	5.2
CN1717100000000	17	171	Scott County, IL	1996	NA	2736	2570	166	6.1
CN1717300000000	17	173	Shelby County, IL	1996	NA	11647	11019	628	5.4
CN1717500000000	17	175	Stark County, IL	1996	NA	2997	2759	238	7.9
CN1717700000000	17	177	Stephenson County, IL	1996	NA	25746	24655	1091	4.2
CN1717900000000	17	179	Tazewell County, IL	1996	NA	69570	65787	3783	5.4
CN1718100000000	17	181	Union County, IL	1996	NA	8144	7443	701	8.6
CN1718300000000	17	183	Vermilion County, IL	1996	NA	40373	37460	2913	7.2
CN1718500000000	17	185	Wabash County, IL	1996	NA	5543	5144	399	7.2
CN1718700000000	17	187	Warren County, IL	1996	NA	9751	9316	435	4.5
CN1718900000000	17	189	Washington County, IL	1996	NA	8275	7905	370	4.5
CN1719100000000	17	191	Wayne County, IL	1996	NA	7989	7531	458	5.7
CN1719300000000	17	193	White County, IL	1996	NA	7274	6796	478	6.6
CN1719500000000	17	195	Whiteside County, IL	1996	NA	31713	30547	1166	3.7
CN1719700000000	17	197	Will County, IL	1996	NA	229181	216856	12325	5.4
CN1719900000000	17	199	Williamson County, IL	1996	NA	27415	25131	2284	8.3
CN1720100000000	17	201	Winnebago County, IL	1996	NA	148691	142350	6341	4.3
CN1720300000000	17	203	Woodford County, IL	1996	NA	18570	17818	752	4
CN1800100000000	18	001	Adams County, IN	1996	NA	16668	16005	663	4
CN1800300000000	18	003	Allen County, IN	1996	NA	175551	169432	6119	3.5
CN1800500000000	18	005	Bartholomew County, IN	1996	NA	39758	38638	1120	2.8
CN1800700000000	18	007	Benton County, IN	1996	NA	5272	5046	226	4.3
CN1800900000000	18	009	Blackford County, IN	1996	NA	6519	6162	357	5.5
CN1801100000000	18	011	Boone County, IN	1996	NA	23702	23161	541	2.3
CN1801300000000	18	013	Brown County, IN	1996	NA	8614	8431	183	2.1
CN1801500000000	18	015	Carroll County, IN	1996	NA	11988	11656	332	2.8
CN1801700000000	18	017	Cass County, IN	1996	NA	19647	18556	1091	5.6
CN1801900000000	18	019	Clark County, IN	1996	NA	51297	49180	2117	4.1
CN1802100000000	18	021	Clay County, IN	1996	NA	13045	12267	778	6
CN1802300000000	18	023	Clinton County, IN	1996	NA	16101	15570	531	3.3
CN1802500000000	18	025	Crawford County, IN	1996	NA	4794	4338	456	9.5
CN1802700000000	18	027	Daviess County, IN	1996	NA	13627	13108	519	3.8
CN1802900000000	18	029	Dearborn County, IN	1996	NA	22902	21717	1185	5.2
CN1803100000000	18	031	Decatur County, IN	1996	NA	15358	14905	453	2.9
CN1803300000000	18	033	DeKalb County, IN	1996	NA	21421	20677	744	3.5
CN1803500000000	18	035	Delaware County, IN	1996	NA	63999	61096	2903	4.5
CN1803700000000	18	037	Dubois County, IN	1996	NA	22692	22057	635	2.8
CN1803900000000	18	039	Elkhart County, IN	1996	NA	95322	91639	3683	3.9
CN1804100000000	18	041	Fayette County, IN	1996	NA	11972	11193	779	6.5
CN1804300000000	18	043	Floyd County, IN	1996	NA	38007	36613	1394	3.7
CN1804500000000	18	045	Fountain County, IN	1996	NA	8877	8444	433	4.9
CN1804700000000	18	047	Franklin County, IN	1996	NA	10832	10332	500	4.6
CN1804900000000	18	049	Fulton County, IN	1996	NA	10520	10093	427	4.1
CN1805100000000	18	051	Gibson County, IN	1996	NA	15818	15010	808	5.1
CN1805300000000	18	053	Grant County, IN	1996	NA	35864	33806	2058	5.7
CN1805500000000	18	055	Greene County, IN	1996	NA	15184	13976	1208	8
CN1805700000000	18	057	Hamilton County, IN	1996	NA	85242	83872	1370	1.6
CN1805900000000	18	059	Hancock County, IN	1996	NA	28952	28149	803	2.8
CN1806100000000	18	061	Harrison County, IN	1996	NA	17795	17061	734	4.1
CN1806300000000	18	063	Hendricks County, IN	1996	NA	49629	48653	976	2
CN1806500000000	18	065	Henry County, IN	1996	NA	25239	23951	1288	5.1
CN1806700000000	18	067	Howard County, IN	1996	NA	43982	42391	1591	3.6
CN1806900000000	18	069	Huntington County, IN	1996	NA	20623	19830	793	3.8
CN1807100000000	18	071	Jackson County, IN	1996	NA	21221	20375	846	4
CN1807300000000	18	073	Jasper County, IN	1996	NA	14503	13686	817	5.6
CN1807500000000	18	075	Jay County, IN	1996	NA	12326	11735	591	4.8
CN1807700000000	18	077	Jefferson County, IN	1996	NA	14798	14012	786	5.3
CN1807900000000	18	079	Jennings County, IN	1996	NA	14335	13879	456	3.2
CN1808100000000	18	081	Johnson County, IN	1996	NA	58947	57543	1404	2.4
CN1808300000000	18	083	Knox County, IN	1996	NA	21510	20514	996	4.6
CN1808500000000	18	085	Kosciusko County, IN	1996	NA	39222	37943	1279	3.3
CN1808700000000	18	087	LaGrange County, IN	1996	NA	17225	16529	696	4
CN1808900000000	18	089	Lake County, IN	1996	NA	229252	216469	12783	5.6
CN1809100000000	18	091	LaPorte County, IN	1996	NA	54871	52135	2736	5
CN1809300000000	18	093	Lawrence County, IN	1996	NA	24537	22821	1716	7
CN1809500000000	18	095	Madison County, IN	1996	NA	66764	63808	2956	4.4
CN1809700000000	18	097	Marion County, IN	1996	NA	453728	437397	16331	3.6
CN1809900000000	18	099	Marshall County, IN	1996	NA	26192	25242	950	3.6
CN1810100000000	18	101	Martin County, IN	1996	NA	5316	5010	306	5.8
CN1810300000000	18	103	Miami County, IN	1996	NA	15359	14458	901	5.9
CN1810500000000	18	105	Monroe County, IN	1996	NA	61463	59796	1667	2.7
CN1810700000000	18	107	Montgomery County, IN	1996	NA	19823	19233	590	3
CN1810900000000	18	109	Morgan County, IN	1996	NA	34175	33053	1122	3.3
CN1811100000000	18	111	Newton County, IN	1996	NA	6555	6194	361	5.5
CN1811300000000	18	113	Noble County, IN	1996	NA	25274	24340	934	3.7
CN1811500000000	18	115	Ohio County, IN	1996	NA	2724	2580	144	5.3
CN1811700000000	18	117	Orange County, IN	1996	NA	9173	8310	863	9.4
CN1811900000000	18	119	Owen County, IN	1996	NA	10429	9945	484	4.6
CN1812100000000	18	121	Parke County, IN	1996	NA	7806	7407	399	5.1
CN1812300000000	18	123	Perry County, IN	1996	NA	9204	8516	688	7.5
CN1812500000000	18	125	Pike County, IN	1996	NA	6233	5903	330	5.3
CN1812700000000	18	127	Porter County, IN	1996	NA	74554	71805	2749	3.7
CN1812900000000	18	129	Posey County, IN	1996	NA	14085	13578	507	3.6
CN1813100000000	18	131	Pulaski County, IN	1996	NA	6185	5841	344	5.6
CN1813300000000	18	133	Putnam County, IN	1996	NA	16860	16250	610	3.6
CN1813500000000	18	135	Randolph County, IN	1996	NA	12556	11538	1018	8.1
CN1813700000000	18	137	Ripley County, IN	1996	NA	13542	12935	607	4.5
CN1813900000000	18	139	Rush County, IN	1996	NA	10245	9859	386	3.8
CN1814100000000	18	141	St. Joseph County, IN	1996	NA	136672	131291	5381	3.9
CN1814300000000	18	143	Scott County, IN	1996	NA	10814	10272	542	5
CN1814500000000	18	145	Shelby County, IN	1996	NA	23319	22465	854	3.7
CN1814700000000	18	147	Spencer County, IN	1996	NA	11140	10604	536	4.8
CN1814900000000	18	149	Starke County, IN	1996	NA	11536	10862	674	5.8
CN1815100000000	18	151	Steuben County, IN	1996	NA	17403	16773	630	3.6
CN1815300000000	18	153	Sullivan County, IN	1996	NA	10349	9520	829	8
CN1815500000000	18	155	Switzerland County, IN	1996	NA	4005	3723	282	7
CN1815700000000	18	157	Tippecanoe County, IN	1996	NA	73346	71371	1975	2.7
CN1815900000000	18	159	Tipton County, IN	1996	NA	9044	8741	303	3.4
CN1816100000000	18	161	Union County, IN	1996	NA	4005	3822	183	4.6
CN1816300000000	18	163	Vanderburgh County, IN	1996	NA	91605	87896	3709	4
CN1816500000000	18	165	Vermillion County, IN	1996	NA	8216	7606	610	7.4
CN1816700000000	18	167	Vigo County, IN	1996	NA	53732	50335	3397	6.3
CN1816900000000	18	169	Wabash County, IN	1996	NA	17913	17178	735	4.1
CN1817100000000	18	171	Warren County, IN	1996	NA	3956	3816	140	3.5
CN1817300000000	18	173	Warrick County, IN	1996	NA	28097	27066	1031	3.7
CN1817500000000	18	175	Washington County, IN	1996	NA	11982	11172	810	6.8
CN1817700000000	18	177	Wayne County, IN	1996	NA	38901	37126	1775	4.6
CN1817900000000	18	179	Wells County, IN	1996	NA	14789	14300	489	3.3
CN1818100000000	18	181	White County, IN	1996	NA	14611	13673	938	6.4
CN1818300000000	18	183	Whitley County, IN	1996	NA	16434	15943	491	3
CN1900100000000	19	001	Adair County, IA	1996	NA	4452	4309	143	3.2
CN1900300000000	19	003	Adams County, IA	1996	NA	2408	2200	208	8.6
CN1900500000000	19	005	Allamakee County, IA	1996	NA	7809	7442	367	4.7
CN1900700000000	19	007	Appanoose County, IA	1996	NA	6759	6404	355	5.3
CN1900900000000	19	009	Audubon County, IA	1996	NA	3775	3649	126	3.3
CN1901100000000	19	011	Benton County, IA	1996	NA	12233	11764	469	3.8
CN1901300000000	19	013	Black Hawk County, IA	1996	NA	69335	66384	2951	4.3
CN1901500000000	19	015	Boone County, IA	1996	NA	14170	13810	360	2.5
CN1901700000000	19	017	Bremer County, IA	1996	NA	12862	12513	349	2.7
CN1901900000000	19	019	Buchanan County, IA	1996	NA	11016	10516	500	4.5
CN1902100000000	19	021	Buena Vista County, IA	1996	NA	11221	10955	266	2.4
CN1902300000000	19	023	Butler County, IA	1996	NA	8199	7793	406	5
CN1902500000000	19	025	Calhoun County, IA	1996	NA	5243	5058	185	3.5
CN1902700000000	19	027	Carroll County, IA	1996	NA	12261	11872	389	3.2
CN1902900000000	19	029	Cass County, IA	1996	NA	7795	7401	394	5.1
CN1903100000000	19	031	Cedar County, IA	1996	NA	9769	9421	348	3.6
CN1903300000000	19	033	Cerro Gordo County, IA	1996	NA	27229	26196	1033	3.8
CN1903500000000	19	035	Cherokee County, IA	1996	NA	7139	6912	227	3.2
CN1903700000000	19	037	Chickasaw County, IA	1996	NA	7831	7414	417	5.3
CN1903900000000	19	039	Clarke County, IA	1996	NA	4059	3852	207	5.1
CN1904100000000	19	041	Clay County, IA	1996	NA	10253	10000	253	2.5
CN1904300000000	19	043	Clayton County, IA	1996	NA	10916	10293	623	5.7
CN1904500000000	19	045	Clinton County, IA	1996	NA	27969	26706	1263	4.5
CN1904700000000	19	047	Crawford County, IA	1996	NA	9058	8768	290	3.2
CN1904900000000	19	049	Dallas County, IA	1996	NA	19559	19129	430	2.2
CN1905100000000	19	051	Davis County, IA	1996	NA	4386	4222	164	3.7
CN1905300000000	19	053	Decatur County, IA	1996	NA	3851	3641	210	5.5
CN1905500000000	19	055	Delaware County, IA	1996	NA	9624	9038	586	6.1
CN1905700000000	19	057	Des Moines County, IA	1996	NA	24114	23007	1107	4.6
CN1905900000000	19	059	Dickinson County, IA	1996	NA	10267	9955	312	3
CN1906100000000	19	061	Dubuque County, IA	1996	NA	50880	48129	2751	5.4
CN1906300000000	19	063	Emmet County, IA	1996	NA	5775	5535	240	4.2
CN1906500000000	19	065	Fayette County, IA	1996	NA	11592	11152	440	3.8
CN1906700000000	19	067	Floyd County, IA	1996	NA	8455	8033	422	5
CN1906900000000	19	069	Franklin County, IA	1996	NA	6180	5993	187	3
CN1907100000000	19	071	Fremont County, IA	1996	NA	3931	3786	145	3.7
CN1907300000000	19	073	Greene County, IA	1996	NA	5268	5105	163	3.1
CN1907500000000	19	075	Grundy County, IA	1996	NA	6140	5916	224	3.6
CN1907700000000	19	077	Guthrie County, IA	1996	NA	6108	5910	198	3.2
CN1907900000000	19	079	Hamilton County, IA	1996	NA	8719	8459	260	3
CN1908100000000	19	081	Hancock County, IA	1996	NA	6094	5919	175	2.9
CN1908300000000	19	083	Hardin County, IA	1996	NA	9721	9360	361	3.7
CN1908500000000	19	085	Harrison County, IA	1996	NA	7798	7511	287	3.7
CN1908700000000	19	087	Henry County, IA	1996	NA	11330	10968	362	3.2
CN1908900000000	19	089	Howard County, IA	1996	NA	5500	5285	215	3.9
CN1909100000000	19	091	Humboldt County, IA	1996	NA	5637	5508	129	2.3
CN1909300000000	19	093	Ida County, IA	1996	NA	4293	4185	108	2.5
CN1909500000000	19	095	Iowa County, IA	1996	NA	9616	9361	255	2.7
CN1909700000000	19	097	Jackson County, IA	1996	NA	10850	10197	653	6
CN1909900000000	19	099	Jasper County, IA	1996	NA	19075	18463	612	3.2
CN1910100000000	19	101	Jefferson County, IA	1996	NA	9959	9663	296	3
CN1910300000000	19	103	Johnson County, IA	1996	NA	65822	64048	1774	2.7
CN1910500000000	19	105	Jones County, IA	1996	NA	9951	9556	395	4
CN1910700000000	19	107	Keokuk County, IA	1996	NA	5335	5092	243	4.6
CN1910900000000	19	109	Kossuth County, IA	1996	NA	9150	8869	281	3.1
CN1911100000000	19	111	Lee County, IA	1996	NA	20201	19039	1162	5.8
CN1911300000000	19	113	Linn County, IA	1996	NA	110160	107138	3022	2.7
CN1911500000000	19	115	Louisa County, IA	1996	NA	6662	6375	287	4.3
CN1911700000000	19	117	Lucas County, IA	1996	NA	4011	3812	199	5
CN1911900000000	19	119	Lyon County, IA	1996	NA	5967	5810	157	2.6
CN1912100000000	19	121	Madison County, IA	1996	NA	7763	7472	291	3.7
CN1912300000000	19	123	Mahaska County, IA	1996	NA	11191	10821	370	3.3
CN1912500000000	19	125	Marion County, IA	1996	NA	18300	17709	591	3.2
CN1912700000000	19	127	Marshall County, IA	1996	NA	21249	20530	719	3.4
CN1912900000000	19	129	Mills County, IA	1996	NA	6357	6163	194	3.1
CN1913100000000	19	131	Mitchell County, IA	1996	NA	5796	5603	193	3.3
CN1913300000000	19	133	Monona County, IA	1996	NA	5222	5037	185	3.5
CN1913500000000	19	135	Monroe County, IA	1996	NA	4218	4042	176	4.2
CN1913700000000	19	137	Montgomery County, IA	1996	NA	6443	6072	371	5.8
CN1913900000000	19	139	Muscatine County, IA	1996	NA	22107	21093	1014	4.6
CN1914100000000	19	141	O'Brien County, IA	1996	NA	8186	7996	190	2.3
CN1914300000000	19	143	Osceola County, IA	1996	NA	3871	3757	114	2.9
CN1914500000000	19	145	Page County, IA	1996	NA	9469	9111	358	3.8
CN1914700000000	19	147	Palo Alto County, IA	1996	NA	5617	5447	170	3
CN1914900000000	19	149	Plymouth County, IA	1996	NA	13189	12700	489	3.7
CN1915100000000	19	151	Pocahontas County, IA	1996	NA	4436	4305	131	3
CN1915300000000	19	153	Polk County, IA	1996	NA	215882	210029	5853	2.7
CN1915500000000	19	155	Pottawattamie County, IA	1996	NA	48223	46737	1486	3.1
CN1915700000000	19	157	Poweshiek County, IA	1996	NA	10553	10051	502	4.8
CN1915900000000	19	159	Ringgold County, IA	1996	NA	2741	2641	100	3.6
CN1916100000000	19	161	Sac County, IA	1996	NA	6096	5870	226	3.7
CN1916300000000	19	163	Scott County, IA	1996	NA	85301	82218	3083	3.6
CN1916500000000	19	165	Shelby County, IA	1996	NA	7248	6993	255	3.5
CN1916700000000	19	167	Sioux County, IA	1996	NA	17625	17091	534	3
CN1916900000000	19	169	Story County, IA	1996	NA	46217	44981	1236	2.7
CN1917100000000	19	171	Tama County, IA	1996	NA	9656	9241	415	4.3
CN1917300000000	19	173	Taylor County, IA	1996	NA	3496	3270	226	6.5
CN1917500000000	19	175	Union County, IA	1996	NA	6513	6205	308	4.7
CN1917700000000	19	177	Van Buren County, IA	1996	NA	4204	4048	156	3.7
CN1917900000000	19	179	Wapello County, IA	1996	NA	18723	17810	913	4.9
CN1918100000000	19	181	Warren County, IA	1996	NA	23459	22952	507	2.2
CN1918300000000	19	183	Washington County, IA	1996	NA	11641	11242	399	3.4
CN1918500000000	19	185	Wayne County, IA	1996	NA	3416	3252	164	4.8
CN1918700000000	19	187	Webster County, IA	1996	NA	20429	19701	728	3.6
CN1918900000000	19	189	Winnebago County, IA	1996	NA	7075	6908	167	2.4
CN1919100000000	19	191	Winneshiek County, IA	1996	NA	12456	11909	547	4.4
CN1919300000000	19	193	Woodbury County, IA	1996	NA	56652	54688	1964	3.5
CN1919500000000	19	195	Worth County, IA	1996	NA	4269	4114	155	3.6
CN1919700000000	19	197	Wright County, IA	1996	NA	7333	7109	224	3.1
CN2000100000000	20	001	Allen County, KS	1996	NA	6867	6446	421	6.1
CN2000300000000	20	003	Anderson County, KS	1996	NA	3884	3673	211	5.4
CN2000500000000	20	005	Atchison County, KS	1996	NA	8185	7559	626	7.6
CN2000700000000	20	007	Barber County, KS	1996	NA	2552	2456	96	3.8
CN2000900000000	20	009	Barton County, KS	1996	NA	15315	14713	602	3.9
CN2001100000000	20	011	Bourbon County, KS	1996	NA	6774	6391	383	5.7
CN2001300000000	20	013	Brown County, KS	1996	NA	4940	4613	327	6.6
CN2001500000000	20	015	Butler County, KS	1996	NA	29579	28493	1086	3.7
CN2001700000000	20	017	Chase County, KS	1996	NA	1466	1389	77	5.3
CN2001900000000	20	019	Chautauqua County, KS	1996	NA	1727	1621	106	6.1
CN2002100000000	20	021	Cherokee County, KS	1996	NA	10347	9602	745	7.2
CN2002300000000	20	023	Cheyenne County, KS	1996	NA	1552	1519	33	2.1
CN2002500000000	20	025	Clark County, KS	1996	NA	1332	1301	31	2.3
CN2002700000000	20	027	Clay County, KS	1996	NA	4722	4577	145	3.1
CN2002900000000	20	029	Cloud County, KS	1996	NA	5170	4989	181	3.5
CN2003100000000	20	031	Coffey County, KS	1996	NA	4299	4032	267	6.2
CN2003300000000	20	033	Comanche County, KS	1996	NA	1055	1031	24	2.3
CN2003500000000	20	035	Cowley County, KS	1996	NA	18411	17576	835	4.5
CN2003700000000	20	037	Crawford County, KS	1996	NA	18418	17504	914	5
CN2003900000000	20	039	Decatur County, KS	1996	NA	1836	1779	57	3.1
CN2004100000000	20	041	Dickinson County, KS	1996	NA	10366	9850	516	5
CN2004300000000	20	043	Doniphan County, KS	1996	NA	4226	3954	272	6.4
CN2004500000000	20	045	Douglas County, KS	1996	NA	51116	48725	2391	4.7
CN2004700000000	20	047	Edwards County, KS	1996	NA	1761	1703	58	3.3
CN2004900000000	20	049	Elk County, KS	1996	NA	1410	1355	55	3.9
CN2005100000000	20	051	Ellis County, KS	1996	NA	16303	15811	492	3
CN2005300000000	20	053	Ellsworth County, KS	1996	NA	2881	2781	100	3.5
CN2005500000000	20	055	Finney County, KS	1996	NA	19312	18602	710	3.7
CN2005700000000	20	057	Ford County, KS	1996	NA	15458	14869	589	3.8
CN2005900000000	20	059	Franklin County, KS	1996	NA	13384	12773	611	4.6
CN2006100000000	20	061	Geary County, KS	1996	NA	10176	9504	672	6.6
CN2006300000000	20	063	Gove County, KS	1996	NA	1494	1467	27	1.8
CN2006500000000	20	065	Graham County, KS	1996	NA	1604	1541	63	3.9
CN2006700000000	20	067	Grant County, KS	1996	NA	3975	3842	133	3.3
CN2006900000000	20	069	Gray County, KS	1996	NA	2749	2673	76	2.8
CN2007100000000	20	071	Greeley County, KS	1996	NA	870	846	24	2.8
CN2007300000000	20	073	Greenwood County, KS	1996	NA	3354	3196	158	4.7
CN2007500000000	20	075	Hamilton County, KS	1996	NA	1213	1185	28	2.3
CN2007700000000	20	077	Harper County, KS	1996	NA	3099	2992	107	3.5
CN2007900000000	20	079	Harvey County, KS	1996	NA	15931	15337	594	3.7
CN2008100000000	20	081	Haskell County, KS	1996	NA	2078	2017	61	2.9
CN2008300000000	20	083	Hodgeman County, KS	1996	NA	985	962	23	2.3
CN2008500000000	20	085	Jackson County, KS	1996	NA	6613	6235	378	5.7
CN2008700000000	20	087	Jefferson County, KS	1996	NA	10024	9556	468	4.7
CN2008900000000	20	089	Jewell County, KS	1996	NA	2131	2055	76	3.6
CN2009100000000	20	091	Johnson County, KS	1996	NA	241665	234894	6771	2.8
CN2009300000000	20	093	Kearny County, KS	1996	NA	2167	2105	62	2.9
CN2009500000000	20	095	Kingman County, KS	1996	NA	4210	4029	181	4.3
CN2009700000000	20	097	Kiowa County, KS	1996	NA	1679	1632	47	2.8
CN2009900000000	20	099	Labette County, KS	1996	NA	10736	10070	666	6.2
CN2010100000000	20	101	Lane County, KS	1996	NA	1122	1094	28	2.5
CN2010300000000	20	103	Leavenworth County, KS	1996	NA	27761	26335	1426	5.1
CN2010500000000	20	105	Lincoln County, KS	1996	NA	1796	1723	73	4.1
CN2010700000000	20	107	Linn County, KS	1996	NA	3324	3056	268	8.1
CN2010900000000	20	109	Logan County, KS	1996	NA	1592	1551	41	2.6
CN2011100000000	20	111	Lyon County, KS	1996	NA	19565	18739	826	4.2
CN2011300000000	20	113	McPherson County, KS	1996	NA	15889	15438	451	2.8
CN2011500000000	20	115	Marion County, KS	1996	NA	6961	6770	191	2.7
CN2011700000000	20	117	Marshall County, KS	1996	NA	5947	5752	195	3.3
CN2011900000000	20	119	Meade County, KS	1996	NA	2228	2177	51	2.3
CN2012100000000	20	121	Miami County, KS	1996	NA	13255	12732	523	3.9
CN2012300000000	20	123	Mitchell County, KS	1996	NA	3633	3530	103	2.8
CN2012500000000	20	125	Montgomery County, KS	1996	NA	18191	16903	1288	7.1
CN2012700000000	20	127	Morris County, KS	1996	NA	3092	2992	100	3.2
CN2012900000000	20	129	Morton County, KS	1996	NA	1759	1715	44	2.5
CN2013100000000	20	131	Nemaha County, KS	1996	NA	5668	5495	173	3.1
CN2013300000000	20	133	Neosho County, KS	1996	NA	8859	8457	402	4.5
CN2013500000000	20	135	Ness County, KS	1996	NA	1903	1856	47	2.5
CN2013700000000	20	137	Norton County, KS	1996	NA	3065	3009	56	1.8
CN2013900000000	20	139	Osage County, KS	1996	NA	8601	8086	515	6
CN2014100000000	20	141	Osborne County, KS	1996	NA	2366	2297	69	2.9
CN2014300000000	20	143	Ottawa County, KS	1996	NA	3049	2940	109	3.6
CN2014500000000	20	145	Pawnee County, KS	1996	NA	3619	3521	98	2.7
CN2014700000000	20	147	Phillips County, KS	1996	NA	3265	3148	117	3.6
CN2014900000000	20	149	Pottawatomie County, KS	1996	NA	10130	9767	363	3.6
CN2015100000000	20	151	Pratt County, KS	1996	NA	5075	4904	171	3.4
CN2015300000000	20	153	Rawlins County, KS	1996	NA	1627	1581	46	2.8
CN2015500000000	20	155	Reno County, KS	1996	NA	32834	31584	1250	3.8
CN2015700000000	20	157	Republic County, KS	1996	NA	3206	3133	73	2.3
CN2015900000000	20	159	Rice County, KS	1996	NA	4794	4581	213	4.4
CN2016100000000	20	161	Riley County, KS	1996	NA	30043	28782	1261	4.2
CN2016300000000	20	163	Rooks County, KS	1996	NA	3001	2903	98	3.3
CN2016500000000	20	165	Rush County, KS	1996	NA	1864	1810	54	2.9
CN2016700000000	20	167	Russell County, KS	1996	NA	3706	3560	146	3.9
CN2016900000000	20	169	Saline County, KS	1996	NA	30187	29081	1106	3.7
CN2017100000000	20	171	Scott County, KS	1996	NA	2692	2617	75	2.8
CN2017300000000	20	173	Sedgwick County, KS	1996	NA	224446	215103	9343	4.2
CN2017500000000	20	175	Seward County, KS	1996	NA	10664	10182	482	4.5
CN2017700000000	20	177	Shawnee County, KS	1996	NA	90682	86273	4409	4.9
CN2017900000000	20	179	Sheridan County, KS	1996	NA	1534	1493	41	2.7
CN2018100000000	20	181	Sherman County, KS	1996	NA	4002	3906	96	2.4
CN2018300000000	20	183	Smith County, KS	1996	NA	2459	2380	79	3.2
CN2018500000000	20	185	Stafford County, KS	1996	NA	2481	2403	78	3.1
CN2018700000000	20	187	Stanton County, KS	1996	NA	1111	1084	27	2.4
CN2018900000000	20	189	Stevens County, KS	1996	NA	2741	2638	103	3.8
CN2019100000000	20	191	Sumner County, KS	1996	NA	12818	12281	537	4.2
CN2019300000000	20	193	Thomas County, KS	1996	NA	4694	4564	130	2.8
CN2019500000000	20	195	Trego County, KS	1996	NA	1982	1928	54	2.7
CN2019700000000	20	197	Wabaunsee County, KS	1996	NA	3466	3310	156	4.5
CN2019900000000	20	199	Wallace County, KS	1996	NA	857	838	19	2.2
CN2020100000000	20	201	Washington County, KS	1996	NA	3539	3401	138	3.9
CN2020300000000	20	203	Wichita County, KS	1996	NA	1248	1213	35	2.8
CN2020500000000	20	205	Wilson County, KS	1996	NA	5422	5130	292	5.4
CN2020700000000	20	207	Woodson County, KS	1996	NA	1585	1482	103	6.5
CN2020900000000	20	209	Wyandotte County, KS	1996	NA	75331	69340	5991	8
CN2100100000000	21	001	Adair County, KY	1996	NA	8227	7522	705	8.6
CN2100300000000	21	003	Allen County, KY	1996	NA	8826	8258	568	6.4
CN2100500000000	21	005	Anderson County, KY	1996	NA	9286	8859	427	4.6
CN2100700000000	21	007	Ballard County, KY	1996	NA	4062	3795	267	6.6
CN2100900000000	21	009	Barren County, KY	1996	NA	18723	17513	1210	6.5
CN2101100000000	21	011	Bath County, KY	1996	NA	5133	4774	359	7
CN2101300000000	21	013	Bell County, KY	1996	NA	10033	9242	791	7.9
CN2101500000000	21	015	Boone County, KY	1996	NA	39541	38021	1520	3.8
CN2101700000000	21	017	Bourbon County, KY	1996	NA	9622	9299	323	3.4
CN2101900000000	21	019	Boyd County, KY	1996	NA	22340	20797	1543	6.9
CN2102100000000	21	021	Boyle County, KY	1996	NA	13460	12889	571	4.2
CN2102300000000	21	023	Bracken County, KY	1996	NA	3849	3621	228	5.9
CN2102500000000	21	025	Breathitt County, KY	1996	NA	4426	3931	495	11.2
CN2102700000000	21	027	Breckinridge County, KY	1996	NA	7861	7328	533	6.8
CN2102900000000	21	029	Bullitt County, KY	1996	NA	30671	29535	1136	3.7
CN2103100000000	21	031	Butler County, KY	1996	NA	5640	5223	417	7.4
CN2103300000000	21	033	Caldwell County, KY	1996	NA	6378	5764	614	9.6
CN2103500000000	21	035	Calloway County, KY	1996	NA	17176	16380	796	4.6
CN2103700000000	21	037	Campbell County, KY	1996	NA	44633	42696	1937	4.3
CN2103900000000	21	039	Carlisle County, KY	1996	NA	2720	2550	170	6.3
CN2104100000000	21	041	Carroll County, KY	1996	NA	4574	4363	211	4.6
CN2104300000000	21	043	Carter County, KY	1996	NA	11196	9869	1327	11.9
CN2104500000000	21	045	Casey County, KY	1996	NA	6896	6434	462	6.7
CN2104700000000	21	047	Christian County, KY	1996	NA	26879	25749	1130	4.2
CN2104900000000	21	049	Clark County, KY	1996	NA	15600	14962	638	4.1
CN2105100000000	21	051	Clay County, KY	1996	NA	7166	6530	636	8.9
CN2105300000000	21	053	Clinton County, KY	1996	NA	4519	4053	466	10.3
CN2105500000000	21	055	Crittenden County, KY	1996	NA	4278	3966	312	7.3
CN2105700000000	21	057	Cumberland County, KY	1996	NA	2852	2402	450	15.8
CN2105900000000	21	059	Daviess County, KY	1996	NA	47976	45255	2721	5.7
CN2106100000000	21	061	Edmonson County, KY	1996	NA	4847	4373	474	9.8
CN2106300000000	21	063	Elliott County, KY	1996	NA	2782	2369	413	14.8
CN2106500000000	21	065	Estill County, KY	1996	NA	5924	5593	331	5.6
CN2106700000000	21	067	Fayette County, KY	1996	NA	135788	132510	3278	2.4
CN2106900000000	21	069	Fleming County, KY	1996	NA	6143	5820	323	5.3
CN2107100000000	21	071	Floyd County, KY	1996	NA	14042	12562	1480	10.5
CN2107300000000	21	073	Franklin County, KY	1996	NA	24092	23203	889	3.7
CN2107500000000	21	075	Fulton County, KY	1996	NA	4109	3506	603	14.7
CN2107700000000	21	077	Gallatin County, KY	1996	NA	3191	3015	176	5.5
CN2107900000000	21	079	Garrard County, KY	1996	NA	6564	6313	251	3.8
CN2108100000000	21	081	Grant County, KY	1996	NA	9364	8831	533	5.7
CN2108300000000	21	083	Graves County, KY	1996	NA	17333	15967	1366	7.9
CN2108500000000	21	085	Grayson County, KY	1996	NA	11187	10394	793	7.1
CN2108700000000	21	087	Green County, KY	1996	NA	5220	4824	396	7.6
CN2108900000000	21	089	Greenup County, KY	1996	NA	16200	15164	1036	6.4
CN2109100000000	21	091	Hancock County, KY	1996	NA	3605	3359	246	6.8
CN2109300000000	21	093	Hardin County, KY	1996	NA	35833	33901	1932	5.4
CN2109500000000	21	095	Harlan County, KY	1996	NA	9363	8108	1255	13.4
CN2109700000000	21	097	Harrison County, KY	1996	NA	7372	7002	370	5
CN2109900000000	21	099	Hart County, KY	1996	NA	7910	7409	501	6.3
CN2110100000000	21	101	Henderson County, KY	1996	NA	23914	22257	1657	6.9
CN2110300000000	21	103	Henry County, KY	1996	NA	7218	6918	300	4.2
CN2110500000000	21	105	Hickman County, KY	1996	NA	2545	2364	181	7.1
CN2110700000000	21	107	Hopkins County, KY	1996	NA	20490	19035	1455	7.1
CN2110900000000	21	109	Jackson County, KY	1996	NA	6116	5733	383	6.3
CN2111100000000	21	111	Jefferson County, KY	1996	NA	360662	344528	16134	4.5
CN2111300000000	21	113	Jessamine County, KY	1996	NA	19190	18731	459	2.4
CN2111500000000	21	115	Johnson County, KY	1996	NA	9963	9046	917	9.2
CN2111700000000	21	117	Kenton County, KY	1996	NA	76894	73755	3139	4.1
CN2111900000000	21	119	Knott County, KY	1996	NA	5845	5230	615	10.5
CN2112100000000	21	121	Knox County, KY	1996	NA	11278	10036	1242	11
CN2112300000000	21	123	Larue County, KY	1996	NA	6055	5811	244	4
CN2112500000000	21	125	Laurel County, KY	1996	NA	21574	20148	1426	6.6
CN2112700000000	21	127	Lawrence County, KY	1996	NA	5294	4622	672	12.7
CN2112900000000	21	129	Lee County, KY	1996	NA	2419	2264	155	6.4
CN2113100000000	21	131	Leslie County, KY	1996	NA	4270	3977	293	6.9
CN2113300000000	21	133	Letcher County, KY	1996	NA	7798	6938	860	11
CN2113500000000	21	135	Lewis County, KY	1996	NA	5325	4712	613	11.5
CN2113700000000	21	137	Lincoln County, KY	1996	NA	10039	9564	475	4.7
CN2113900000000	21	139	Livingston County, KY	1996	NA	4730	4458	272	5.8
CN2114100000000	21	141	Logan County, KY	1996	NA	13111	12437	674	5.1
CN2114300000000	21	143	Lyon County, KY	1996	NA	3324	3077	247	7.4
CN2114500000000	21	145	McCracken County, KY	1996	NA	33418	32013	1405	4.2
CN2114700000000	21	147	McCreary County, KY	1996	NA	6317	5599	718	11.4
CN2114900000000	21	149	McLean County, KY	1996	NA	4348	3994	354	8.1
CN2115100000000	21	151	Madison County, KY	1996	NA	33342	32232	1110	3.3
CN2115300000000	21	153	Magoffin County, KY	1996	NA	4827	4120	707	14.6
CN2115500000000	21	155	Marion County, KY	1996	NA	8827	8172	655	7.4
CN2115700000000	21	157	Marshall County, KY	1996	NA	14226	13381	845	5.9
CN2115900000000	21	159	Martin County, KY	1996	NA	3289	2819	470	14.3
CN2116100000000	21	161	Mason County, KY	1996	NA	8612	8189	423	4.9
CN2116300000000	21	163	Meade County, KY	1996	NA	10305	9815	490	4.8
CN2116500000000	21	165	Menifee County, KY	1996	NA	2580	2353	227	8.8
CN2116700000000	21	167	Mercer County, KY	1996	NA	10510	10096	414	3.9
CN2116900000000	21	169	Metcalfe County, KY	1996	NA	4871	4567	304	6.2
CN2117100000000	21	171	Monroe County, KY	1996	NA	5488	5140	348	6.3
CN2117300000000	21	173	Montgomery County, KY	1996	NA	11213	10624	589	5.3
CN2117500000000	21	175	Morgan County, KY	1996	NA	4814	4341	473	9.8
CN2117700000000	21	177	Muhlenberg County, KY	1996	NA	12042	11041	1001	8.3
CN2117900000000	21	179	Nelson County, KY	1996	NA	17855	16566	1289	7.2
CN2118100000000	21	181	Nicholas County, KY	1996	NA	3222	3061	161	5
CN2118300000000	21	183	Ohio County, KY	1996	NA	9842	9010	832	8.5
CN2118500000000	21	185	Oldham County, KY	1996	NA	22205	21654	551	2.5
CN2118700000000	21	187	Owen County, KY	1996	NA	4522	4330	192	4.2
CN2118900000000	21	189	Owsley County, KY	1996	NA	1572	1488	84	5.3
CN2119100000000	21	191	Pendleton County, KY	1996	NA	6444	6120	324	5
CN2119300000000	21	193	Perry County, KY	1996	NA	11416	10386	1030	9
CN2119500000000	21	195	Pike County, KY	1996	NA	27268	24638	2630	9.6
CN2119700000000	21	197	Powell County, KY	1996	NA	6950	6486	464	6.7
CN2119900000000	21	199	Pulaski County, KY	1996	NA	24464	23104	1360	5.6
CN2120100000000	21	201	Robertson County, KY	1996	NA	997	950	47	4.7
CN2120300000000	21	203	Rockcastle County, KY	1996	NA	6092	5683	409	6.7
CN2120500000000	21	205	Rowan County, KY	1996	NA	8823	8312	511	5.8
CN2120700000000	21	207	Russell County, KY	1996	NA	6422	5675	747	11.6
CN2120900000000	21	209	Scott County, KY	1996	NA	15466	15029	437	2.8
CN2121100000000	21	211	Shelby County, KY	1996	NA	16432	16026	406	2.5
CN2121300000000	21	213	Simpson County, KY	1996	NA	7531	7082	449	6
CN2121500000000	21	215	Spencer County, KY	1996	NA	4598	4409	189	4.1
CN2121700000000	21	217	Taylor County, KY	1996	NA	11318	10673	645	5.7
CN2121900000000	21	219	Todd County, KY	1996	NA	5373	5138	235	4.4
CN2122100000000	21	221	Trigg County, KY	1996	NA	5879	5618	261	4.4
CN2122300000000	21	223	Trimble County, KY	1996	NA	3128	2996	132	4.2
CN2122500000000	21	225	Union County, KY	1996	NA	6420	5943	477	7.4
CN2122700000000	21	227	Warren County, KY	1996	NA	48219	45297	2922	6.1
CN2122900000000	21	229	Washington County, KY	1996	NA	5817	5490	327	5.6
CN2123100000000	21	231	Wayne County, KY	1996	NA	7707	7041	666	8.6
CN2123300000000	21	233	Webster County, KY	1996	NA	5647	5232	415	7.3
CN2123500000000	21	235	Whitley County, KY	1996	NA	14049	12819	1230	8.8
CN2123700000000	21	237	Wolfe County, KY	1996	NA	3349	3124	225	6.7
CN2123900000000	21	239	Woodford County, KY	1996	NA	12587	12313	274	2.2
CN2200100000000	22	001	Acadia Parish, LA	1996	NA	22846	21187	1659	7.3
CN2200300000000	22	003	Allen Parish, LA	1996	NA	8712	8033	679	7.8
CN2200500000000	22	005	Ascension Parish, LA	1996	NA	31359	29443	1916	6.1
CN2200700000000	22	007	Assumption Parish, LA	1996	NA	9165	8551	614	6.7
CN2200900000000	22	009	Avoyelles Parish, LA	1996	NA	16093	14687	1406	8.7
CN2201100000000	22	011	Beauregard Parish, LA	1996	NA	12618	11692	926	7.3
CN2201300000000	22	013	Bienville Parish, LA	1996	NA	5990	5351	639	10.7
CN2201500000000	22	015	Bossier Parish, LA	1996	NA	44595	41903	2692	6
CN2201700000000	22	017	Caddo Parish, LA	1996	NA	116551	108956	7595	6.5
CN2201900000000	22	019	Calcasieu Parish, LA	1996	NA	87628	82638	4990	5.7
CN2202100000000	22	021	Caldwell Parish, LA	1996	NA	4445	4003	442	9.9
CN2202300000000	22	023	Cameron Parish, LA	1996	NA	3591	3393	198	5.5
CN2202500000000	22	025	Catahoula Parish, LA	1996	NA	4938	4409	529	10.7
CN2202700000000	22	027	Claiborne Parish, LA	1996	NA	5948	5400	548	9.2
CN2202900000000	22	029	Concordia Parish, LA	1996	NA	8029	7058	971	12.1
CN2203100000000	22	031	De Soto Parish, LA	1996	NA	10850	9861	989	9.1
CN2203300000000	22	033	East Baton Rouge Parish, LA	1996	NA	202750	192767	9983	4.9
CN2203500000000	22	035	East Carroll Parish, LA	1996	NA	3159	2657	502	15.9
CN2203700000000	22	037	East Feliciana Parish, LA	1996	NA	7551	7013	538	7.1
CN2203900000000	22	039	Evangeline Parish, LA	1996	NA	11796	11049	747	6.3
CN2204100000000	22	041	Franklin Parish, LA	1996	NA	9797	8850	947	9.7
CN2204300000000	22	043	Grant Parish, LA	1996	NA	6373	5740	633	9.9
CN2204500000000	22	045	Iberia Parish, LA	1996	NA	30804	29032	1772	5.8
CN2204700000000	22	047	Iberville Parish, LA	1996	NA	12126	11070	1056	8.7
CN2204900000000	22	049	Jackson Parish, LA	1996	NA	6401	6005	396	6.2
CN2205100000000	22	051	Jefferson Parish, LA	1996	NA	238684	224477	14207	6
CN2205300000000	22	053	Jefferson Davis Parish, LA	1996	NA	11665	10814	851	7.3
CN2205500000000	22	055	Lafayette Parish, LA	1996	NA	91582	87767	3815	4.2
CN2205700000000	22	057	Lafourche Parish, LA	1996	NA	38873	37328	1545	4
CN2205900000000	22	059	LaSalle Parish, LA	1996	NA	5600	5287	313	5.6
CN2206100000000	22	061	Lincoln Parish, LA	1996	NA	18383	17827	556	3
CN2206300000000	22	063	Livingston Parish, LA	1996	NA	38921	36205	2716	7
CN2206500000000	22	065	Madison Parish, LA	1996	NA	5657	4973	684	12.1
CN2206700000000	22	067	Morehouse Parish, LA	1996	NA	12714	11313	1401	11
CN2206900000000	22	069	Natchitoches Parish, LA	1996	NA	17307	16021	1286	7.4
CN2207100000000	22	071	Orleans Parish, LA	1996	NA	208234	189844	18390	8.8
CN2207300000000	22	073	Ouachita Parish, LA	1996	NA	68420	64403	4017	5.9
CN2207500000000	22	075	Plaquemines Parish, LA	1996	NA	10566	9893	673	6.4
CN2207700000000	22	077	Pointe Coupee Parish, LA	1996	NA	9240	8492	748	8.1
CN2207900000000	22	079	Rapides Parish, LA	1996	NA	57952	54311	3641	6.3
CN2208100000000	22	081	Red River Parish, LA	1996	NA	3764	3293	471	12.5
CN2208300000000	22	083	Richland Parish, LA	1996	NA	7902	7129	773	9.8
CN2208500000000	22	085	Sabine Parish, LA	1996	NA	9158	8534	624	6.8
CN2208700000000	22	087	St. Bernard Parish, LA	1996	NA	32267	29755	2512	7.8
CN2208900000000	22	089	St. Charles Parish, LA	1996	NA	22779	21070	1709	7.5
CN2209100000000	22	091	St. Helena Parish, LA	1996	NA	3985	3701	284	7.1
CN2209300000000	22	093	St. James Parish, LA	1996	NA	8863	7952	911	10.3
CN2209500000000	22	095	St. John the Baptist Parish, LA	1996	NA	20023	17920	2103	10.5
CN2209700000000	22	097	St. Landry Parish, LA	1996	NA	30829	28459	2370	7.7
CN2209900000000	22	099	St. Martin Parish, LA	1996	NA	20175	18927	1248	6.2
CN2210100000000	22	101	St. Mary Parish, LA	1996	NA	24092	22374	1718	7.1
CN2210300000000	22	103	St. Tammany Parish, LA	1996	NA	86226	81613	4613	5.3
CN2210500000000	22	105	Tangipahoa Parish, LA	1996	NA	42255	38583	3672	8.7
CN2210700000000	22	107	Tensas Parish, LA	1996	NA	3049	2785	264	8.7
CN2210900000000	22	109	Terrebonne Parish, LA	1996	NA	44254	42295	1959	4.4
CN2211100000000	22	111	Union Parish, LA	1996	NA	11266	10569	697	6.2
CN2211300000000	22	113	Vermilion Parish, LA	1996	NA	22690	21495	1195	5.3
CN2211500000000	22	115	Vernon Parish, LA	1996	NA	17139	15986	1153	6.7
CN2211700000000	22	117	Washington Parish, LA	1996	NA	16770	15459	1311	7.8
CN2211900000000	22	119	Webster Parish, LA	1996	NA	18791	17068	1723	9.2
CN2212100000000	22	121	West Baton Rouge Parish, LA	1996	NA	9704	9118	586	6
CN2212300000000	22	123	West Carroll Parish, LA	1996	NA	5126	4413	713	13.9
CN2212500000000	22	125	West Feliciana Parish, LA	1996	NA	3647	3388	259	7.1
CN2212700000000	22	127	Winn Parish, LA	1996	NA	6557	6130	427	6.5
CN2300100000000	23	001	Androscoggin County, ME	1996	NA	57515	54148	3367	5.9
CN2300300000000	23	003	Aroostook County, ME	1996	NA	38344	34833	3511	9.2
CN2300500000000	23	005	Cumberland County, ME	1996	NA	137157	133032	4125	3
CN2300700000000	23	007	Franklin County, ME	1996	NA	15337	14336	1001	6.5
CN2300900000000	23	009	Hancock County, ME	1996	NA	27068	25484	1584	5.9
CN2301100000000	23	011	Kennebec County, ME	1996	NA	60816	57336	3480	5.7
CN2301300000000	23	013	Knox County, ME	1996	NA	20794	20039	755	3.6
CN2301500000000	23	015	Lincoln County, ME	1996	NA	17060	16384	676	4
CN2301700000000	23	017	Oxford County, ME	1996	NA	26026	24376	1650	6.3
CN2301900000000	23	019	Penobscot County, ME	1996	NA	75547	71472	4075	5.4
CN2302100000000	23	021	Piscataquis County, ME	1996	NA	8566	7914	652	7.6
CN2302300000000	23	023	Sagadahoc County, ME	1996	NA	15842	15191	651	4.1
CN2302500000000	23	025	Somerset County, ME	1996	NA	26282	24115	2167	8.2
CN2302700000000	23	027	Waldo County, ME	1996	NA	19773	18581	1192	6
CN2302900000000	23	029	Washington County, ME	1996	NA	16706	15119	1587	9.5
CN2303100000000	23	031	York County, ME	1996	NA	93859	90225	3634	3.9
CN2400100000000	24	001	Allegany County, MD	1996	NA	32853	29893	2960	9
CN2400300000000	24	003	Anne Arundel County, MD	1996	NA	249968	239637	10331	4.1
CN2400500000000	24	005	Baltimore County, MD	1996	NA	393054	372063	20991	5.3
CN2400900000000	24	009	Calvert County, MD	1996	NA	35362	33900	1462	4.1
CN2401100000000	24	011	Caroline County, MD	1996	NA	15740	14789	951	6
CN2401300000000	24	013	Carroll County, MD	1996	NA	78506	75238	3268	4.2
CN2401500000000	24	015	Cecil County, MD	1996	NA	40893	36758	4135	10.1
CN2401700000000	24	017	Charles County, MD	1996	NA	59257	57149	2108	3.6
CN2401900000000	24	019	Dorchester County, MD	1996	NA	15611	13907	1704	10.9
CN2402100000000	24	021	Frederick County, MD	1996	NA	97246	93872	3374	3.5
CN2402300000000	24	023	Garrett County, MD	1996	NA	14420	12855	1565	10.9
CN2402500000000	24	025	Harford County, MD	1996	NA	111168	105183	5985	5.4
CN2402700000000	24	027	Howard County, MD	1996	NA	133258	129136	4122	3.1
CN2402900000000	24	029	Kent County, MD	1996	NA	10299	9452	847	8.2
CN2403100000000	24	031	Montgomery County, MD	1996	NA	466495	453768	12727	2.7
CN2403300000000	24	033	Prince George's County, MD	1996	NA	443885	422316	21569	4.9
CN2403500000000	24	035	Queen Anne's County, MD	1996	NA	20186	19254	932	4.6
CN2403700000000	24	037	St. Mary's County, MD	1996	NA	44564	42456	2108	4.7
CN2403900000000	24	039	Somerset County, MD	1996	NA	11594	10414	1180	10.2
CN2404100000000	24	041	Talbot County, MD	1996	NA	18151	17408	743	4.1
CN2404300000000	24	043	Washington County, MD	1996	NA	68795	65132	3663	5.3
CN2404500000000	24	045	Wicomico County, MD	1996	NA	47003	44116	2887	6.1
CN2404700000000	24	047	Worcester County, MD	1996	NA	24366	21962	2404	9.9
CN2451000000000	24	510	Baltimore city, MD	1996	NA	307930	281678	26252	8.5
CN2500100000000	25	001	Barnstable County, MA	1996	NA	104011	97755	6256	6
CN2500300000000	25	003	Berkshire County, MA	1996	NA	66371	63009	3362	5.1
CN2500500000000	25	005	Bristol County, MA	1996	NA	265509	246411	19098	7.2
CN2500700000000	25	007	Dukes County, MA	1996	NA	9096	8624	472	5.2
CN2500900000000	25	009	Essex County, MA	1996	NA	359350	343052	16298	4.5
CN2501100000000	25	011	Franklin County, MA	1996	NA	37378	35929	1449	3.9
CN2501300000000	25	013	Hampden County, MA	1996	NA	211623	200749	10874	5.1
CN2501500000000	25	015	Hampshire County, MA	1996	NA	80090	77464	2626	3.3
CN2501700000000	25	017	Middlesex County, MA	1996	NA	799884	773094	26790	3.3
CN2501900000000	25	019	Nantucket County/town, MA	1996	NA	5848	5713	135	2.3
CN2502100000000	25	021	Norfolk County, MA	1996	NA	358407	345958	12449	3.5
CN2502300000000	25	023	Plymouth County, MA	1996	NA	239814	227801	12013	5
CN2502500000000	25	025	Suffolk County, MA	1996	NA	339641	323834	15807	4.7
CN2502700000000	25	027	Worcester County, MA	1996	NA	364351	348176	16175	4.4
CN2600100000000	26	001	Alcona County, MI	1996	NA	4939	4507	432	8.7
CN2600300000000	26	003	Alger County, MI	1996	NA	4206	3905	301	7.2
CN2600500000000	26	005	Allegan County, MI	1996	NA	52014	50167	1847	3.6
CN2600700000000	26	007	Alpena County, MI	1996	NA	15531	14133	1398	9
CN2600900000000	26	009	Antrim County, MI	1996	NA	9570	8920	650	6.8
CN2601100000000	26	011	Arenac County, MI	1996	NA	6767	6142	625	9.2
CN2601300000000	26	013	Baraga County, MI	1996	NA	4012	3647	365	9.1
CN2601500000000	26	015	Barry County, MI	1996	NA	29576	28475	1101	3.7
CN2601700000000	26	017	Bay County, MI	1996	NA	54176	51436	2740	5.1
CN2601900000000	26	019	Benzie County, MI	1996	NA	7143	6640	503	7
CN2602100000000	26	021	Berrien County, MI	1996	NA	82409	77709	4700	5.7
CN2602300000000	26	023	Branch County, MI	1996	NA	20238	19218	1020	5
CN2602500000000	26	025	Calhoun County, MI	1996	NA	66295	63257	3038	4.6
CN2602700000000	26	027	Cass County, MI	1996	NA	25625	24309	1316	5.1
CN2602900000000	26	029	Charlevoix County, MI	1996	NA	13170	12318	852	6.5
CN2603100000000	26	031	Cheboygan County, MI	1996	NA	11855	10575	1280	10.8
CN2603300000000	26	033	Chippewa County, MI	1996	NA	17634	16180	1454	8.2
CN2603500000000	26	035	Clare County, MI	1996	NA	9882	9031	851	8.6
CN2603700000000	26	037	Clinton County, MI	1996	NA	33013	31894	1119	3.4
CN2603900000000	26	039	Crawford County, MI	1996	NA	5423	5037	386	7.1
CN2604100000000	26	041	Delta County, MI	1996	NA	18331	16879	1452	7.9
CN2604300000000	26	043	Dickinson County, MI	1996	NA	13870	13100	770	5.6
CN2604500000000	26	045	Eaton County, MI	1996	NA	53926	52223	1703	3.2
CN2604700000000	26	047	Emmet County, MI	1996	NA	16200	14716	1484	9.2
CN2604900000000	26	049	Genesee County, MI	1996	NA	204330	192038	12292	6
CN2605100000000	26	051	Gladwin County, MI	1996	NA	8969	8283	686	7.6
CN2605300000000	26	053	Gogebic County, MI	1996	NA	8247	7330	917	11.1
CN2605500000000	26	055	Grand Traverse County, MI	1996	NA	42685	40714	1971	4.6
CN2605700000000	26	057	Gratiot County, MI	1996	NA	18716	17495	1221	6.5
CN2605900000000	26	059	Hillsdale County, MI	1996	NA	22020	21055	965	4.4
CN2606100000000	26	061	Houghton County, MI	1996	NA	16499	15427	1072	6.5
CN2606300000000	26	063	Huron County, MI	1996	NA	17144	16096	1048	6.1
CN2606500000000	26	065	Ingham County, MI	1996	NA	150198	144664	5534	3.7
CN2606700000000	26	067	Ionia County, MI	1996	NA	26618	25057	1561	5.9
CN2606900000000	26	069	Iosco County, MI	1996	NA	11261	10351	910	8.1
CN2607100000000	26	071	Iron County, MI	1996	NA	5522	5075	447	8.1
CN2607300000000	26	073	Isabella County, MI	1996	NA	28198	27153	1045	3.7
CN2607500000000	26	075	Jackson County, MI	1996	NA	74915	71280	3635	4.9
CN2607700000000	26	077	Kalamazoo County, MI	1996	NA	123242	119109	4133	3.4
CN2607900000000	26	079	Kalkaska County, MI	1996	NA	7417	6848	569	7.7
CN2608100000000	26	081	Kent County, MI	1996	NA	301823	290281	11542	3.8
CN2608300000000	26	083	Keweenaw County, MI	1996	NA	785	692	93	11.8
CN2608500000000	26	085	Lake County, MI	1996	NA	3094	2763	331	10.7
CN2608700000000	26	087	Lapeer County, MI	1996	NA	41734	39499	2235	5.4
CN2608900000000	26	089	Leelanau County, MI	1996	NA	10391	9921	470	4.5
CN2609100000000	26	091	Lenawee County, MI	1996	NA	45513	43551	1962	4.3
CN2609300000000	26	093	Livingston County, MI	1996	NA	73819	71337	2482	3.4
CN2609500000000	26	095	Luce County, MI	1996	NA	2714	2508	206	7.6
CN2609700000000	26	097	Mackinac County, MI	1996	NA	7223	6486	737	10.2
CN2609900000000	26	099	Macomb County, MI	1996	NA	423406	404798	18608	4.4
CN2610100000000	26	101	Manistee County, MI	1996	NA	10061	9048	1013	10.1
CN2610300000000	26	103	Marquette County, MI	1996	NA	31478	29571	1907	6.1
CN2610500000000	26	105	Mason County, MI	1996	NA	13668	12499	1169	8.6
CN2610700000000	26	107	Mecosta County, MI	1996	NA	17265	16389	876	5.1
CN2610900000000	26	109	Menominee County, MI	1996	NA	13015	12268	747	5.7
CN2611100000000	26	111	Midland County, MI	1996	NA	41255	39695	1560	3.8
CN2611300000000	26	113	Missaukee County, MI	1996	NA	6170	5760	410	6.6
CN2611500000000	26	115	Monroe County, MI	1996	NA	68928	66252	2676	3.9
CN2611700000000	26	117	Montcalm County, MI	1996	NA	24419	22420	1999	8.2
CN2611900000000	26	119	Montmorency County, MI	1996	NA	3332	2919	413	12.4
CN2612100000000	26	121	Muskegon County, MI	1996	NA	78859	74257	4602	5.8
CN2612300000000	26	123	Newaygo County, MI	1996	NA	20063	18173	1890	9.4
CN2612500000000	26	125	Oakland County, MI	1996	NA	647958	624984	22974	3.5
CN2612700000000	26	127	Oceana County, MI	1996	NA	13319	11950	1369	10.3
CN2612900000000	26	129	Ogemaw County, MI	1996	NA	8396	7611	785	9.3
CN2613100000000	26	131	Ontonagon County, MI	1996	NA	3557	2981	576	16.2
CN2613300000000	26	133	Osceola County, MI	1996	NA	10668	9970	698	6.5
CN2613500000000	26	135	Oscoda County, MI	1996	NA	3419	3088	331	9.7
CN2613700000000	26	137	Otsego County, MI	1996	NA	12268	11648	620	5.1
CN2613900000000	26	139	Ottawa County, MI	1996	NA	124703	120920	3783	3
CN2614100000000	26	141	Presque Isle County, MI	1996	NA	6172	5357	815	13.2
CN2614300000000	26	143	Roscommon County, MI	1996	NA	7973	7236	737	9.2
CN2614500000000	26	145	Saginaw County, MI	1996	NA	99072	94246	4826	4.9
CN2614700000000	26	147	St. Clair County, MI	1996	NA	76384	71959	4425	5.8
CN2614900000000	26	149	St. Joseph County, MI	1996	NA	32534	31064	1470	4.5
CN2615100000000	26	151	Sanilac County, MI	1996	NA	20458	19075	1383	6.8
CN2615300000000	26	153	Schoolcraft County, MI	1996	NA	4092	3630	462	11.3
CN2615500000000	26	155	Shiawassee County, MI	1996	NA	34971	32746	2225	6.4
CN2615700000000	26	157	Tuscola County, MI	1996	NA	26927	25234	1693	6.3
CN2615900000000	26	159	Van Buren County, MI	1996	NA	35998	33725	2273	6.3
CN2616100000000	26	161	Washtenaw County, MI	1996	NA	163470	159818	3652	2.2
CN2616300000000	26	163	Wayne County, MI	1996	NA	950567	895399	55168	5.8
CN2616500000000	26	165	Wexford County, MI	1996	NA	13928	12722	1206	8.7
CN2700100000000	27	001	Aitkin County, MN	1996	NA	6011	5430	581	9.7
CN2700300000000	27	003	Anoka County, MN	1996	NA	170593	165070	5523	3.2
CN2700500000000	27	005	Becker County, MN	1996	NA	13514	12427	1087	8
CN2700700000000	27	007	Beltrami County, MN	1996	NA	18943	17573	1370	7.2
CN2700900000000	27	009	Benton County, MN	1996	NA	19849	18832	1017	5.1
CN2701100000000	27	011	Big Stone County, MN	1996	NA	2831	2703	128	4.5
CN2701300000000	27	013	Blue Earth County, MN	1996	NA	32730	31619	1111	3.4
CN2701500000000	27	015	Brown County, MN	1996	NA	15326	14630	696	4.5
CN2701700000000	27	017	Carlton County, MN	1996	NA	15384	14280	1104	7.2
CN2701900000000	27	019	Carver County, MN	1996	NA	36839	35941	898	2.4
CN2702100000000	27	021	Cass County, MN	1996	NA	11631	10570	1061	9.1
CN2702300000000	27	023	Chippewa County, MN	1996	NA	7062	6713	349	4.9
CN2702500000000	27	025	Chisago County, MN	1996	NA	19737	18771	966	4.9
CN2702700000000	27	027	Clay County, MN	1996	NA	29627	28385	1242	4.2
CN2702900000000	27	029	Clearwater County, MN	1996	NA	4070	3455	615	15.1
CN2703100000000	27	031	Cook County, MN	1996	NA	2966	2803	163	5.5
CN2703300000000	27	033	Cottonwood County, MN	1996	NA	6243	5793	450	7.2
CN2703500000000	27	035	Crow Wing County, MN	1996	NA	26523	24725	1798	6.8
CN2703700000000	27	037	Dakota County, MN	1996	NA	201275	196079	5196	2.6
CN2703900000000	27	039	Dodge County, MN	1996	NA	8915	8413	502	5.6
CN2704100000000	27	041	Douglas County, MN	1996	NA	16594	15830	764	4.6
CN2704300000000	27	043	Faribault County, MN	1996	NA	8392	7960	432	5.1
CN2704500000000	27	045	Fillmore County, MN	1996	NA	10249	9725	524	5.1
CN2704700000000	27	047	Freeborn County, MN	1996	NA	16496	15766	730	4.4
CN2704900000000	27	049	Goodhue County, MN	1996	NA	23708	22687	1021	4.3
CN2705100000000	27	051	Grant County, MN	1996	NA	3057	2881	176	5.8
CN2705300000000	27	053	Hennepin County, MN	1996	NA	645525	626446	19079	3
CN2705500000000	27	055	Houston County, MN	1996	NA	10929	10503	426	3.9
CN2705700000000	27	057	Hubbard County, MN	1996	NA	7992	7329	663	8.3
CN2705900000000	27	059	Isanti County, MN	1996	NA	15132	14373	759	5
CN2706100000000	27	061	Itasca County, MN	1996	NA	19823	17911	1912	9.6
CN2706300000000	27	063	Jackson County, MN	1996	NA	6144	5836	308	5
CN2706500000000	27	065	Kanabec County, MN	1996	NA	7471	6758	713	9.5
CN2706700000000	27	067	Kandiyohi County, MN	1996	NA	21366	20463	903	4.2
CN2706900000000	27	069	Kittson County, MN	1996	NA	2452	2281	171	7
CN2707100000000	27	071	Koochiching County, MN	1996	NA	6684	6153	531	7.9
CN2707300000000	27	073	Lac qui Parle County, MN	1996	NA	3990	3852	138	3.5
CN2707500000000	27	075	Lake County, MN	1996	NA	5852	5516	336	5.7
CN2707700000000	27	077	Lake of the Woods County, MN	1996	NA	2530	2404	126	5
CN2707900000000	27	079	Le Sueur County, MN	1996	NA	13897	13214	683	4.9
CN2708100000000	27	081	Lincoln County, MN	1996	NA	3097	2939	158	5.1
CN2708300000000	27	083	Lyon County, MN	1996	NA	15152	14613	539	3.6
CN2708500000000	27	085	McLeod County, MN	1996	NA	21105	20295	810	3.8
CN2708700000000	27	087	Mahnomen County, MN	1996	NA	2466	2232	234	9.5
CN2708900000000	27	089	Marshall County, MN	1996	NA	4838	4261	577	11.9
CN2709100000000	27	091	Martin County, MN	1996	NA	11389	10817	572	5
CN2709300000000	27	093	Meeker County, MN	1996	NA	9606	8966	640	6.7
CN2709500000000	27	095	Mille Lacs County, MN	1996	NA	9411	8562	849	9
CN2709700000000	27	097	Morrison County, MN	1996	NA	15397	14074	1323	8.6
CN2709900000000	27	099	Mower County, MN	1996	NA	18790	18145	645	3.4
CN2710100000000	27	101	Murray County, MN	1996	NA	4454	4196	258	5.8
CN2710300000000	27	103	Nicollet County, MN	1996	NA	18222	17675	547	3
CN2710500000000	27	105	Nobles County, MN	1996	NA	10314	9932	382	3.7
CN2710700000000	27	107	Norman County, MN	1996	NA	3674	3453	221	6
CN2710900000000	27	109	Olmsted County, MN	1996	NA	65493	63516	1977	3
CN2711100000000	27	111	Otter Tail County, MN	1996	NA	27818	26154	1664	6
CN2711300000000	27	113	Pennington County, MN	1996	NA	7997	7482	515	6.4
CN2711500000000	27	115	Pine County, MN	1996	NA	11378	10374	1004	8.8
CN2711700000000	27	117	Pipestone County, MN	1996	NA	5237	5047	190	3.6
CN2711900000000	27	119	Polk County, MN	1996	NA	17156	16177	979	5.7
CN2712100000000	27	121	Pope County, MN	1996	NA	5478	5214	264	4.8
CN2712300000000	27	123	Ramsey County, MN	1996	NA	278373	269496	8877	3.2
CN2712500000000	27	125	Red Lake County, MN	1996	NA	2036	1785	251	12.3
CN2712700000000	27	127	Redwood County, MN	1996	NA	9203	8845	358	3.9
CN2712900000000	27	129	Renville County, MN	1996	NA	8470	7996	474	5.6
CN2713100000000	27	131	Rice County, MN	1996	NA	28774	27608	1166	4.1
CN2713300000000	27	133	Rock County, MN	1996	NA	5108	4966	142	2.8
CN2713500000000	27	135	Roseau County, MN	1996	NA	9271	8743	528	5.7
CN2713700000000	27	137	St. Louis County, MN	1996	NA	101784	96001	5783	5.7
CN2713900000000	27	139	Scott County, MN	1996	NA	42817	41509	1308	3.1
CN2714100000000	27	141	Sherburne County, MN	1996	NA	30142	28901	1241	4.1
CN2714300000000	27	143	Sibley County, MN	1996	NA	6912	6532	380	5.5
CN2714500000000	27	145	Stearns County, MN	1996	NA	75102	71401	3701	4.9
CN2714700000000	27	147	Steele County, MN	1996	NA	18875	18189	686	3.6
CN2714900000000	27	149	Stevens County, MN	1996	NA	5597	5399	198	3.5
CN2715100000000	27	151	Swift County, MN	1996	NA	5545	5254	291	5.2
CN2715300000000	27	153	Todd County, MN	1996	NA	10436	9620	816	7.8
CN2715500000000	27	155	Traverse County, MN	1996	NA	1909	1810	99	5.2
CN2715700000000	27	157	Wabasha County, MN	1996	NA	12223	11657	566	4.6
CN2715900000000	27	159	Wadena County, MN	1996	NA	6400	5964	436	6.8
CN2716100000000	27	161	Waseca County, MN	1996	NA	9621	9210	411	4.3
CN2716300000000	27	163	Washington County, MN	1996	NA	108351	105472	2879	2.7
CN2716500000000	27	165	Watonwan County, MN	1996	NA	5902	5659	243	4.1
CN2716700000000	27	167	Wilkin County, MN	1996	NA	4008	3856	152	3.8
CN2716900000000	27	169	Winona County, MN	1996	NA	28455	27349	1106	3.9
CN2717100000000	27	171	Wright County, MN	1996	NA	44941	43101	1840	4.1
CN2717300000000	27	173	Yellow Medicine County, MN	1996	NA	5455	5154	301	5.5
CN2800100000000	28	001	Adams County, MS	1996	NA	14263	13286	977	6.8
CN2800300000000	28	003	Alcorn County, MS	1996	NA	15174	13669	1505	9.9
CN2800500000000	28	005	Amite County, MS	1996	NA	5412	5142	270	5
CN2800700000000	28	007	Attala County, MS	1996	NA	7819	6989	830	10.6
CN2800900000000	28	009	Benton County, MS	1996	NA	3153	2875	278	8.8
CN2801100000000	28	011	Bolivar County, MS	1996	NA	17580	15941	1639	9.3
CN2801300000000	28	013	Calhoun County, MS	1996	NA	6896	6525	371	5.4
CN2801500000000	28	015	Carroll County, MS	1996	NA	4475	4223	252	5.6
CN2801700000000	28	017	Chickasaw County, MS	1996	NA	8639	7784	855	9.9
CN2801900000000	28	019	Choctaw County, MS	1996	NA	3319	3014	305	9.2
CN2802100000000	28	021	Claiborne County, MS	1996	NA	3557	3189	368	10.3
CN2802300000000	28	023	Clarke County, MS	1996	NA	8608	8015	593	6.9
CN2802500000000	28	025	Clay County, MS	1996	NA	9295	8330	965	10.4
CN2802700000000	28	027	Coahoma County, MS	1996	NA	12462	11241	1221	9.8
CN2802900000000	28	029	Copiah County, MS	1996	NA	11028	10177	851	7.7
CN2803100000000	28	031	Covington County, MS	1996	NA	8613	8071	542	6.3
CN2803300000000	28	033	DeSoto County, MS	1996	NA	47173	45578	1595	3.4
CN2803500000000	28	035	Forrest County, MS	1996	NA	33416	31981	1435	4.3
CN2803700000000	28	037	Franklin County, MS	1996	NA	3272	3107	165	5
CN2803900000000	28	039	George County, MS	1996	NA	8484	7684	800	9.4
CN2804100000000	28	041	Greene County, MS	1996	NA	5264	4834	430	8.2
CN2804300000000	28	043	Grenada County, MS	1996	NA	10123	9463	660	6.5
CN2804500000000	28	045	Hancock County, MS	1996	NA	16359	15439	920	5.6
CN2804700000000	28	047	Harrison County, MS	1996	NA	81380	77472	3908	4.8
CN2804900000000	28	049	Hinds County, MS	1996	NA	128744	123635	5109	4
CN2805100000000	28	051	Holmes County, MS	1996	NA	7516	6634	882	11.7
CN2805300000000	28	053	Humphreys County, MS	1996	NA	4901	4395	506	10.3
CN2805500000000	28	055	Issaquena County, MS	1996	NA	721	590	131	18.2
CN2805700000000	28	057	Itawamba County, MS	1996	NA	11487	10737	750	6.5
CN2805900000000	28	059	Jackson County, MS	1996	NA	65048	61493	3555	5.5
CN2806100000000	28	061	Jasper County, MS	1996	NA	7670	7216	454	5.9
CN2806300000000	28	063	Jefferson County, MS	1996	NA	2483	2102	381	15.3
CN2806500000000	28	065	Jefferson Davis County, MS	1996	NA	4913	4254	659	13.4
CN2806700000000	28	067	Jones County, MS	1996	NA	30216	29161	1055	3.5
CN2806900000000	28	069	Kemper County, MS	1996	NA	4277	3939	338	7.9
CN2807100000000	28	071	Lafayette County, MS	1996	NA	16587	16145	442	2.7
CN2807300000000	28	073	Lamar County, MS	1996	NA	16511	15971	540	3.3
CN2807500000000	28	075	Lauderdale County, MS	1996	NA	35289	33421	1868	5.3
CN2807700000000	28	077	Lawrence County, MS	1996	NA	5583	5209	374	6.7
CN2807900000000	28	079	Leake County, MS	1996	NA	9230	8770	460	5
CN2808100000000	28	081	Lee County, MS	1996	NA	39625	37797	1828	4.6
CN2808300000000	28	083	Leflore County, MS	1996	NA	15672	14223	1449	9.2
CN2808500000000	28	085	Lincoln County, MS	1996	NA	13466	12740	726	5.4
CN2808700000000	28	087	Lowndes County, MS	1996	NA	27845	26030	1815	6.5
CN2808900000000	28	089	Madison County, MS	1996	NA	34339	33148	1191	3.5
CN2809100000000	28	091	Marion County, MS	1996	NA	10265	9584	681	6.6
CN2809300000000	28	093	Marshall County, MS	1996	NA	13481	12429	1052	7.8
CN2809500000000	28	095	Monroe County, MS	1996	NA	16074	14283	1791	11.1
CN2809700000000	28	097	Montgomery County, MS	1996	NA	5454	5081	373	6.8
CN2809900000000	28	099	Neshoba County, MS	1996	NA	16363	15766	597	3.6
CN2810100000000	28	101	Newton County, MS	1996	NA	8452	7977	475	5.6
CN2810300000000	28	103	Noxubee County, MS	1996	NA	4524	4097	427	9.4
CN2810500000000	28	105	Oktibbeha County, MS	1996	NA	19782	19233	549	2.8
CN2810700000000	28	107	Panola County, MS	1996	NA	13839	11467	2372	17.1
CN2810900000000	28	109	Pearl River County, MS	1996	NA	19128	18294	834	4.4
CN2811100000000	28	111	Perry County, MS	1996	NA	4706	4328	378	8
CN2811300000000	28	113	Pike County, MS	1996	NA	16193	15352	841	5.2
CN2811500000000	28	115	Pontotoc County, MS	1996	NA	13173	12478	695	5.3
CN2811700000000	28	117	Prentiss County, MS	1996	NA	12408	11392	1016	8.2
CN2811900000000	28	119	Quitman County, MS	1996	NA	3534	2940	594	16.8
CN2812100000000	28	121	Rankin County, MS	1996	NA	55750	54265	1485	2.7
CN2812300000000	28	123	Scott County, MS	1996	NA	12748	12027	721	5.7
CN2812500000000	28	125	Sharkey County, MS	1996	NA	2753	2275	478	17.4
CN2812700000000	28	127	Simpson County, MS	1996	NA	10578	9800	778	7.4
CN2812900000000	28	129	Smith County, MS	1996	NA	6032	5757	275	4.6
CN2813100000000	28	131	Stone County, MS	1996	NA	5037	4710	327	6.5
CN2813300000000	28	133	Sunflower County, MS	1996	NA	11220	9819	1401	12.5
CN2813500000000	28	135	Tallahatchie County, MS	1996	NA	5457	4780	677	12.4
CN2813700000000	28	137	Tate County, MS	1996	NA	10637	10053	584	5.5
CN2813900000000	28	139	Tippah County, MS	1996	NA	9667	9011	656	6.8
CN2814100000000	28	141	Tishomingo County, MS	1996	NA	9965	9018	947	9.5
CN2814300000000	28	143	Tunica County, MS	1996	NA	5722	5292	430	7.5
CN2814500000000	28	145	Union County, MS	1996	NA	12319	11535	784	6.4
CN2814700000000	28	147	Walthall County, MS	1996	NA	6103	5754	349	5.7
CN2814900000000	28	149	Warren County, MS	1996	NA	26535	25118	1417	5.3
CN2815100000000	28	151	Washington County, MS	1996	NA	29058	26154	2904	10
CN2815300000000	28	153	Wayne County, MS	1996	NA	9169	8666	503	5.5
CN2815500000000	28	155	Webster County, MS	1996	NA	4426	4161	265	6
CN2815700000000	28	157	Wilkinson County, MS	1996	NA	3530	3040	490	13.9
CN2815900000000	28	159	Winston County, MS	1996	NA	7932	7312	620	7.8
CN2816100000000	28	161	Yalobusha County, MS	1996	NA	5233	4846	387	7.4
CN2816300000000	28	163	Yazoo County, MS	1996	NA	9388	8485	903	9.6
CN2900100000000	29	001	Adair County, MO	1996	NA	15128	14693	435	2.9
CN2900300000000	29	003	Andrew County, MO	1996	NA	8003	7579	424	5.3
CN2900500000000	29	005	Atchison County, MO	1996	NA	3620	3513	107	3
CN2900700000000	29	007	Audrain County, MO	1996	NA	12678	12091	587	4.6
CN2900900000000	29	009	Barry County, MO	1996	NA	15495	14553	942	6.1
CN2901100000000	29	011	Barton County, MO	1996	NA	6981	6696	285	4.1
CN2901300000000	29	013	Bates County, MO	1996	NA	7757	7252	505	6.5
CN2901500000000	29	015	Benton County, MO	1996	NA	6414	5982	432	6.7
CN2901700000000	29	017	Bollinger County, MO	1996	NA	5312	4864	448	8.4
CN2901900000000	29	019	Boone County, MO	1996	NA	79947	78557	1390	1.7
CN2902100000000	29	021	Buchanan County, MO	1996	NA	41876	38857	3019	7.2
CN2902300000000	29	023	Butler County, MO	1996	NA	19841	18592	1249	6.3
CN2902500000000	29	025	Caldwell County, MO	1996	NA	3845	3649	196	5.1
CN2902700000000	29	027	Callaway County, MO	1996	NA	20785	19973	812	3.9
CN2902900000000	29	029	Camden County, MO	1996	NA	16598	15481	1117	6.7
CN2903100000000	29	031	Cape Girardeau County, MO	1996	NA	36659	34936	1723	4.7
CN2903300000000	29	033	Carroll County, MO	1996	NA	5592	5301	291	5.2
CN2903500000000	29	035	Carter County, MO	1996	NA	2762	2509	253	9.2
CN2903700000000	29	037	Cass County, MO	1996	NA	42242	40654	1588	3.8
CN2903900000000	29	039	Cedar County, MO	1996	NA	5692	5345	347	6.1
CN2904100000000	29	041	Chariton County, MO	1996	NA	4285	3992	293	6.8
CN2904300000000	29	043	Christian County, MO	1996	NA	25907	24893	1014	3.9
CN2904500000000	29	045	Clark County, MO	1996	NA	3802	3574	228	6
CN2904700000000	29	047	Clay County, MO	1996	NA	102666	99534	3132	3.1
CN2904900000000	29	049	Clinton County, MO	1996	NA	9314	8935	379	4.1
CN2905100000000	29	051	Cole County, MO	1996	NA	39346	38286	1060	2.7
CN2905300000000	29	053	Cooper County, MO	1996	NA	8600	8272	328	3.8
CN2905500000000	29	055	Crawford County, MO	1996	NA	10472	9485	987	9.4
CN2905700000000	29	057	Dade County, MO	1996	NA	3406	3221	185	5.4
CN2905900000000	29	059	Dallas County, MO	1996	NA	6596	6145	451	6.8
CN2906100000000	29	061	Daviess County, MO	1996	NA	3681	3477	204	5.5
CN2906300000000	29	063	DeKalb County, MO	1996	NA	4270	4059	211	4.9
CN2906500000000	29	065	Dent County, MO	1996	NA	6658	6237	421	6.3
CN2906700000000	29	067	Douglas County, MO	1996	NA	6278	5480	798	12.7
CN2906900000000	29	069	Dunklin County, MO	1996	NA	14498	13468	1030	7.1
CN2907100000000	29	071	Franklin County, MO	1996	NA	47636	45229	2407	5.1
CN2907300000000	29	073	Gasconade County, MO	1996	NA	7615	7194	421	5.5
CN2907500000000	29	075	Gentry County, MO	1996	NA	3855	3735	120	3.1
CN2907700000000	29	077	Greene County, MO	1996	NA	129273	124868	4405	3.4
CN2907900000000	29	079	Grundy County, MO	1996	NA	5172	4984	188	3.6
CN2908100000000	29	081	Harrison County, MO	1996	NA	4664	4442	222	4.8
CN2908300000000	29	083	Henry County, MO	1996	NA	10307	9650	657	6.4
CN2908500000000	29	085	Hickory County, MO	1996	NA	3109	2876	233	7.5
CN2908700000000	29	087	Holt County, MO	1996	NA	2834	2699	135	4.8
CN2908900000000	29	089	Howard County, MO	1996	NA	4840	4651	189	3.9
CN2909100000000	29	091	Howell County, MO	1996	NA	17796	16574	1222	6.9
CN2909300000000	29	093	Iron County, MO	1996	NA	4496	4095	401	8.9
CN2909500000000	29	095	Jackson County, MO	1996	NA	363917	346810	17107	4.7
CN2909700000000	29	097	Jasper County, MO	1996	NA	53562	51334	2228	4.2
CN2909900000000	29	099	Jefferson County, MO	1996	NA	103389	98751	4638	4.5
CN2910100000000	29	101	Johnson County, MO	1996	NA	22600	21953	647	2.9
CN2910300000000	29	103	Knox County, MO	1996	NA	2005	1926	79	3.9
CN2910500000000	29	105	Laclede County, MO	1996	NA	15542	14494	1048	6.7
CN2910700000000	29	107	Lafayette County, MO	1996	NA	16570	15833	737	4.4
CN2910900000000	29	109	Lawrence County, MO	1996	NA	15948	15041	907	5.7
CN2911100000000	29	111	Lewis County, MO	1996	NA	5595	5368	227	4.1
CN2911300000000	29	113	Lincoln County, MO	1996	NA	17586	16741	845	4.8
CN2911500000000	29	115	Linn County, MO	1996	NA	7222	6518	704	9.7
CN2911700000000	29	117	Livingston County, MO	1996	NA	7464	7161	303	4.1
CN2911900000000	29	119	McDonald County, MO	1996	NA	8737	8286	451	5.2
CN2912100000000	29	121	Macon County, MO	1996	NA	7746	7283	463	6
CN2912300000000	29	123	Madison County, MO	1996	NA	4597	4127	470	10.2
CN2912500000000	29	125	Maries County, MO	1996	NA	4307	4097	210	4.9
CN2912700000000	29	127	Marion County, MO	1996	NA	15799	15032	767	4.9
CN2912900000000	29	129	Mercer County, MO	1996	NA	2188	2116	72	3.3
CN2913100000000	29	131	Miller County, MO	1996	NA	11638	10798	840	7.2
CN2913300000000	29	133	Mississippi County, MO	1996	NA	6142	5608	534	8.7
CN2913500000000	29	135	Moniteau County, MO	1996	NA	7260	6969	291	4
CN2913700000000	29	137	Monroe County, MO	1996	NA	4468	4219	249	5.6
CN2913900000000	29	139	Montgomery County, MO	1996	NA	6284	5982	302	4.8
CN2914100000000	29	141	Morgan County, MO	1996	NA	8501	7951	550	6.5
CN2914300000000	29	143	New Madrid County, MO	1996	NA	8839	8173	666	7.5
CN2914500000000	29	145	Newton County, MO	1996	NA	26722	25351	1371	5.1
CN2914700000000	29	147	Nodaway County, MO	1996	NA	12823	12630	193	1.5
CN2914900000000	29	149	Oregon County, MO	1996	NA	4506	4193	313	6.9
CN2915100000000	29	151	Osage County, MO	1996	NA	7281	7057	224	3.1
CN2915300000000	29	153	Ozark County, MO	1996	NA	4225	3917	308	7.3
CN2915500000000	29	155	Pemiscot County, MO	1996	NA	8817	8015	802	9.1
CN2915700000000	29	157	Perry County, MO	1996	NA	10371	9922	449	4.3
CN2915900000000	29	159	Pettis County, MO	1996	NA	21300	20070	1230	5.8
CN2916100000000	29	161	Phelps County, MO	1996	NA	19301	18485	816	4.2
CN2916300000000	29	163	Pike County, MO	1996	NA	7363	6858	505	6.9
CN2916500000000	29	165	Platte County, MO	1996	NA	42143	40990	1153	2.7
CN2916700000000	29	167	Polk County, MO	1996	NA	11899	11337	562	4.7
CN2916900000000	29	169	Pulaski County, MO	1996	NA	12448	11643	805	6.5
CN2917100000000	29	171	Putnam County, MO	1996	NA	2330	2227	103	4.4
CN2917300000000	29	173	Ralls County, MO	1996	NA	5268	5033	235	4.5
CN2917500000000	29	175	Randolph County, MO	1996	NA	10707	10084	623	5.8
CN2917700000000	29	177	Ray County, MO	1996	NA	11135	10611	524	4.7
CN2917900000000	29	179	Reynolds County, MO	1996	NA	3296	3096	200	6.1
CN2918100000000	29	181	Ripley County, MO	1996	NA	5411	4933	478	8.8
CN2918300000000	29	183	St. Charles County, MO	1996	NA	151046	146435	4611	3.1
CN2918500000000	29	185	St. Clair County, MO	1996	NA	4134	3850	284	6.9
CN2918600000000	29	186	Ste. Genevieve County, MO	1996	NA	8891	8429	462	5.2
CN2918700000000	29	187	St. Francois County, MO	1996	NA	23953	22122	1831	7.6
CN2918900000000	29	189	St. Louis County, MO	1996	NA	576847	555999	20848	3.6
CN2919500000000	29	195	Saline County, MO	1996	NA	12528	11973	555	4.4
CN2919700000000	29	197	Schuyler County, MO	1996	NA	2582	2451	131	5.1
CN2919900000000	29	199	Scotland County, MO	1996	NA	2247	2128	119	5.3
CN2920100000000	29	201	Scott County, MO	1996	NA	20286	18877	1409	6.9
CN2920300000000	29	203	Shannon County, MO	1996	NA	3965	3683	282	7.1
CN2920500000000	29	205	Shelby County, MO	1996	NA	3719	3585	134	3.6
CN2920700000000	29	207	Stoddard County, MO	1996	NA	14557	13022	1535	10.5
CN2920900000000	29	209	Stone County, MO	1996	NA	14290	12614	1676	11.7
CN2921100000000	29	211	Sullivan County, MO	1996	NA	3512	3358	154	4.4
CN2921300000000	29	213	Taney County, MO	1996	NA	27889	25212	2677	9.6
CN2921500000000	29	215	Texas County, MO	1996	NA	9878	8702	1176	11.9
CN2921700000000	29	217	Vernon County, MO	1996	NA	9294	8851	443	4.8
CN2921900000000	29	219	Warren County, MO	1996	NA	11973	11402	571	4.8
CN2922100000000	29	221	Washington County, MO	1996	NA	9374	8400	974	10.4
CN2922300000000	29	223	Wayne County, MO	1996	NA	3757	3232	525	14
CN2922500000000	29	225	Webster County, MO	1996	NA	14005	13364	641	4.6
CN2922700000000	29	227	Worth County, MO	1996	NA	982	927	55	5.6
CN2922900000000	29	229	Wright County, MO	1996	NA	7661	6749	912	11.9
CN2951000000000	29	510	St. Louis city, MO	1996	NA	167590	154105	13485	8
CN3000100000000	30	001	Beaverhead County, MT	1996	NA	5002	4796	206	4.1
CN3000300000000	30	003	Big Horn County, MT	1996	NA	5085	4572	513	10.1
CN3000500000000	30	005	Blaine County, MT	1996	NA	2913	2623	290	10
CN3000700000000	30	007	Broadwater County, MT	1996	NA	1934	1830	104	5.4
CN3000900000000	30	009	Carbon County, MT	1996	NA	4512	4256	256	5.7
CN3001100000000	30	011	Carter County, MT	1996	NA	958	943	15	1.6
CN3001300000000	30	013	Cascade County, MT	1996	NA	37256	35476	1780	4.8
CN3001500000000	30	015	Chouteau County, MT	1996	NA	2762	2689	73	2.6
CN3001700000000	30	017	Custer County, MT	1996	NA	6017	5734	283	4.7
CN3001900000000	30	019	Daniels County, MT	1996	NA	1280	1250	30	2.3
CN3002100000000	30	021	Dawson County, MT	1996	NA	4774	4622	152	3.2
CN3002300000000	30	023	Deer Lodge County, MT	1996	NA	3788	3507	281	7.4
CN3002500000000	30	025	Fallon County, MT	1996	NA	1647	1607	40	2.4
CN3002700000000	30	027	Fergus County, MT	1996	NA	6172	5821	351	5.7
CN3002900000000	30	029	Flathead County, MT	1996	NA	36927	34196	2731	7.4
CN3003100000000	30	031	Gallatin County, MT	1996	NA	38126	37151	975	2.6
CN3003300000000	30	033	Garfield County, MT	1996	NA	938	912	26	2.8
CN3003500000000	30	035	Glacier County, MT	1996	NA	5685	4905	780	13.7
CN3003700000000	30	037	Golden Valley County, MT	1996	NA	503	473	30	6
CN3003900000000	30	039	Granite County, MT	1996	NA	1138	1075	63	5.5
CN3004100000000	30	041	Hill County, MT	1996	NA	9056	8618	438	4.8
CN3004300000000	30	043	Jefferson County, MT	1996	NA	4839	4597	242	5
CN3004500000000	30	045	Judith Basin County, MT	1996	NA	1112	1066	46	4.1
CN3004700000000	30	047	Lake County, MT	1996	NA	10754	9988	766	7.1
CN3004900000000	30	049	Lewis and Clark County, MT	1996	NA	27785	26514	1271	4.6
CN3005100000000	30	051	Liberty County, MT	1996	NA	1104	1082	22	2
CN3005300000000	30	053	Lincoln County, MT	1996	NA	7196	6349	847	11.8
CN3005500000000	30	055	McCone County, MT	1996	NA	1204	1162	42	3.5
CN3005700000000	30	057	Madison County, MT	1996	NA	3627	3479	148	4.1
CN3005900000000	30	059	Meagher County, MT	1996	NA	966	918	48	5
CN3006100000000	30	061	Mineral County, MT	1996	NA	1642	1492	150	9.1
CN3006300000000	30	063	Missoula County, MT	1996	NA	50247	48215	2032	4
CN3006500000000	30	065	Musselshell County, MT	1996	NA	1948	1789	159	8.2
CN3006700000000	30	067	Park County, MT	1996	NA	10474	9972	502	4.8
CN3006900000000	30	069	Petroleum County, MT	1996	NA	312	299	13	4.2
CN3007100000000	30	071	Phillips County, MT	1996	NA	2472	2259	213	8.6
CN3007300000000	30	073	Pondera County, MT	1996	NA	3177	3036	141	4.4
CN3007500000000	30	075	Powder River County, MT	1996	NA	1262	1241	21	1.7
CN3007700000000	30	077	Powell County, MT	1996	NA	2439	2308	131	5.4
CN3007900000000	30	079	Prairie County, MT	1996	NA	679	646	33	4.9
CN3008100000000	30	081	Ravalli County, MT	1996	NA	16095	15115	980	6.1
CN3008300000000	30	083	Richland County, MT	1996	NA	5438	5129	309	5.7
CN3008500000000	30	085	Roosevelt County, MT	1996	NA	4064	3651	413	10.2
CN3008700000000	30	087	Rosebud County, MT	1996	NA	4588	4042	546	11.9
CN3008900000000	30	089	Sanders County, MT	1996	NA	4091	3575	516	12.6
CN3009100000000	30	091	Sheridan County, MT	1996	NA	2058	2007	51	2.5
CN3009300000000	30	093	Silver Bow County, MT	1996	NA	17068	16064	1004	5.9
CN3009500000000	30	095	Stillwater County, MT	1996	NA	3968	3787	181	4.6
CN3009700000000	30	097	Sweet Grass County, MT	1996	NA	1712	1662	50	2.9
CN3009900000000	30	099	Teton County, MT	1996	NA	3149	3042	107	3.4
CN3010100000000	30	101	Toole County, MT	1996	NA	2826	2719	107	3.8
CN3010300000000	30	103	Treasure County, MT	1996	NA	445	429	16	3.6
CN3010500000000	30	105	Valley County, MT	1996	NA	4408	4215	193	4.4
CN3010700000000	30	107	Wheatland County, MT	1996	NA	1363	1304	59	4.3
CN3010900000000	30	109	Wibaux County, MT	1996	NA	572	550	22	3.8
CN3011100000000	30	111	Yellowstone County, MT	1996	NA	67753	64711	3042	4.5
CN3100100000000	31	001	Adams County, NE	1996	NA	16079	15790	289	1.8
CN3100300000000	31	003	Antelope County, NE	1996	NA	3197	3068	129	4
CN3100500000000	31	005	Arthur County, NE	1996	NA	210	204	6	2.9
CN3100700000000	31	007	Banner County, NE	1996	NA	433	425	8	1.8
CN3100900000000	31	009	Blaine County, NE	1996	NA	362	348	14	3.9
CN3101100000000	31	011	Boone County, NE	1996	NA	2966	2890	76	2.6
CN3101300000000	31	013	Box Butte County, NE	1996	NA	6186	5843	343	5.5
CN3101500000000	31	015	Boyd County, NE	1996	NA	1201	1174	27	2.2
CN3101700000000	31	017	Brown County, NE	1996	NA	1790	1711	79	4.4
CN3101900000000	31	019	Buffalo County, NE	1996	NA	24078	23437	641	2.7
CN3102100000000	31	021	Burt County, NE	1996	NA	3536	3391	145	4.1
CN3102300000000	31	023	Butler County, NE	1996	NA	4316	4204	112	2.6
CN3102500000000	31	025	Cass County, NE	1996	NA	12348	11983	365	3
CN3102700000000	31	027	Cedar County, NE	1996	NA	5098	4990	108	2.1
CN3102900000000	31	029	Chase County, NE	1996	NA	1998	1955	43	2.2
CN3103100000000	31	031	Cherry County, NE	1996	NA	3427	3335	92	2.7
CN3103300000000	31	033	Cheyenne County, NE	1996	NA	5151	5033	118	2.3
CN3103500000000	31	035	Clay County, NE	1996	NA	3562	3486	76	2.1
CN3103700000000	31	037	Colfax County, NE	1996	NA	4845	4743	102	2.1
CN3103900000000	31	039	Cuming County, NE	1996	NA	5309	5179	130	2.4
CN3104100000000	31	041	Custer County, NE	1996	NA	5711	5570	141	2.5
CN3104300000000	31	043	Dakota County, NE	1996	NA	10271	9946	325	3.2
CN3104500000000	31	045	Dawes County, NE	1996	NA	4554	4370	184	4
CN3104700000000	31	047	Dawson County, NE	1996	NA	13542	13108	434	3.2
CN3104900000000	31	049	Deuel County, NE	1996	NA	1043	1017	26	2.5
CN3105100000000	31	051	Dixon County, NE	1996	NA	2621	2550	71	2.7
CN3105300000000	31	053	Dodge County, NE	1996	NA	19211	18645	566	2.9
CN3105500000000	31	055	Douglas County, NE	1996	NA	252220	245188	7032	2.8
CN3105700000000	31	057	Dundy County, NE	1996	NA	1168	1144	24	2.1
CN3105900000000	31	059	Fillmore County, NE	1996	NA	3370	3309	61	1.8
CN3106100000000	31	061	Franklin County, NE	1996	NA	1720	1684	36	2.1
CN3106300000000	31	063	Frontier County, NE	1996	NA	1575	1529	46	2.9
CN3106500000000	31	065	Furnas County, NE	1996	NA	2609	2540	69	2.6
CN3106700000000	31	067	Gage County, NE	1996	NA	12396	12119	277	2.2
CN3106900000000	31	069	Garden County, NE	1996	NA	1108	1085	23	2.1
CN3107100000000	31	071	Garfield County, NE	1996	NA	1077	1052	25	2.3
CN3107300000000	31	073	Gosper County, NE	1996	NA	1351	1324	27	2
CN3107500000000	31	075	Grant County, NE	1996	NA	378	370	8	2.1
CN3107700000000	31	077	Greeley County, NE	1996	NA	1552	1496	56	3.6
CN3107900000000	31	079	Hall County, NE	1996	NA	31022	30231	791	2.5
CN3108100000000	31	081	Hamilton County, NE	1996	NA	5306	5219	87	1.6
CN3108300000000	31	083	Harlan County, NE	1996	NA	1836	1786	50	2.7
CN3108500000000	31	085	Hayes County, NE	1996	NA	524	503	21	4
CN3108700000000	31	087	Hitchcock County, NE	1996	NA	1614	1570	44	2.7
CN3108900000000	31	089	Holt County, NE	1996	NA	6576	6376	200	3
CN3109100000000	31	091	Hooker County, NE	1996	NA	428	415	13	3
CN3109300000000	31	093	Howard County, NE	1996	NA	3484	3386	98	2.8
CN3109500000000	31	095	Jefferson County, NE	1996	NA	4320	4226	94	2.2
CN3109700000000	31	097	Johnson County, NE	1996	NA	2233	2147	86	3.9
CN3109900000000	31	099	Kearney County, NE	1996	NA	3554	3489	65	1.8
CN3110100000000	31	101	Keith County, NE	1996	NA	4642	4465	177	3.8
CN3110300000000	31	103	Keya Paha County, NE	1996	NA	483	464	19	3.9
CN3110500000000	31	105	Kimball County, NE	1996	NA	1993	1949	44	2.2
CN3110700000000	31	107	Knox County, NE	1996	NA	4801	4627	174	3.6
CN3110900000000	31	109	Lancaster County, NE	1996	NA	141594	138231	3363	2.4
CN3111100000000	31	111	Lincoln County, NE	1996	NA	17656	16981	675	3.8
CN3111300000000	31	113	Logan County, NE	1996	NA	451	439	12	2.7
CN3111500000000	31	115	Loup County, NE	1996	NA	463	452	11	2.4
CN3111700000000	31	117	McPherson County, NE	1996	NA	321	311	10	3.1
CN3111900000000	31	119	Madison County, NE	1996	NA	20323	19784	539	2.7
CN3112100000000	31	121	Merrick County, NE	1996	NA	4668	4570	98	2.1
CN3112300000000	31	123	Morrill County, NE	1996	NA	2938	2827	111	3.8
CN3112500000000	31	125	Nance County, NE	1996	NA	1840	1791	49	2.7
CN3112700000000	31	127	Nemaha County, NE	1996	NA	3931	3745	186	4.7
CN3112900000000	31	129	Nuckolls County, NE	1996	NA	2395	2337	58	2.4
CN3113100000000	31	131	Otoe County, NE	1996	NA	7623	7378	245	3.2
CN3113300000000	31	133	Pawnee County, NE	1996	NA	1461	1411	50	3.4
CN3113500000000	31	135	Perkins County, NE	1996	NA	1520	1482	38	2.5
CN3113700000000	31	137	Phelps County, NE	1996	NA	5417	5306	111	2
CN3113900000000	31	139	Pierce County, NE	1996	NA	4082	3982	100	2.4
CN3114100000000	31	141	Platte County, NE	1996	NA	18023	17540	483	2.7
CN3114300000000	31	143	Polk County, NE	1996	NA	2493	2443	50	2
CN3114500000000	31	145	Red Willow County, NE	1996	NA	6133	5958	175	2.9
CN3114700000000	31	147	Richardson County, NE	1996	NA	4700	4486	214	4.6
CN3114900000000	31	149	Rock County, NE	1996	NA	948	915	33	3.5
CN3115100000000	31	151	Saline County, NE	1996	NA	7117	6995	122	1.7
CN3115300000000	31	153	Sarpy County, NE	1996	NA	58294	57029	1265	2.2
CN3115500000000	31	155	Saunders County, NE	1996	NA	10556	10247	309	2.9
CN3115700000000	31	157	Scotts Bluff County, NE	1996	NA	18464	17591	873	4.7
CN3115900000000	31	159	Seward County, NE	1996	NA	9212	8957	255	2.8
CN3116100000000	31	161	Sheridan County, NE	1996	NA	3075	2985	90	2.9
CN3116300000000	31	163	Sherman County, NE	1996	NA	1617	1569	48	3
CN3116500000000	31	165	Sioux County, NE	1996	NA	785	773	12	1.5
CN3116700000000	31	167	Stanton County, NE	1996	NA	3384	3304	80	2.4
CN3116900000000	31	169	Thayer County, NE	1996	NA	3274	3209	65	2
CN3117100000000	31	171	Thomas County, NE	1996	NA	483	449	34	7
CN3117300000000	31	173	Thurston County, NE	1996	NA	2907	2674	233	8
CN3117500000000	31	175	Valley County, NE	1996	NA	2688	2632	56	2.1
CN3117700000000	31	177	Washington County, NE	1996	NA	10490	10287	203	1.9
CN3117900000000	31	179	Wayne County, NE	1996	NA	5747	5557	190	3.3
CN3118100000000	31	181	Webster County, NE	1996	NA	1832	1795	37	2
CN3118300000000	31	183	Wheeler County, NE	1996	NA	365	352	13	3.6
CN3118500000000	31	185	York County, NE	1996	NA	8732	8584	148	1.7
CN3200100000000	32	001	Churchill County, NV	1996	NA	9619	8973	646	6.7
CN3200300000000	32	003	Clark County, NV	1996	NA	591569	562418	29151	4.9
CN3200500000000	32	005	Douglas County, NV	1996	NA	17759	16634	1125	6.3
CN3200700000000	32	007	Elko County, NV	1996	NA	22062	20965	1097	5
CN3200900000000	32	009	Esmeralda County, NV	1996	NA	567	526	41	7.2
CN3201100000000	32	011	Eureka County, NV	1996	NA	851	791	60	7.1
CN3201300000000	32	013	Humboldt County, NV	1996	NA	8920	8581	339	3.8
CN3201500000000	32	015	Lander County, NV	1996	NA	3249	2986	263	8.1
CN3201700000000	32	017	Lincoln County, NV	1996	NA	1213	1070	143	11.8
CN3201900000000	32	019	Lyon County, NV	1996	NA	11889	10936	953	8
CN3202100000000	32	021	Mineral County, NV	1996	NA	2765	2573	192	6.9
CN3202300000000	32	023	Nye County, NV	1996	NA	13170	12525	645	4.9
CN3202700000000	32	027	Pershing County, NV	1996	NA	2446	2326	120	4.9
CN3202900000000	32	029	Storey County, NV	1996	NA	1580	1510	70	4.4
CN3203100000000	32	031	Washoe County, NV	1996	NA	176370	168368	8002	4.5
CN3203300000000	32	033	White Pine County, NV	1996	NA	4181	3870	311	7.4
CN3251000000000	32	510	Carson City, NV	1996	NA	23140	21364	1776	7.7
CN3300100000000	33	001	Belknap County, NH	1996	NA	28341	27276	1065	3.8
CN3300300000000	33	003	Carroll County, NH	1996	NA	20879	20025	854	4.1
CN3300500000000	33	005	Cheshire County, NH	1996	NA	38593	37305	1288	3.3
CN3300700000000	33	007	Coos County, NH	1996	NA	16858	15753	1105	6.6
CN3300900000000	33	009	Grafton County, NH	1996	NA	41253	39871	1382	3.4
CN3301100000000	33	011	Hillsborough County, NH	1996	NA	194544	187516	7028	3.6
CN3301300000000	33	013	Merrimack County, NH	1996	NA	71050	69063	1987	2.8
CN3301500000000	33	015	Rockingham County, NH	1996	NA	148557	141779	6778	4.6
CN3301700000000	33	017	Strafford County, NH	1996	NA	57153	54902	2251	3.9
CN3301900000000	33	019	Sullivan County, NH	1996	NA	20918	20333	585	2.8
CN3400100000000	34	001	Atlantic County, NJ	1996	NA	128733	118048	10685	8.3
CN3400300000000	34	003	Bergen County, NJ	1996	NA	445221	421816	23405	5.3
CN3400500000000	34	005	Burlington County, NJ	1996	NA	221285	210843	10442	4.7
CN3400700000000	34	007	Camden County, NJ	1996	NA	258614	243105	15509	6
CN3400900000000	34	009	Cape May County, NJ	1996	NA	47133	41572	5561	11.8
CN3401100000000	34	011	Cumberland County, NJ	1996	NA	65882	59393	6489	9.8
CN3401300000000	34	013	Essex County, NJ	1996	NA	377306	348101	29205	7.7
CN3401500000000	34	015	Gloucester County, NJ	1996	NA	128999	121048	7951	6.2
CN3401700000000	34	017	Hudson County, NJ	1996	NA	291852	265092	26760	9.2
CN3401900000000	34	019	Hunterdon County, NJ	1996	NA	66883	64819	2064	3.1
CN3402100000000	34	021	Mercer County, NJ	1996	NA	172134	162482	9652	5.6
CN3402300000000	34	023	Middlesex County, NJ	1996	NA	399506	378848	20658	5.2
CN3402500000000	34	025	Monmouth County, NJ	1996	NA	310297	294048	16249	5.2
CN3402700000000	34	027	Morris County, NJ	1996	NA	256429	246275	10154	4
CN3402900000000	34	029	Ocean County, NJ	1996	NA	211637	198715	12922	6.1
CN3403100000000	34	031	Passaic County, NJ	1996	NA	236717	217246	19471	8.2
CN3403300000000	34	033	Salem County, NJ	1996	NA	32881	30518	2363	7.2
CN3403500000000	34	035	Somerset County, NJ	1996	NA	160154	154688	5466	3.4
CN3403700000000	34	037	Sussex County, NJ	1996	NA	75731	71735	3996	5.3
CN3403900000000	34	039	Union County, NJ	1996	NA	266882	250108	16774	6.3
CN3404100000000	34	041	Warren County, NJ	1996	NA	50945	48157	2788	5.5
CN3500100000000	35	001	Bernalillo County, NM	1996	NA	285625	271979	13646	4.8
CN3500300000000	35	003	Catron County, NM	1996	NA	1243	1071	172	13.8
CN3500500000000	35	005	Chaves County, NM	1996	NA	25968	23732	2236	8.6
CN3500600000000	35	006	Cibola County, NM	1996	NA	10582	9159	1423	13.4
CN3500700000000	35	007	Colfax County, NM	1996	NA	6474	5736	738	11.4
CN3500900000000	35	009	Curry County, NM	1996	NA	20127	18919	1208	6
CN3501100000000	35	011	De Baca County, NM	1996	NA	954	909	45	4.7
CN3501300000000	35	013	Dona Ana County, NM	1996	NA	66304	60079	6225	9.4
CN3501500000000	35	015	Eddy County, NM	1996	NA	23051	21349	1702	7.4
CN3501700000000	35	017	Grant County, NM	1996	NA	12858	11926	932	7.2
CN3501900000000	35	019	Guadalupe County, NM	1996	NA	1877	1641	236	12.6
CN3502100000000	35	021	Harding County, NM	1996	NA	444	425	19	4.3
CN3502300000000	35	023	Hidalgo County, NM	1996	NA	2615	2461	154	5.9
CN3502500000000	35	025	Lea County, NM	1996	NA	24473	23016	1457	6
CN3502700000000	35	027	Lincoln County, NM	1996	NA	6892	6334	558	8.1
CN3502800000000	35	028	Los Alamos County, NM	1996	NA	10426	10135	291	2.8
CN3502900000000	35	029	Luna County, NM	1996	NA	11212	8288	2924	26.1
CN3503100000000	35	031	McKinley County, NM	1996	NA	24781	22325	2456	9.9
CN3503300000000	35	033	Mora County, NM	1996	NA	1723	1375	348	20.2
CN3503500000000	35	035	Otero County, NM	1996	NA	20924	19200	1724	8.2
CN3503700000000	35	037	Quay County, NM	1996	NA	4617	4343	274	5.9
CN3503900000000	35	039	Rio Arriba County, NM	1996	NA	18361	15850	2511	13.7
CN3504100000000	35	041	Roosevelt County, NM	1996	NA	7539	7105	434	5.8
CN3504300000000	35	043	Sandoval County, NM	1996	NA	40026	38100	1926	4.8
CN3504500000000	35	045	San Juan County, NM	1996	NA	49115	43404	5711	11.6
CN3504700000000	35	047	San Miguel County, NM	1996	NA	12636	11111	1525	12.1
CN3504900000000	35	049	Santa Fe County, NM	1996	NA	63389	60301	3088	4.9
CN3505100000000	35	051	Sierra County, NM	1996	NA	4001	3829	172	4.3
CN3505300000000	35	053	Socorro County, NM	1996	NA	6488	5978	510	7.9
CN3505500000000	35	055	Taos County, NM	1996	NA	13356	11167	2189	16.4
CN3505700000000	35	057	Torrance County, NM	1996	NA	5724	5276	448	7.8
CN3505900000000	35	059	Union County, NM	1996	NA	1924	1837	87	4.5
CN3506100000000	35	061	Valencia County, NM	1996	NA	26892	25644	1248	4.6
CN3600100000000	36	001	Albany County, NY	1996	NA	156990	151137	5853	3.7
CN3600300000000	36	003	Allegany County, NY	1996	NA	23395	21627	1768	7.6
CN3600500000000	36	005	Bronx County, NY	1996	NA	459879	411234	48645	10.6
CN3600700000000	36	007	Broome County, NY	1996	NA	96790	92555	4235	4.4
CN3600900000000	36	009	Cattaraugus County, NY	1996	NA	41119	38234	2885	7
CN3601100000000	36	011	Cayuga County, NY	1996	NA	38000	35842	2158	5.7
CN3601300000000	36	013	Chautauqua County, NY	1996	NA	68319	64828	3491	5.1
CN3601500000000	36	015	Chemung County, NY	1996	NA	44100	42221	1879	4.3
CN3601700000000	36	017	Chenango County, NY	1996	NA	23966	22403	1563	6.5
CN3601900000000	36	019	Clinton County, NY	1996	NA	39888	37183	2705	6.8
CN3602100000000	36	021	Columbia County, NY	1996	NA	32608	31285	1323	4.1
CN3602300000000	36	023	Cortland County, NY	1996	NA	23732	22268	1464	6.2
CN3602500000000	36	025	Delaware County, NY	1996	NA	20620	19539	1081	5.2
CN3602700000000	36	027	Dutchess County, NY	1996	NA	118421	113452	4969	4.2
CN3602900000000	36	029	Erie County, NY	1996	NA	468758	446115	22643	4.8
CN3603100000000	36	031	Essex County, NY	1996	NA	18029	16503	1526	8.5
CN3603300000000	36	033	Franklin County, NY	1996	NA	21772	19951	1821	8.4
CN3603500000000	36	035	Fulton County, NY	1996	NA	27224	24951	2273	8.3
CN3603700000000	36	037	Genesee County, NY	1996	NA	32381	30749	1632	5
CN3603900000000	36	039	Greene County, NY	1996	NA	21009	19599	1410	6.7
CN3604100000000	36	041	Hamilton County, NY	1996	NA	2517	2239	278	11
CN3604300000000	36	043	Herkimer County, NY	1996	NA	31574	29484	2090	6.6
CN3604500000000	36	045	Jefferson County, NY	1996	NA	44127	40398	3729	8.5
CN3604700000000	36	047	Kings County, NY	1996	NA	951952	856661	95291	10
CN3604900000000	36	049	Lewis County, NY	1996	NA	12513	11535	978	7.8
CN3605100000000	36	051	Livingston County, NY	1996	NA	34663	32883	1780	5.1
CN3605300000000	36	053	Madison County, NY	1996	NA	35788	33924	1864	5.2
CN3605500000000	36	055	Monroe County, NY	1996	NA	383365	370060	13305	3.5
CN3605700000000	36	057	Montgomery County, NY	1996	NA	24041	22101	1940	8.1
CN3605900000000	36	059	Nassau County, NY	1996	NA	680832	655442	25390	3.7
CN3606100000000	36	061	New York County, NY	1996	NA	804835	745201	59634	7.4
CN3606300000000	36	063	Niagara County, NY	1996	NA	110043	103351	6692	6.1
CN3606500000000	36	065	Oneida County, NY	1996	NA	111558	106097	5461	4.9
CN3606700000000	36	067	Onondaga County, NY	1996	NA	235901	226272	9629	4.1
CN3606900000000	36	069	Ontario County, NY	1996	NA	53655	51277	2378	4.4
CN3607100000000	36	071	Orange County, NY	1996	NA	155024	148429	6595	4.3
CN3607300000000	36	073	Orleans County, NY	1996	NA	21047	19876	1171	5.6
CN3607500000000	36	075	Oswego County, NY	1996	NA	57427	53429	3998	7
CN3607700000000	36	077	Otsego County, NY	1996	NA	31472	29852	1620	5.1
CN3607900000000	36	079	Putnam County, NY	1996	NA	50023	48244	1779	3.6
CN3608100000000	36	081	Queens County, NY	1996	NA	972370	893569	78801	8.1
CN3608300000000	36	083	Rensselaer County, NY	1996	NA	80500	76560	3940	4.9
CN3608500000000	36	085	Richmond County, NY	1996	NA	190600	175707	14893	7.8
CN3608700000000	36	087	Rockland County, NY	1996	NA	141237	135156	6081	4.3
CN3608900000000	36	089	St. Lawrence County, NY	1996	NA	51053	46933	4120	8.1
CN3609100000000	36	091	Saratoga County, NY	1996	NA	101707	97324	4383	4.3
CN3609300000000	36	093	Schenectady County, NY	1996	NA	73223	69780	3443	4.7
CN3609500000000	36	095	Schoharie County, NY	1996	NA	15359	14433	926	6
CN3609700000000	36	097	Schuyler County, NY	1996	NA	9056	8550	506	5.6
CN3609900000000	36	099	Seneca County, NY	1996	NA	15296	14482	814	5.3
CN3610100000000	36	101	Steuben County, NY	1996	NA	48370	45499	2871	5.9
CN3610300000000	36	103	Suffolk County, NY	1996	NA	700920	668660	32260	4.6
CN3610500000000	36	105	Sullivan County, NY	1996	NA	32527	30447	2080	6.4
CN3610700000000	36	107	Tioga County, NY	1996	NA	25779	24587	1192	4.6
CN3610900000000	36	109	Tompkins County, NY	1996	NA	49555	48057	1498	3
CN3611100000000	36	111	Ulster County, NY	1996	NA	78004	74490	3514	4.5
CN3611300000000	36	113	Warren County, NY	1996	NA	32539	30308	2231	6.9
CN3611500000000	36	115	Washington County, NY	1996	NA	29370	27727	1643	5.6
CN3611700000000	36	117	Wayne County, NY	1996	NA	49519	47031	2488	5
CN3611900000000	36	119	Westchester County, NY	1996	NA	445777	427675	18102	4.1
CN3612100000000	36	121	Wyoming County, NY	1996	NA	20481	19138	1343	6.6
CN3612300000000	36	123	Yates County, NY	1996	NA	13117	12581	536	4.1
CN3700100000000	37	001	Alamance County, NC	1996	NA	66697	64345	2352	3.5
CN3700300000000	37	003	Alexander County, NC	1996	NA	17379	16779	600	3.5
CN3700500000000	37	005	Alleghany County, NC	1996	NA	5622	5170	452	8
CN3700700000000	37	007	Anson County, NC	1996	NA	11530	10709	821	7.1
CN3700900000000	37	009	Ashe County, NC	1996	NA	11839	10574	1265	10.7
CN3701100000000	37	011	Avery County, NC	1996	NA	7741	7354	387	5
CN3701300000000	37	013	Beaufort County, NC	1996	NA	20494	18864	1630	8
CN3701500000000	37	015	Bertie County, NC	1996	NA	9431	8804	627	6.6
CN3701700000000	37	017	Bladen County, NC	1996	NA	19545	18364	1181	6
CN3701900000000	37	019	Brunswick County, NC	1996	NA	31044	28829	2215	7.1
CN3702100000000	37	021	Buncombe County, NC	1996	NA	103099	99765	3334	3.2
CN3702300000000	37	023	Burke County, NC	1996	NA	44699	42738	1961	4.4
CN3702500000000	37	025	Cabarrus County, NC	1996	NA	63752	61660	2092	3.3
CN3702700000000	37	027	Caldwell County, NC	1996	NA	42232	40591	1641	3.9
CN3702900000000	37	029	Camden County, NC	1996	NA	3158	3038	120	3.8
CN3703100000000	37	031	Carteret County, NC	1996	NA	29293	27876	1417	4.8
CN3703300000000	37	033	Caswell County, NC	1996	NA	12271	11844	427	3.5
CN3703500000000	37	035	Catawba County, NC	1996	NA	76876	73832	3044	4
CN3703700000000	37	037	Chatham County, NC	1996	NA	25546	24877	669	2.6
CN3703900000000	37	039	Cherokee County, NC	1996	NA	10114	9436	678	6.7
CN3704100000000	37	041	Chowan County, NC	1996	NA	6704	6331	373	5.6
CN3704300000000	37	043	Clay County, NC	1996	NA	3703	3475	228	6.2
CN3704500000000	37	045	Cleveland County, NC	1996	NA	48240	44738	3502	7.3
CN3704700000000	37	047	Columbus County, NC	1996	NA	24670	22718	1952	7.9
CN3704900000000	37	049	Craven County, NC	1996	NA	36403	34692	1711	4.7
CN3705100000000	37	051	Cumberland County, NC	1996	NA	117037	111642	5395	4.6
CN3705300000000	37	053	Currituck County, NC	1996	NA	8390	8139	251	3
CN3705500000000	37	055	Dare County, NC	1996	NA	16746	15784	962	5.7
CN3705700000000	37	057	Davidson County, NC	1996	NA	79385	76900	2485	3.1
CN3705900000000	37	059	Davie County, NC	1996	NA	17127	16516	611	3.6
CN3706100000000	37	061	Duplin County, NC	1996	NA	22696	21493	1203	5.3
CN3706300000000	37	063	Durham County, NC	1996	NA	113361	110172	3189	2.8
CN3706500000000	37	065	Edgecombe County, NC	1996	NA	28911	25487	3424	11.8
CN3706700000000	37	067	Forsyth County, NC	1996	NA	156359	151302	5057	3.2
CN3706900000000	37	069	Franklin County, NC	1996	NA	22569	21649	920	4.1
CN3707100000000	37	071	Gaston County, NC	1996	NA	101936	96588	5348	5.2
CN3707300000000	37	073	Gates County, NC	1996	NA	4667	4520	147	3.1
CN3707500000000	37	075	Graham County, NC	1996	NA	4523	3981	542	12
CN3707700000000	37	077	Granville County, NC	1996	NA	22726	21866	860	3.8
CN3707900000000	37	079	Greene County, NC	1996	NA	8718	8383	335	3.8
CN3708100000000	37	081	Guilford County, NC	1996	NA	220800	213431	7369	3.3
CN3708300000000	37	083	Halifax County, NC	1996	NA	24186	21815	2371	9.8
CN3708500000000	37	085	Harnett County, NC	1996	NA	36172	34800	1372	3.8
CN3708700000000	37	087	Haywood County, NC	1996	NA	25089	23856	1233	4.9
CN3708900000000	37	089	Henderson County, NC	1996	NA	36624	35542	1082	3
CN3709100000000	37	091	Hertford County, NC	1996	NA	10176	9602	574	5.6
CN3709300000000	37	093	Hoke County, NC	1996	NA	11223	10631	592	5.3
CN3709500000000	37	095	Hyde County, NC	1996	NA	3020	2745	275	9.1
CN3709700000000	37	097	Iredell County, NC	1996	NA	59903	57817	2086	3.5
CN3709900000000	37	099	Jackson County, NC	1996	NA	15615	14746	869	5.6
CN3710100000000	37	101	Johnston County, NC	1996	NA	54377	53036	1341	2.5
CN3710300000000	37	103	Jones County, NC	1996	NA	4516	4324	192	4.3
CN3710500000000	37	105	Lee County, NC	1996	NA	26431	25189	1242	4.7
CN3710700000000	37	107	Lenoir County, NC	1996	NA	30467	28392	2075	6.8
CN3710900000000	37	109	Lincoln County, NC	1996	NA	32034	30410	1624	5.1
CN3711100000000	37	111	McDowell County, NC	1996	NA	20821	19465	1356	6.5
CN3711300000000	37	113	Macon County, NC	1996	NA	13362	12792	570	4.3
CN3711500000000	37	115	Madison County, NC	1996	NA	9142	8703	439	4.8
CN3711700000000	37	117	Martin County, NC	1996	NA	12915	11528	1387	10.7
CN3711900000000	37	119	Mecklenburg County, NC	1996	NA	351138	340838	10300	2.9
CN3712100000000	37	121	Mitchell County, NC	1996	NA	7489	7087	402	5.4
CN3712300000000	37	123	Montgomery County, NC	1996	NA	12224	11410	814	6.7
CN3712500000000	37	125	Moore County, NC	1996	NA	29958	28521	1437	4.8
CN3712700000000	37	127	Nash County, NC	1996	NA	46177	43316	2861	6.2
CN3712900000000	37	129	New Hanover County, NC	1996	NA	78832	75302	3530	4.5
CN3713100000000	37	131	Northampton County, NC	1996	NA	8584	7925	659	7.7
CN3713300000000	37	133	Onslow County, NC	1996	NA	45682	43839	1843	4
CN3713500000000	37	135	Orange County, NC	1996	NA	61822	60733	1089	1.8
CN3713700000000	37	137	Pamlico County, NC	1996	NA	5571	5288	283	5.1
CN3713900000000	37	139	Pasquotank County, NC	1996	NA	15069	14306	763	5.1
CN3714100000000	37	141	Pender County, NC	1996	NA	16105	15270	835	5.2
CN3714300000000	37	143	Perquimans County, NC	1996	NA	4824	4604	220	4.6
CN3714500000000	37	145	Person County, NC	1996	NA	18434	17412	1022	5.5
CN3714700000000	37	147	Pitt County, NC	1996	NA	65545	62260	3285	5
CN3714900000000	37	149	Polk County, NC	1996	NA	7743	7558	185	2.4
CN3715100000000	37	151	Randolph County, NC	1996	NA	70463	68069	2394	3.4
CN3715300000000	37	153	Richmond County, NC	1996	NA	21323	18919	2404	11.3
CN3715500000000	37	155	Robeson County, NC	1996	NA	55991	50779	5212	9.3
CN3715700000000	37	157	Rockingham County, NC	1996	NA	48722	46454	2268	4.7
CN3715900000000	37	159	Rowan County, NC	1996	NA	64940	62629	2311	3.6
CN3716100000000	37	161	Rutherford County, NC	1996	NA	31470	29471	1999	6.4
CN3716300000000	37	163	Sampson County, NC	1996	NA	24046	22542	1504	6.3
CN3716500000000	37	165	Scotland County, NC	1996	NA	18154	16887	1267	7
CN3716700000000	37	167	Stanly County, NC	1996	NA	27488	25775	1713	6.2
CN3716900000000	37	169	Stokes County, NC	1996	NA	22924	22342	582	2.5
CN3717100000000	37	171	Surry County, NC	1996	NA	36702	34949	1753	4.8
CN3717300000000	37	173	Swain County, NC	1996	NA	6157	5063	1094	17.8
CN3717500000000	37	175	Transylvania County, NC	1996	NA	11296	10949	347	3.1
CN3717700000000	37	177	Tyrrell County, NC	1996	NA	1828	1659	169	9.2
CN3717900000000	37	179	Union County, NC	1996	NA	56747	55348	1399	2.5
CN3718100000000	37	181	Vance County, NC	1996	NA	20047	18450	1597	8
CN3718300000000	37	183	Wake County, NC	1996	NA	324019	317389	6630	2
CN3718500000000	37	185	Warren County, NC	1996	NA	7523	6768	755	10
CN3718700000000	37	187	Washington County, NC	1996	NA	6109	5662	447	7.3
CN3718900000000	37	189	Watauga County, NC	1996	NA	22932	22283	649	2.8
CN3719100000000	37	191	Wayne County, NC	1996	NA	49094	46730	2364	4.8
CN3719300000000	37	193	Wilkes County, NC	1996	NA	33489	31667	1822	5.4
CN3719500000000	37	195	Wilson County, NC	1996	NA	35824	32672	3152	8.8
CN3719700000000	37	197	Yadkin County, NC	1996	NA	18337	17794	543	3
CN3719900000000	37	199	Yancey County, NC	1996	NA	6325	5949	376	5.9
CN3800100000000	38	001	Adams County, ND	1996	NA	1519	1495	24	1.6
CN3800300000000	38	003	Barnes County, ND	1996	NA	6028	5866	162	2.7
CN3800500000000	38	005	Benson County, ND	1996	NA	2859	2574	285	10
CN3800700000000	38	007	Billings County, ND	1996	NA	580	563	17	2.9
CN3800900000000	38	009	Bottineau County, ND	1996	NA	3464	3364	100	2.9
CN3801100000000	38	011	Bowman County, ND	1996	NA	1830	1795	35	1.9
CN3801300000000	38	013	Burke County, ND	1996	NA	1083	1052	31	2.9
CN3801500000000	38	015	Burleigh County, ND	1996	NA	39320	38301	1019	2.6
CN3801700000000	38	017	Cass County, ND	1996	NA	69916	68771	1145	1.6
CN3801900000000	38	019	Cavalier County, ND	1996	NA	2611	2510	101	3.9
CN3802100000000	38	021	Dickey County, ND	1996	NA	2866	2818	48	1.7
CN3802300000000	38	023	Divide County, ND	1996	NA	1214	1187	27	2.2
CN3802500000000	38	025	Dunn County, ND	1996	NA	1999	1930	69	3.5
CN3802700000000	38	027	Eddy County, ND	1996	NA	1321	1254	67	5.1
CN3802900000000	38	029	Emmons County, ND	1996	NA	2127	2055	72	3.4
CN3803100000000	38	031	Foster County, ND	1996	NA	2176	2124	52	2.4
CN3803300000000	38	033	Golden Valley County, ND	1996	NA	909	880	29	3.2
CN3803500000000	38	035	Grand Forks County, ND	1996	NA	38207	37340	867	2.3
CN3803700000000	38	037	Grant County, ND	1996	NA	1633	1593	40	2.4
CN3803900000000	38	039	Griggs County, ND	1996	NA	1672	1635	37	2.2
CN3804100000000	38	041	Hettinger County, ND	1996	NA	1408	1377	31	2.2
CN3804300000000	38	043	Kidder County, ND	1996	NA	1500	1439	61	4.1
CN3804500000000	38	045	LaMoure County, ND	1996	NA	2379	2320	59	2.5
CN3804700000000	38	047	Logan County, ND	1996	NA	1233	1208	25	2
CN3804900000000	38	049	McHenry County, ND	1996	NA	2891	2768	123	4.3
CN3805100000000	38	051	McIntosh County, ND	1996	NA	1804	1769	35	1.9
CN3805300000000	38	053	McKenzie County, ND	1996	NA	3293	3190	103	3.1
CN3805500000000	38	055	McLean County, ND	1996	NA	4690	4444	246	5.2
CN3805700000000	38	057	Mercer County, ND	1996	NA	5544	5265	279	5
CN3805900000000	38	059	Morton County, ND	1996	NA	13572	13107	465	3.4
CN3806100000000	38	061	Mountrail County, ND	1996	NA	3106	2904	202	6.5
CN3806300000000	38	063	Nelson County, ND	1996	NA	1762	1695	67	3.8
CN3806500000000	38	065	Oliver County, ND	1996	NA	1142	1095	47	4.1
CN3806700000000	38	067	Pembina County, ND	1996	NA	5152	4857	295	5.7
CN3806900000000	38	069	Pierce County, ND	1996	NA	2488	2427	61	2.5
CN3807100000000	38	071	Ramsey County, ND	1996	NA	6752	6548	204	3
CN3807300000000	38	073	Ransom County, ND	1996	NA	2906	2844	62	2.1
CN3807500000000	38	075	Renville County, ND	1996	NA	1396	1369	27	1.9
CN3807700000000	38	077	Richland County, ND	1996	NA	9721	9467	254	2.6
CN3807900000000	38	079	Rolette County, ND	1996	NA	5664	4957	707	12.5
CN3808100000000	38	081	Sargent County, ND	1996	NA	2391	2345	46	1.9
CN3808300000000	38	083	Sheridan County, ND	1996	NA	721	699	22	3.1
CN3808500000000	38	085	Sioux County, ND	1996	NA	1655	1552	103	6.2
CN3808700000000	38	087	Slope County, ND	1996	NA	420	412	8	1.9
CN3808900000000	38	089	Stark County, ND	1996	NA	12755	12396	359	2.8
CN3809100000000	38	091	Steele County, ND	1996	NA	1117	1098	19	1.7
CN3809300000000	38	093	Stutsman County, ND	1996	NA	11757	11444	313	2.7
CN3809500000000	38	095	Towner County, ND	1996	NA	1596	1551	45	2.8
CN3809700000000	38	097	Traill County, ND	1996	NA	4032	3895	137	3.4
CN3809900000000	38	099	Walsh County, ND	1996	NA	6603	6318	285	4.3
CN3810100000000	38	101	Ward County, ND	1996	NA	29722	28895	827	2.8
CN3810300000000	38	103	Wells County, ND	1996	NA	2540	2438	102	4
CN3810500000000	38	105	Williams County, ND	1996	NA	10496	10215	281	2.7
CN3900100000000	39	001	Adams County, OH	1996	NA	11273	9749	1524	13.5
CN3900300000000	39	003	Allen County, OH	1996	NA	51478	47866	3612	7
CN3900500000000	39	005	Ashland County, OH	1996	NA	25815	24212	1603	6.2
CN3900700000000	39	007	Ashtabula County, OH	1996	NA	46492	42921	3571	7.7
CN3900900000000	39	009	Athens County, OH	1996	NA	26228	24605	1623	6.2
CN3901100000000	39	011	Auglaize County, OH	1996	NA	24178	22864	1314	5.4
CN3901300000000	39	013	Belmont County, OH	1996	NA	31484	29082	2402	7.6
CN3901500000000	39	015	Brown County, OH	1996	NA	18766	17571	1195	6.4
CN3901700000000	39	017	Butler County, OH	1996	NA	167453	160099	7354	4.4
CN3901900000000	39	019	Carroll County, OH	1996	NA	13158	12408	750	5.7
CN3902100000000	39	021	Champaign County, OH	1996	NA	18494	17349	1145	6.2
CN3902300000000	39	023	Clark County, OH	1996	NA	71070	66775	4295	6
CN3902500000000	39	025	Clermont County, OH	1996	NA	89749	85471	4278	4.8
CN3902700000000	39	027	Clinton County, OH	1996	NA	23358	22364	994	4.3
CN3902900000000	39	029	Columbiana County, OH	1996	NA	51967	48547	3420	6.6
CN3903100000000	39	031	Coshocton County, OH	1996	NA	17231	16070	1161	6.7
CN3903300000000	39	033	Crawford County, OH	1996	NA	22362	20839	1523	6.8
CN3903500000000	39	035	Cuyahoga County, OH	1996	NA	679410	653056	26354	3.9
CN3903700000000	39	037	Darke County, OH	1996	NA	29372	27778	1594	5.4
CN3903900000000	39	039	Defiance County, OH	1996	NA	21586	20598	988	4.6
CN3904100000000	39	041	Delaware County, OH	1996	NA	46141	44388	1753	3.8
CN3904300000000	39	043	Erie County, OH	1996	NA	42775	40352	2423	5.7
CN3904500000000	39	045	Fairfield County, OH	1996	NA	61395	59046	2349	3.8
CN3904700000000	39	047	Fayette County, OH	1996	NA	14114	13291	823	5.8
CN3904900000000	39	049	Franklin County, OH	1996	NA	568105	550320	17785	3.1
CN3905100000000	39	051	Fulton County, OH	1996	NA	22554	21293	1261	5.6
CN3905300000000	39	053	Gallia County, OH	1996	NA	13984	12659	1325	9.5
CN3905500000000	39	055	Geauga County, OH	1996	NA	45574	44367	1207	2.6
CN3905700000000	39	057	Greene County, OH	1996	NA	69003	66119	2884	4.2
CN3905900000000	39	059	Guernsey County, OH	1996	NA	18617	16942	1675	9
CN3906100000000	39	061	Hamilton County, OH	1996	NA	435571	416340	19231	4.4
CN3906300000000	39	063	Hancock County, OH	1996	NA	40222	38718	1504	3.7
CN3906500000000	39	065	Hardin County, OH	1996	NA	15182	14287	895	5.9
CN3906700000000	39	067	Harrison County, OH	1996	NA	7000	6399	601	8.6
CN3906900000000	39	069	Henry County, OH	1996	NA	16061	15254	807	5
CN3907100000000	39	071	Highland County, OH	1996	NA	18400	17090	1310	7.1
CN3907300000000	39	073	Hocking County, OH	1996	NA	12605	11662	943	7.5
CN3907500000000	39	075	Holmes County, OH	1996	NA	18043	17326	717	4
CN3907700000000	39	077	Huron County, OH	1996	NA	30280	27223	3057	10.1
CN3907900000000	39	079	Jackson County, OH	1996	NA	14120	12937	1183	8.4
CN3908100000000	39	081	Jefferson County, OH	1996	NA	31697	28391	3306	10.4
CN3908300000000	39	083	Knox County, OH	1996	NA	27795	26223	1572	5.7
CN3908500000000	39	085	Lake County, OH	1996	NA	122812	118713	4099	3.3
CN3908700000000	39	087	Lawrence County, OH	1996	NA	26270	24406	1864	7.1
CN3908900000000	39	089	Licking County, OH	1996	NA	70280	67442	2838	4
CN3909100000000	39	091	Logan County, OH	1996	NA	26357	25138	1219	4.6
CN3909300000000	39	093	Lorain County, OH	1996	NA	139815	133081	6734	4.8
CN3909500000000	39	095	Lucas County, OH	1996	NA	226969	214599	12370	5.5
CN3909700000000	39	097	Madison County, OH	1996	NA	19964	19298	666	3.3
CN3909900000000	39	099	Mahoning County, OH	1996	NA	119347	110879	8468	7.1
CN3910100000000	39	101	Marion County, OH	1996	NA	33013	30752	2261	6.8
CN3910300000000	39	103	Medina County, OH	1996	NA	74422	71983	2439	3.3
CN3910500000000	39	105	Meigs County, OH	1996	NA	8651	7633	1018	11.8
CN3910700000000	39	107	Mercer County, OH	1996	NA	20400	18711	1689	8.3
CN3910900000000	39	109	Miami County, OH	1996	NA	50452	48191	2261	4.5
CN3911100000000	39	111	Monroe County, OH	1996	NA	6139	5420	719	11.7
CN3911300000000	39	113	Montgomery County, OH	1996	NA	282949	269616	13333	4.7
CN3911500000000	39	115	Morgan County, OH	1996	NA	4981	4199	782	15.7
CN3911700000000	39	117	Morrow County, OH	1996	NA	13535	12515	1020	7.5
CN3911900000000	39	119	Muskingum County, OH	1996	NA	42144	38544	3600	8.5
CN3912100000000	39	121	Noble County, OH	1996	NA	5198	4775	423	8.1
CN3912300000000	39	123	Ottawa County, OH	1996	NA	20832	19293	1539	7.4
CN3912500000000	39	125	Paulding County, OH	1996	NA	10026	9570	456	4.5
CN3912700000000	39	127	Perry County, OH	1996	NA	15095	13665	1430	9.5
CN3912900000000	39	129	Pickaway County, OH	1996	NA	23761	22761	1000	4.2
CN3913100000000	39	131	Pike County, OH	1996	NA	11382	10269	1113	9.8
CN3913300000000	39	133	Portage County, OH	1996	NA	82627	78724	3903	4.7
CN3913500000000	39	135	Preble County, OH	1996	NA	21388	20320	1068	5
CN3913700000000	39	137	Putnam County, OH	1996	NA	19904	18881	1023	5.1
CN3913900000000	39	139	Richland County, OH	1996	NA	61814	57859	3955	6.4
CN3914100000000	39	141	Ross County, OH	1996	NA	34339	32094	2245	6.5
CN3914300000000	39	143	Sandusky County, OH	1996	NA	31815	29703	2112	6.6
CN3914500000000	39	145	Scioto County, OH	1996	NA	32957	29456	3501	10.6
CN3914700000000	39	147	Seneca County, OH	1996	NA	29084	27239	1845	6.3
CN3914900000000	39	149	Shelby County, OH	1996	NA	27788	26506	1282	4.6
CN3915100000000	39	151	Stark County, OH	1996	NA	188412	177592	10820	5.7
CN3915300000000	39	153	Summit County, OH	1996	NA	278638	264732	13906	5
CN3915500000000	39	155	Trumbull County, OH	1996	NA	111979	104598	7381	6.6
CN3915700000000	39	157	Tuscarawas County, OH	1996	NA	44596	41978	2618	5.9
CN3915900000000	39	159	Union County, OH	1996	NA	16676	15920	756	4.5
CN3916100000000	39	161	Van Wert County, OH	1996	NA	16519	15668	851	5.2
CN3916300000000	39	163	Vinton County, OH	1996	NA	3817	3359	458	12
CN3916500000000	39	165	Warren County, OH	1996	NA	70406	67579	2827	4
CN3916700000000	39	167	Washington County, OH	1996	NA	32640	30368	2272	7
CN3916900000000	39	169	Wayne County, OH	1996	NA	57001	54354	2647	4.6
CN3917100000000	39	171	Williams County, OH	1996	NA	21303	20170	1133	5.3
CN3917300000000	39	173	Wood County, OH	1996	NA	64523	61978	2545	3.9
CN3917500000000	39	175	Wyandot County, OH	1996	NA	12247	11608	639	5.2
CN4000100000000	40	001	Adair County, OK	1996	NA	9973	9392	581	5.8
CN4000300000000	40	003	Alfalfa County, OK	1996	NA	2496	2448	48	1.9
CN4000500000000	40	005	Atoka County, OK	1996	NA	4881	4670	211	4.3
CN4000700000000	40	007	Beaver County, OK	1996	NA	2846	2780	66	2.3
CN4000900000000	40	009	Beckham County, OK	1996	NA	9304	8942	362	3.9
CN4001100000000	40	011	Blaine County, OK	1996	NA	4905	4712	193	3.9
CN4001300000000	40	013	Bryan County, OK	1996	NA	14528	13993	535	3.7
CN4001500000000	40	015	Caddo County, OK	1996	NA	11953	11398	555	4.6
CN4001700000000	40	017	Canadian County, OK	1996	NA	43474	42553	921	2.1
CN4001900000000	40	019	Carter County, OK	1996	NA	20635	19533	1102	5.3
CN4002100000000	40	021	Cherokee County, OK	1996	NA	16755	15894	861	5.1
CN4002300000000	40	023	Choctaw County, OK	1996	NA	5612	4976	636	11.3
CN4002500000000	40	025	Cimarron County, OK	1996	NA	1701	1664	37	2.2
CN4002700000000	40	027	Cleveland County, OK	1996	NA	104603	101874	2729	2.6
CN4002900000000	40	029	Coal County, OK	1996	NA	2651	2431	220	8.3
CN4003100000000	40	031	Comanche County, OK	1996	NA	41191	39274	1917	4.7
CN4003300000000	40	033	Cotton County, OK	1996	NA	2353	2231	122	5.2
CN4003500000000	40	035	Craig County, OK	1996	NA	6549	6363	186	2.8
CN4003700000000	40	037	Creek County, OK	1996	NA	31227	29898	1329	4.3
CN4003900000000	40	039	Custer County, OK	1996	NA	12815	12330	485	3.8
CN4004100000000	40	041	Delaware County, OK	1996	NA	15910	15228	682	4.3
CN4004300000000	40	043	Dewey County, OK	1996	NA	2154	2069	85	3.9
CN4004500000000	40	045	Ellis County, OK	1996	NA	1729	1670	59	3.4
CN4004700000000	40	047	Garfield County, OK	1996	NA	27227	26302	925	3.4
CN4004900000000	40	049	Garvin County, OK	1996	NA	11473	10897	576	5
CN4005100000000	40	051	Grady County, OK	1996	NA	20596	19645	951	4.6
CN4005300000000	40	053	Grant County, OK	1996	NA	2463	2395	68	2.8
CN4005500000000	40	055	Greer County, OK	1996	NA	2526	2462	64	2.5
CN4005700000000	40	057	Harmon County, OK	1996	NA	1329	1270	59	4.4
CN4005900000000	40	059	Harper County, OK	1996	NA	1784	1731	53	3
CN4006100000000	40	061	Haskell County, OK	1996	NA	4234	3761	473	11.2
CN4006300000000	40	063	Hughes County, OK	1996	NA	5133	4711	422	8.2
CN4006500000000	40	065	Jackson County, OK	1996	NA	11480	11007	473	4.1
CN4006700000000	40	067	Jefferson County, OK	1996	NA	3360	3233	127	3.8
CN4006900000000	40	069	Johnston County, OK	1996	NA	4820	4536	284	5.9
CN4007100000000	40	071	Kay County, OK	1996	NA	22790	21350	1440	6.3
CN4007300000000	40	073	Kingfisher County, OK	1996	NA	6694	6498	196	2.9
CN4007500000000	40	075	Kiowa County, OK	1996	NA	4624	4430	194	4.2
CN4007700000000	40	077	Latimer County, OK	1996	NA	4594	4189	405	8.8
CN4007900000000	40	079	Le Flore County, OK	1996	NA	19486	18162	1324	6.8
CN4008100000000	40	081	Lincoln County, OK	1996	NA	14628	13948	680	4.6
CN4008300000000	40	083	Logan County, OK	1996	NA	14115	13696	419	3
CN4008500000000	40	085	Love County, OK	1996	NA	3913	3733	180	4.6
CN4008700000000	40	087	McClain County, OK	1996	NA	12439	12012	427	3.4
CN4008900000000	40	089	McCurtain County, OK	1996	NA	14883	13505	1378	9.3
CN4009100000000	40	091	McIntosh County, OK	1996	NA	7304	6750	554	7.6
CN4009300000000	40	093	Major County, OK	1996	NA	3986	3859	127	3.2
CN4009500000000	40	095	Marshall County, OK	1996	NA	5023	4790	233	4.6
CN4009700000000	40	097	Mayes County, OK	1996	NA	15716	15029	687	4.4
CN4009900000000	40	099	Murray County, OK	1996	NA	5654	5277	377	6.7
CN4010100000000	40	101	Muskogee County, OK	1996	NA	29793	28080	1713	5.7
CN4010300000000	40	103	Noble County, OK	1996	NA	5587	5400	187	3.3
CN4010500000000	40	105	Nowata County, OK	1996	NA	3706	3423	283	7.6
CN4010700000000	40	107	Okfuskee County, OK	1996	NA	4396	4146	250	5.7
CN4010900000000	40	109	Oklahoma County, OK	1996	NA	320149	308456	11693	3.7
CN4011100000000	40	111	Okmulgee County, OK	1996	NA	14662	13383	1279	8.7
CN4011300000000	40	113	Osage County, OK	1996	NA	19291	18604	687	3.6
CN4011500000000	40	115	Ottawa County, OK	1996	NA	13226	12343	883	6.7
CN4011700000000	40	117	Pawnee County, OK	1996	NA	6648	6230	418	6.3
CN4011900000000	40	119	Payne County, OK	1996	NA	35342	34680	662	1.9
CN4012100000000	40	121	Pittsburg County, OK	1996	NA	17480	16260	1220	7
CN4012300000000	40	123	Pontotoc County, OK	1996	NA	16298	15428	870	5.3
CN4012500000000	40	125	Pottawatomie County, OK	1996	NA	27885	26556	1329	4.8
CN4012700000000	40	127	Pushmataha County, OK	1996	NA	5245	4924	321	6.1
CN4012900000000	40	129	Roger Mills County, OK	1996	NA	1954	1900	54	2.8
CN4013100000000	40	131	Rogers County, OK	1996	NA	32109	31015	1094	3.4
CN4013300000000	40	133	Seminole County, OK	1996	NA	10446	9613	833	8
CN4013500000000	40	135	Sequoyah County, OK	1996	NA	16577	15486	1091	6.6
CN4013700000000	40	137	Stephens County, OK	1996	NA	17510	16748	762	4.4
CN4013900000000	40	139	Texas County, OK	1996	NA	11668	11392	276	2.4
CN4014100000000	40	141	Tillman County, OK	1996	NA	3937	3759	178	4.5
CN4014300000000	40	143	Tulsa County, OK	1996	NA	280396	271348	9048	3.2
CN4014500000000	40	145	Wagoner County, OK	1996	NA	26677	25854	823	3.1
CN4014700000000	40	147	Washington County, OK	1996	NA	18895	18000	895	4.7
CN4014900000000	40	149	Washita County, OK	1996	NA	5140	4976	164	3.2
CN4015100000000	40	151	Woods County, OK	1996	NA	4247	4139	108	2.5
CN4015300000000	40	153	Woodward County, OK	1996	NA	9177	8779	398	4.3
CN4100100000000	41	001	Baker County, OR	1996	NA	7626	6784	842	11
CN4100300000000	41	003	Benton County, OR	1996	NA	42742	41631	1111	2.6
CN4100500000000	41	005	Clackamas County, OR	1996	NA	187438	180324	7114	3.8
CN4100700000000	41	007	Clatsop County, OR	1996	NA	17525	16454	1071	6.1
CN4100900000000	41	009	Columbia County, OR	1996	NA	21858	20565	1293	5.9
CN4101100000000	41	011	Coos County, OR	1996	NA	28259	25745	2514	8.9
CN4101300000000	41	013	Crook County, OR	1996	NA	7826	6951	875	11.2
CN4101500000000	41	015	Curry County, OR	1996	NA	8553	7764	789	9.2
CN4101700000000	41	017	Deschutes County, OR	1996	NA	53531	49147	4384	8.2
CN4101900000000	41	019	Douglas County, OR	1996	NA	44450	40610	3840	8.6
CN4102100000000	41	021	Gilliam County, OR	1996	NA	1222	1176	46	3.8
CN4102300000000	41	023	Grant County, OR	1996	NA	4317	3818	499	11.6
CN4102500000000	41	025	Harney County, OR	1996	NA	3746	3275	471	12.6
CN4102700000000	41	027	Hood River County, OR	1996	NA	10586	9501	1085	10.2
CN4102900000000	41	029	Jackson County, OR	1996	NA	86230	79379	6851	7.9
CN4103100000000	41	031	Jefferson County, OR	1996	NA	8389	7761	628	7.5
CN4103300000000	41	033	Josephine County, OR	1996	NA	28861	26095	2766	9.6
CN4103500000000	41	035	Klamath County, OR	1996	NA	29765	27260	2505	8.4
CN4103700000000	41	037	Lake County, OR	1996	NA	3881	3442	439	11.3
CN4103900000000	41	039	Lane County, OR	1996	NA	159975	151066	8909	5.6
CN4104100000000	41	041	Lincoln County, OR	1996	NA	21713	20149	1564	7.2
CN4104300000000	41	043	Linn County, OR	1996	NA	52191	48673	3518	6.7
CN4104500000000	41	045	Malheur County, OR	1996	NA	14632	13412	1220	8.3
CN4104700000000	41	047	Marion County, OR	1996	NA	135419	127718	7701	5.7
CN4104900000000	41	049	Morrow County, OR	1996	NA	4098	3731	367	9
CN4105100000000	41	051	Multnomah County, OR	1996	NA	360698	342589	18109	5
CN4105300000000	41	053	Polk County, OR	1996	NA	29089	27753	1336	4.6
CN4105500000000	41	055	Sherman County, OR	1996	NA	1042	965	77	7.4
CN4105700000000	41	057	Tillamook County, OR	1996	NA	11429	10770	659	5.8
CN4105900000000	41	059	Umatilla County, OR	1996	NA	33266	30577	2689	8.1
CN4106100000000	41	061	Union County, OR	1996	NA	12623	11676	947	7.5
CN4106300000000	41	063	Wallowa County, OR	1996	NA	3590	3186	404	11.3
CN4106500000000	41	065	Wasco County, OR	1996	NA	11612	10635	977	8.4
CN4106700000000	41	067	Washington County, OR	1996	NA	230917	222398	8519	3.7
CN4106900000000	41	069	Wheeler County, OR	1996	NA	617	565	52	8.4
CN4107100000000	41	071	Yamhill County, OR	1996	NA	39912	38057	1855	4.6
CN4200100000000	42	001	Adams County, PA	1996	NA	44162	42091	2071	4.7
CN4200300000000	42	003	Allegheny County, PA	1996	NA	655928	625581	30347	4.6
CN4200500000000	42	005	Armstrong County, PA	1996	NA	32194	29687	2507	7.8
CN4200700000000	42	007	Beaver County, PA	1996	NA	85802	81442	4360	5.1
CN4200900000000	42	009	Bedford County, PA	1996	NA	24862	22946	1916	7.7
CN4201100000000	42	011	Berks County, PA	1996	NA	182513	174450	8063	4.4
CN4201300000000	42	013	Blair County, PA	1996	NA	62929	59246	3683	5.9
CN4201500000000	42	015	Bradford County, PA	1996	NA	28907	27285	1622	5.6
CN4201700000000	42	017	Bucks County, PA	1996	NA	316975	302652	14323	4.5
CN4201900000000	42	019	Butler County, PA	1996	NA	85345	81029	4316	5.1
CN4202100000000	42	021	Cambria County, PA	1996	NA	69551	63773	5778	8.3
CN4202300000000	42	023	Cameron County, PA	1996	NA	2641	2442	199	7.5
CN4202500000000	42	025	Carbon County, PA	1996	NA	26722	24669	2053	7.7
CN4202700000000	42	027	Centre County, PA	1996	NA	66014	64030	1984	3
CN4202900000000	42	029	Chester County, PA	1996	NA	223093	215582	7511	3.4
CN4203100000000	42	031	Clarion County, PA	1996	NA	18567	17206	1361	7.3
CN4203300000000	42	033	Clearfield County, PA	1996	NA	38718	35476	3242	8.4
CN4203500000000	42	035	Clinton County, PA	1996	NA	17306	15876	1430	8.3
CN4203700000000	42	037	Columbia County, PA	1996	NA	33529	31039	2490	7.4
CN4203900000000	42	039	Crawford County, PA	1996	NA	41733	39258	2475	5.9
CN4204100000000	42	041	Cumberland County, PA	1996	NA	120415	116886	3529	2.9
CN4204300000000	42	043	Dauphin County, PA	1996	NA	139699	134696	5003	3.6
CN4204500000000	42	045	Delaware County, PA	1996	NA	278307	264573	13734	4.9
CN4204700000000	42	047	Elk County, PA	1996	NA	18556	17389	1167	6.3
CN4204900000000	42	049	Erie County, PA	1996	NA	141279	132868	8411	6
CN4205100000000	42	051	Fayette County, PA	1996	NA	57429	52736	4693	8.2
CN4205300000000	42	053	Forest County, PA	1996	NA	1866	1679	187	10
CN4205500000000	42	055	Franklin County, PA	1996	NA	65584	62299	3285	5
CN4205700000000	42	057	Fulton County, PA	1996	NA	6713	6341	372	5.5
CN4205900000000	42	059	Greene County, PA	1996	NA	16103	14656	1447	9
CN4206100000000	42	061	Huntingdon County, PA	1996	NA	19062	17059	2003	10.5
CN4206300000000	42	063	Indiana County, PA	1996	NA	37795	34574	3221	8.5
CN4206500000000	42	065	Jefferson County, PA	1996	NA	22413	20636	1777	7.9
CN4206700000000	42	067	Juniata County, PA	1996	NA	10230	9299	931	9.1
CN4206900000000	42	069	Lackawanna County, PA	1996	NA	107319	99677	7642	7.1
CN4207100000000	42	071	Lancaster County, PA	1996	NA	239036	231005	8031	3.4
CN4207300000000	42	073	Lawrence County, PA	1996	NA	40284	37666	2618	6.5
CN4207500000000	42	075	Lebanon County, PA	1996	NA	65748	63183	2565	3.9
CN4207700000000	42	077	Lehigh County, PA	1996	NA	153270	145144	8126	5.3
CN4207900000000	42	079	Luzerne County, PA	1996	NA	159001	147360	11641	7.3
CN4208100000000	42	081	Lycoming County, PA	1996	NA	58658	54754	3904	6.7
CN4208300000000	42	083	McKean County, PA	1996	NA	22040	20699	1341	6.1
CN4208500000000	42	085	Mercer County, PA	1996	NA	56279	53731	2548	4.5
CN4208700000000	42	087	Mifflin County, PA	1996	NA	22765	20816	1949	8.6
CN4208900000000	42	089	Monroe County, PA	1996	NA	50231	46166	4065	8.1
CN4209100000000	42	091	Montgomery County, PA	1996	NA	389062	373764	15298	3.9
CN4209300000000	42	093	Montour County, PA	1996	NA	8651	8260	391	4.5
CN4209500000000	42	095	Northampton County, PA	1996	NA	127976	120907	7069	5.5
CN4209700000000	42	097	Northumberland County, PA	1996	NA	43775	40715	3060	7
CN4209900000000	42	099	Perry County, PA	1996	NA	24098	23100	998	4.1
CN4210100000000	42	101	Philadelphia County/city, PA	1996	NA	650232	603199	47033	7.2
CN4210300000000	42	103	Pike County, PA	1996	NA	17371	16490	881	5.1
CN4210500000000	42	105	Potter County, PA	1996	NA	8518	7908	610	7.2
CN4210700000000	42	107	Schuylkill County, PA	1996	NA	68965	63140	5825	8.4
CN4210900000000	42	109	Snyder County, PA	1996	NA	18803	17592	1211	6.4
CN4211100000000	42	111	Somerset County, PA	1996	NA	38274	35322	2952	7.7
CN4211300000000	42	113	Sullivan County, PA	1996	NA	2742	2559	183	6.7
CN4211500000000	42	115	Susquehanna County, PA	1996	NA	19138	17744	1394	7.3
CN4211700000000	42	117	Tioga County, PA	1996	NA	19651	18189	1462	7.4
CN4211900000000	42	119	Union County, PA	1996	NA	18756	17838	918	4.9
CN4212100000000	42	121	Venango County, PA	1996	NA	26409	24496	1913	7.2
CN4212300000000	42	123	Warren County, PA	1996	NA	21775	20636	1139	5.2
CN4212500000000	42	125	Washington County, PA	1996	NA	95560	90224	5336	5.6
CN4212700000000	42	127	Wayne County, PA	1996	NA	18903	17266	1637	8.7
CN4212900000000	42	129	Westmoreland County, PA	1996	NA	182546	171966	10580	5.8
CN4213100000000	42	131	Wyoming County, PA	1996	NA	15350	14131	1219	7.9
CN4213300000000	42	133	York County, PA	1996	NA	195458	186735	8723	4.5
CN4400100000000	44	001	Bristol County, RI	1996	NA	26106	24957	1149	4.4
CN4400300000000	44	003	Kent County, RI	1996	NA	89169	84344	4825	5.4
CN4400500000000	44	005	Newport County, RI	1996	NA	40573	38425	2148	5.3
CN4400700000000	44	007	Providence County, RI	1996	NA	296435	278960	17475	5.9
CN4400900000000	44	009	Washington County, RI	1996	NA	63812	61322	2490	3.9
CN4500100000000	45	001	Abbeville County, SC	1996	NA	12513	11691	822	6.6
CN4500300000000	45	003	Aiken County, SC	1996	NA	63640	59303	4337	6.8
CN4500500000000	45	005	Allendale County, SC	1996	NA	4627	4225	402	8.7
CN4500700000000	45	007	Anderson County, SC	1996	NA	82774	78803	3971	4.8
CN4500900000000	45	009	Bamberg County, SC	1996	NA	7773	7027	746	9.6
CN4501100000000	45	011	Barnwell County, SC	1996	NA	11233	10055	1178	10.5
CN4501300000000	45	013	Beaufort County, SC	1996	NA	46015	44554	1461	3.2
CN4501500000000	45	015	Berkeley County, SC	1996	NA	59997	57266	2731	4.6
CN4501700000000	45	017	Calhoun County, SC	1996	NA	6718	6098	620	9.2
CN4501900000000	45	019	Charleston County, SC	1996	NA	143765	135479	8286	5.8
CN4502100000000	45	021	Cherokee County, SC	1996	NA	24989	23643	1346	5.4
CN4502300000000	45	023	Chester County, SC	1996	NA	15920	14286	1634	10.3
CN4502500000000	45	025	Chesterfield County, SC	1996	NA	21385	19717	1668	7.8
CN4502700000000	45	027	Clarendon County, SC	1996	NA	12016	10937	1079	9
CN4502900000000	45	029	Colleton County, SC	1996	NA	15711	14657	1054	6.7
CN4503100000000	45	031	Darlington County, SC	1996	NA	32259	29342	2917	9
CN4503300000000	45	033	Dillon County, SC	1996	NA	14383	12723	1660	11.5
CN4503500000000	45	035	Dorchester County, SC	1996	NA	43234	41120	2114	4.9
CN4503700000000	45	037	Edgefield County, SC	1996	NA	9365	8696	669	7.1
CN4503900000000	45	039	Fairfield County, SC	1996	NA	10636	9668	968	9.1
CN4504100000000	45	041	Florence County, SC	1996	NA	63359	58273	5086	8
CN4504300000000	45	043	Georgetown County, SC	1996	NA	25347	22295	3052	12
CN4504500000000	45	045	Greenville County, SC	1996	NA	187142	181260	5882	3.1
CN4504700000000	45	047	Greenwood County, SC	1996	NA	33883	31587	2296	6.8
CN4504900000000	45	049	Hampton County, SC	1996	NA	8541	7932	609	7.1
CN4505100000000	45	051	Horry County, SC	1996	NA	95234	90174	5060	5.3
CN4505300000000	45	053	Jasper County, SC	1996	NA	7624	7240	384	5
CN4505500000000	45	055	Kershaw County, SC	1996	NA	23641	22153	1488	6.3
CN4505700000000	45	057	Lancaster County, SC	1996	NA	28633	26863	1770	6.2
CN4505900000000	45	059	Laurens County, SC	1996	NA	31613	29696	1917	6.1
CN4506100000000	45	061	Lee County, SC	1996	NA	8188	7415	773	9.4
CN4506300000000	45	063	Lexington County, SC	1996	NA	111041	107444	3597	3.2
CN4506500000000	45	065	McCormick County, SC	1996	NA	4092	3693	399	9.8
CN4506700000000	45	067	Marion County, SC	1996	NA	16638	14450	2188	13.2
CN4506900000000	45	069	Marlboro County, SC	1996	NA	12089	10238	1851	15.3
CN4507100000000	45	071	Newberry County, SC	1996	NA	18648	17514	1134	6.1
CN4507300000000	45	073	Oconee County, SC	1996	NA	28732	26936	1796	6.3
CN4507500000000	45	075	Orangeburg County, SC	1996	NA	41372	37240	4132	10
CN4507700000000	45	077	Pickens County, SC	1996	NA	54954	52171	2783	5.1
CN4507900000000	45	079	Richland County, SC	1996	NA	154902	149042	5860	3.8
CN4508100000000	45	081	Saluda County, SC	1996	NA	8582	8045	537	6.3
CN4508300000000	45	083	Spartanburg County, SC	1996	NA	130015	123986	6029	4.6
CN4508500000000	45	085	Sumter County, SC	1996	NA	45832	42974	2858	6.2
CN4508700000000	45	087	Union County, SC	1996	NA	15350	14033	1317	8.6
CN4508900000000	45	089	Williamsburg County, SC	1996	NA	16199	13228	2971	18.3
CN4509100000000	45	091	York County, SC	1996	NA	82856	78613	4243	5.1
CN4600300000000	46	003	Aurora County, SD	1996	NA	1313	1273	40	3
CN4600500000000	46	005	Beadle County, SD	1996	NA	9647	9375	272	2.8
CN4600700000000	46	007	Bennett County, SD	1996	NA	1066	1014	52	4.9
CN4600900000000	46	009	Bon Homme County, SD	1996	NA	3138	3061	77	2.5
CN4601100000000	46	011	Brookings County, SD	1996	NA	15668	15423	245	1.6
CN4601300000000	46	013	Brown County, SD	1996	NA	21023	20590	433	2.1
CN4601500000000	46	015	Brule County, SD	1996	NA	2968	2855	113	3.8
CN4601700000000	46	017	Buffalo County, SD	1996	NA	733	659	74	10.1
CN4601900000000	46	019	Butte County, SD	1996	NA	3766	3595	171	4.5
CN4602100000000	46	021	Campbell County, SD	1996	NA	938	909	29	3.1
CN4602300000000	46	023	Charles Mix County, SD	1996	NA	4706	4548	158	3.4
CN4602500000000	46	025	Clark County, SD	1996	NA	1965	1889	76	3.9
CN4602700000000	46	027	Clay County, SD	1996	NA	6878	6787	91	1.3
CN4602900000000	46	029	Codington County, SD	1996	NA	14441	13993	448	3.1
CN4603100000000	46	031	Corson County, SD	1996	NA	1475	1338	137	9.3
CN4603300000000	46	033	Custer County, SD	1996	NA	3369	3164	205	6.1
CN4603500000000	46	035	Davison County, SD	1996	NA	10100	9770	330	3.3
CN4603700000000	46	037	Day County, SD	1996	NA	3070	2936	134	4.4
CN4603900000000	46	039	Deuel County, SD	1996	NA	2337	2255	82	3.5
CN4604100000000	46	041	Dewey County, SD	1996	NA	2272	1972	300	13.2
CN4604300000000	46	043	Douglas County, SD	1996	NA	1614	1574	40	2.5
CN4604500000000	46	045	Edmunds County, SD	1996	NA	2284	2246	38	1.7
CN4604700000000	46	047	Fall River County, SD	1996	NA	3614	3476	138	3.8
CN4604900000000	46	049	Faulk County, SD	1996	NA	1234	1200	34	2.8
CN4605100000000	46	051	Grant County, SD	1996	NA	4282	4110	172	4
CN4605300000000	46	053	Gregory County, SD	1996	NA	2629	2538	91	3.5
CN4605500000000	46	055	Haakon County, SD	1996	NA	1180	1138	42	3.6
CN4605700000000	46	057	Hamlin County, SD	1996	NA	2547	2461	86	3.4
CN4605900000000	46	059	Hand County, SD	1996	NA	2129	2076	53	2.5
CN4606100000000	46	061	Hanson County, SD	1996	NA	1585	1539	46	2.9
CN4606300000000	46	063	Harding County, SD	1996	NA	835	802	33	4
CN4606500000000	46	065	Hughes County, SD	1996	NA	9584	9321	263	2.7
CN4606700000000	46	067	Hutchinson County, SD	1996	NA	3920	3798	122	3.1
CN4606900000000	46	069	Hyde County, SD	1996	NA	876	847	29	3.3
CN4607100000000	46	071	Jackson County, SD	1996	NA	1107	1047	60	5.4
CN4607300000000	46	073	Jerauld County, SD	1996	NA	1139	1098	41	3.6
CN4607500000000	46	075	Jones County, SD	1996	NA	793	767	26	3.3
CN4607700000000	46	077	Kingsbury County, SD	1996	NA	2675	2574	101	3.8
CN4607900000000	46	079	Lake County, SD	1996	NA	6069	5881	188	3.1
CN4608100000000	46	081	Lawrence County, SD	1996	NA	12063	11600	463	3.8
CN4608300000000	46	083	Lincoln County, SD	1996	NA	10418	10230	188	1.8
CN4608500000000	46	085	Lyman County, SD	1996	NA	2430	2327	103	4.2
CN4608700000000	46	087	McCook County, SD	1996	NA	2524	2462	62	2.5
CN4608900000000	46	089	McPherson County, SD	1996	NA	1369	1311	58	4.2
CN4609100000000	46	091	Marshall County, SD	1996	NA	2298	2218	80	3.5
CN4609300000000	46	093	Meade County, SD	1996	NA	12250	11812	438	3.6
CN4609500000000	46	095	Mellette County, SD	1996	NA	780	724	56	7.2
CN4609700000000	46	097	Miner County, SD	1996	NA	1381	1262	119	8.6
CN4609900000000	46	099	Minnehaha County, SD	1996	NA	83815	82043	1772	2.1
CN4610100000000	46	101	Moody County, SD	1996	NA	3607	3433	174	4.8
CN4610200000000	46	102	Oglala Lakota County, SD	1996	NA	3233	2750	483	14.9
CN4610300000000	46	103	Pennington County, SD	1996	NA	45524	44040	1484	3.3
CN4610500000000	46	105	Perkins County, SD	1996	NA	2026	1962	64	3.2
CN4610700000000	46	107	Potter County, SD	1996	NA	1525	1471	54	3.5
CN4610900000000	46	109	Roberts County, SD	1996	NA	4911	4663	248	5
CN4611100000000	46	111	Sanborn County, SD	1996	NA	1463	1398	65	4.4
CN4611500000000	46	115	Spink County, SD	1996	NA	3541	3447	94	2.7
CN4611700000000	46	117	Stanley County, SD	1996	NA	1824	1763	61	3.3
CN4611900000000	46	119	Sully County, SD	1996	NA	931	893	38	4.1
CN4612100000000	46	121	Todd County, SD	1996	NA	2747	2507	240	8.7
CN4612300000000	46	123	Tripp County, SD	1996	NA	3617	3506	111	3.1
CN4612500000000	46	125	Turner County, SD	1996	NA	4127	4004	123	3
CN4612700000000	46	127	Union County, SD	1996	NA	7166	6889	277	3.9
CN4612900000000	46	129	Walworth County, SD	1996	NA	3096	2979	117	3.8
CN4613500000000	46	135	Yankton County, SD	1996	NA	10881	10632	249	2.3
CN4613700000000	46	137	Ziebach County, SD	1996	NA	707	661	46	6.5
CN4700100000000	47	001	Anderson County, TN	1996	NA	36394	34626	1768	4.9
CN4700300000000	47	003	Bedford County, TN	1996	NA	17802	16739	1063	6
CN4700500000000	47	005	Benton County, TN	1996	NA	8137	7247	890	10.9
CN4700700000000	47	007	Bledsoe County, TN	1996	NA	4048	3828	220	5.4
CN4700900000000	47	009	Blount County, TN	1996	NA	50266	48027	2239	4.5
CN4701100000000	47	011	Bradley County, TN	1996	NA	42602	40446	2156	5.1
CN4701300000000	47	013	Campbell County, TN	1996	NA	17395	15908	1487	8.5
CN4701500000000	47	015	Cannon County, TN	1996	NA	5023	4706	317	6.3
CN4701700000000	47	017	Carroll County, TN	1996	NA	14254	12849	1405	9.9
CN4701900000000	47	019	Carter County, TN	1996	NA	26389	24925	1464	5.5
CN4702100000000	47	021	Cheatham County, TN	1996	NA	17891	17451	440	2.5
CN4702300000000	47	023	Chester County, TN	1996	NA	7773	7335	438	5.6
CN4702500000000	47	025	Claiborne County, TN	1996	NA	13076	12410	666	5.1
CN4702700000000	47	027	Clay County, TN	1996	NA	3795	3267	528	13.9
CN4702900000000	47	029	Cocke County, TN	1996	NA	17032	15236	1796	10.5
CN4703100000000	47	031	Coffee County, TN	1996	NA	22564	21224	1340	5.9
CN4703300000000	47	033	Crockett County, TN	1996	NA	7486	6967	519	6.9
CN4703500000000	47	035	Cumberland County, TN	1996	NA	19622	18345	1277	6.5
CN4703700000000	47	037	Davidson County, TN	1996	NA	302957	293277	9680	3.2
CN4703900000000	47	039	Decatur County, TN	1996	NA	5942	5310	632	10.6
CN4704100000000	47	041	DeKalb County, TN	1996	NA	8681	8037	644	7.4
CN4704300000000	47	043	Dickson County, TN	1996	NA	20264	19359	905	4.5
CN4704500000000	47	045	Dyer County, TN	1996	NA	19453	18072	1381	7.1
CN4704700000000	47	047	Fayette County, TN	1996	NA	12962	12343	619	4.8
CN4704900000000	47	049	Fentress County, TN	1996	NA	7384	6719	665	9
CN4705100000000	47	051	Franklin County, TN	1996	NA	18609	17229	1380	7.4
CN4705300000000	47	053	Gibson County, TN	1996	NA	23235	21035	2200	9.5
CN4705500000000	47	055	Giles County, TN	1996	NA	16187	15112	1075	6.6
CN4705700000000	47	057	Grainger County, TN	1996	NA	9990	9397	593	5.9
CN4705900000000	47	059	Greene County, TN	1996	NA	34625	31452	3173	9.2
CN4706100000000	47	061	Grundy County, TN	1996	NA	5894	5393	501	8.5
CN4706300000000	47	063	Hamblen County, TN	1996	NA	30579	28905	1674	5.5
CN4706500000000	47	065	Hamilton County, TN	1996	NA	151317	144830	6487	4.3
CN4706700000000	47	067	Hancock County, TN	1996	NA	2691	2537	154	5.7
CN4706900000000	47	069	Hardeman County, TN	1996	NA	9253	8440	813	8.8
CN4707100000000	47	071	Hardin County, TN	1996	NA	12574	11438	1136	9
CN4707300000000	47	073	Hawkins County, TN	1996	NA	23673	22548	1125	4.8
CN4707500000000	47	075	Haywood County, TN	1996	NA	8916	7870	1046	11.7
CN4707700000000	47	077	Henderson County, TN	1996	NA	13910	12517	1393	10
CN4707900000000	47	079	Henry County, TN	1996	NA	15120	14157	963	6.4
CN4708100000000	47	081	Hickman County, TN	1996	NA	8853	8244	609	6.9
CN4708300000000	47	083	Houston County, TN	1996	NA	3124	2686	438	14
CN4708500000000	47	085	Humphreys County, TN	1996	NA	8497	7517	980	11.5
CN4708700000000	47	087	Jackson County, TN	1996	NA	4514	4298	216	4.8
CN4708900000000	47	089	Jefferson County, TN	1996	NA	22386	21102	1284	5.7
CN4709100000000	47	091	Johnson County, TN	1996	NA	7980	6975	1005	12.6
CN4709300000000	47	093	Knox County, TN	1996	NA	197245	190479	6766	3.4
CN4709500000000	47	095	Lake County, TN	1996	NA	2851	2593	258	9
CN4709700000000	47	097	Lauderdale County, TN	1996	NA	10023	9195	828	8.3
CN4709900000000	47	099	Lawrence County, TN	1996	NA	22216	19520	2696	12.1
CN4710100000000	47	101	Lewis County, TN	1996	NA	5147	4348	799	15.5
CN4710300000000	47	103	Lincoln County, TN	1996	NA	15304	13625	1679	11
CN4710500000000	47	105	Loudon County, TN	1996	NA	19658	18892	766	3.9
CN4710700000000	47	107	McMinn County, TN	1996	NA	22680	20661	2019	8.9
CN4710900000000	47	109	McNairy County, TN	1996	NA	11948	10960	988	8.3
CN4711100000000	47	111	Macon County, TN	1996	NA	9321	8400	921	9.9
CN4711300000000	47	113	Madison County, TN	1996	NA	47397	45248	2149	4.5
CN4711500000000	47	115	Marion County, TN	1996	NA	12574	11786	788	6.3
CN4711700000000	47	117	Marshall County, TN	1996	NA	12662	12099	563	4.4
CN4711900000000	47	119	Maury County, TN	1996	NA	36898	35074	1824	4.9
CN4712100000000	47	121	Meigs County, TN	1996	NA	4559	4071	488	10.7
CN4712300000000	47	123	Monroe County, TN	1996	NA	18073	15993	2080	11.5
CN4712500000000	47	125	Montgomery County, TN	1996	NA	52971	50826	2145	4
CN4712700000000	47	127	Moore County, TN	1996	NA	3042	2886	156	5.1
CN4712900000000	47	129	Morgan County, TN	1996	NA	7097	6638	459	6.5
CN4713100000000	47	131	Obion County, TN	1996	NA	15507	14140	1367	8.8
CN4713300000000	47	133	Overton County, TN	1996	NA	9677	9040	637	6.6
CN4713500000000	47	135	Perry County, TN	1996	NA	3620	3424	196	5.4
CN4713700000000	47	137	Pickett County, TN	1996	NA	2311	2086	225	9.7
CN4713900000000	47	139	Polk County, TN	1996	NA	6861	6369	492	7.2
CN4714100000000	47	141	Putnam County, TN	1996	NA	31219	29734	1485	4.8
CN4714300000000	47	143	Rhea County, TN	1996	NA	12559	11240	1319	10.5
CN4714500000000	47	145	Roane County, TN	1996	NA	28049	26544	1505	5.4
CN4714700000000	47	147	Robertson County, TN	1996	NA	26649	25324	1325	5
CN4714900000000	47	149	Rutherford County, TN	1996	NA	87197	84166	3031	3.5
CN4715100000000	47	151	Scott County, TN	1996	NA	8716	7844	872	10
CN4715300000000	47	153	Sequatchie County, TN	1996	NA	4889	4591	298	6.1
CN4715500000000	47	155	Sevier County, TN	1996	NA	34239	31384	2855	8.3
CN4715700000000	47	157	Shelby County, TN	1996	NA	434750	415658	19092	4.4
CN4715900000000	47	159	Smith County, TN	1996	NA	9265	8794	471	5.1
CN4716100000000	47	161	Stewart County, TN	1996	NA	3820	3248	572	15
CN4716300000000	47	163	Sullivan County, TN	1996	NA	76518	73498	3020	3.9
CN4716500000000	47	165	Sumner County, TN	1996	NA	65604	63212	2392	3.6
CN4716700000000	47	167	Tipton County, TN	1996	NA	20895	19859	1036	5
CN4716900000000	47	169	Trousdale County, TN	1996	NA	2099	1875	224	10.7
CN4717100000000	47	171	Unicoi County, TN	1996	NA	8192	7663	529	6.5
CN4717300000000	47	173	Union County, TN	1996	NA	7470	7152	318	4.3
CN4717500000000	47	175	Van Buren County, TN	1996	NA	2439	2253	186	7.6
CN4717700000000	47	177	Warren County, TN	1996	NA	19267	18063	1204	6.2
CN4717900000000	47	179	Washington County, TN	1996	NA	52367	50356	2011	3.8
CN4718100000000	47	181	Wayne County, TN	1996	NA	7803	6944	859	11
CN4718300000000	47	183	Weakley County, TN	1996	NA	18174	17243	931	5.1
CN4718500000000	47	185	White County, TN	1996	NA	11430	10615	815	7.1
CN4718700000000	47	187	Williamson County, TN	1996	NA	58679	57471	1208	2.1
CN4718900000000	47	189	Wilson County, TN	1996	NA	43967	42348	1619	3.7
CN4800100000000	48	001	Anderson County, TX	1996	NA	20153	18973	1180	5.9
CN4800300000000	48	003	Andrews County, TX	1996	NA	5516	5253	263	4.8
CN4800500000000	48	005	Angelina County, TX	1996	NA	34914	33050	1864	5.3
CN4800700000000	48	007	Aransas County, TX	1996	NA	8974	8541	433	4.8
CN4800900000000	48	009	Archer County, TX	1996	NA	4116	3994	122	3
CN4801100000000	48	011	Armstrong County, TX	1996	NA	1004	975	29	2.9
CN4801300000000	48	013	Atascosa County, TX	1996	NA	15463	14749	714	4.6
CN4801500000000	48	015	Austin County, TX	1996	NA	11468	11055	413	3.6
CN4801700000000	48	017	Bailey County, TX	1996	NA	3742	3538	204	5.5
CN4801900000000	48	019	Bandera County, TX	1996	NA	6518	6288	230	3.5
CN4802100000000	48	021	Bastrop County, TX	1996	NA	24810	23966	844	3.4
CN4802300000000	48	023	Baylor County, TX	1996	NA	1824	1726	98	5.4
CN4802500000000	48	025	Bee County, TX	1996	NA	11075	10311	764	6.9
CN4802700000000	48	027	Bell County, TX	1996	NA	90880	86370	4510	5
CN4802900000000	48	029	Bexar County, TX	1996	NA	643113	613908	29205	4.5
CN4803100000000	48	031	Blanco County, TX	1996	NA	3554	3455	99	2.8
CN4803300000000	48	033	Borden County, TX	1996	NA	391	384	7	1.8
CN4803500000000	48	035	Bosque County, TX	1996	NA	6440	6164	276	4.3
CN4803700000000	48	037	Bowie County, TX	1996	NA	39961	36818	3143	7.9
CN4803900000000	48	039	Brazoria County, TX	1996	NA	104673	97526	7147	6.8
CN4804100000000	48	041	Brazos County, TX	1996	NA	69241	67510	1731	2.5
CN4804300000000	48	043	Brewster County, TX	1996	NA	4854	4717	137	2.8
CN4804500000000	48	045	Briscoe County, TX	1996	NA	969	938	31	3.2
CN4804700000000	48	047	Brooks County, TX	1996	NA	3089	2674	415	13.4
CN4804900000000	48	049	Brown County, TX	1996	NA	16983	15881	1102	6.5
CN4805100000000	48	051	Burleson County, TX	1996	NA	7443	7141	302	4.1
CN4805300000000	48	053	Burnet County, TX	1996	NA	12921	12401	520	4
CN4805500000000	48	055	Caldwell County, TX	1996	NA	14901	14324	577	3.9
CN4805700000000	48	057	Calhoun County, TX	1996	NA	9767	9049	718	7.4
CN4805900000000	48	059	Callahan County, TX	1996	NA	6466	6203	263	4.1
CN4806100000000	48	061	Cameron County, TX	1996	NA	124222	108455	15767	12.7
CN4806300000000	48	063	Camp County, TX	1996	NA	5309	4888	421	7.9
CN4806500000000	48	065	Carson County, TX	1996	NA	3582	3426	156	4.4
CN4806700000000	48	067	Cass County, TX	1996	NA	15608	14249	1359	8.7
CN4806900000000	48	069	Castro County, TX	1996	NA	4171	3971	200	4.8
CN4807100000000	48	071	Chambers County, TX	1996	NA	11118	10533	585	5.3
CN4807300000000	48	073	Cherokee County, TX	1996	NA	20654	19660	994	4.8
CN4807500000000	48	075	Childress County, TX	1996	NA	3288	3133	155	4.7
CN4807700000000	48	077	Clay County, TX	1996	NA	5328	5147	181	3.4
CN4807900000000	48	079	Cochran County, TX	1996	NA	1626	1534	92	5.7
CN4808100000000	48	081	Coke County, TX	1996	NA	1598	1562	36	2.3
CN4808300000000	48	083	Coleman County, TX	1996	NA	3992	3717	275	6.9
CN4808500000000	48	085	Collin County, TX	1996	NA	224868	219091	5777	2.6
CN4808700000000	48	087	Collingsworth County, TX	1996	NA	1720	1655	65	3.8
CN4808900000000	48	089	Colorado County, TX	1996	NA	8110	7832	278	3.4
CN4809100000000	48	091	Comal County, TX	1996	NA	34915	33780	1135	3.3
CN4809300000000	48	093	Comanche County, TX	1996	NA	6707	6412	295	4.4
CN4809500000000	48	095	Concho County, TX	1996	NA	1473	1440	33	2.2
CN4809700000000	48	097	Cooke County, TX	1996	NA	15975	15338	637	4
CN4809900000000	48	099	Coryell County, TX	1996	NA	21751	20741	1010	4.6
CN4810100000000	48	101	Cottle County, TX	1996	NA	878	814	64	7.3
CN4810300000000	48	103	Crane County, TX	1996	NA	2329	2246	83	3.6
CN4810500000000	48	105	Crockett County, TX	1996	NA	1999	1935	64	3.2
CN4810700000000	48	107	Crosby County, TX	1996	NA	3170	2913	257	8.1
CN4810900000000	48	109	Culberson County, TX	1996	NA	1349	1226	123	9.1
CN4811100000000	48	111	Dallam County, TX	1996	NA	3271	3170	101	3.1
CN4811300000000	48	113	Dallas County, TX	1996	NA	1151815	1099649	52166	4.5
CN4811500000000	48	115	Dawson County, TX	1996	NA	6279	5835	444	7.1
CN4811700000000	48	117	Deaf Smith County, TX	1996	NA	8591	7938	653	7.6
CN4811900000000	48	119	Delta County, TX	1996	NA	2726	2616	110	4
CN4812100000000	48	121	Denton County, TX	1996	NA	213696	207674	6022	2.8
CN4812300000000	48	123	DeWitt County, TX	1996	NA	8081	7713	368	4.6
CN4812500000000	48	125	Dickens County, TX	1996	NA	1024	954	70	6.8
CN4812700000000	48	127	Dimmit County, TX	1996	NA	3683	3116	567	15.4
CN4812900000000	48	129	Donley County, TX	1996	NA	1617	1567	50	3.1
CN4813100000000	48	131	Duval County, TX	1996	NA	4732	4141	591	12.5
CN4813300000000	48	133	Eastland County, TX	1996	NA	8589	8180	409	4.8
CN4813500000000	48	135	Ector County, TX	1996	NA	60327	56155	4172	6.9
CN4813700000000	48	137	Edwards County, TX	1996	NA	918	870	48	5.2
CN4813900000000	48	139	Ellis County, TX	1996	NA	49928	47712	2216	4.4
CN4814100000000	48	141	El Paso County, TX	1996	NA	290418	256439	33979	11.7
CN4814300000000	48	143	Erath County, TX	1996	NA	16120	15686	434	2.7
CN4814500000000	48	145	Falls County, TX	1996	NA	7688	7420	268	3.5
CN4814700000000	48	147	Fannin County, TX	1996	NA	12545	11828	717	5.7
CN4814900000000	48	149	Fayette County, TX	1996	NA	10663	10322	341	3.2
CN4815100000000	48	151	Fisher County, TX	1996	NA	1869	1771	98	5.2
CN4815300000000	48	153	Floyd County, TX	1996	NA	3536	3288	248	7
CN4815500000000	48	155	Foard County, TX	1996	NA	1110	1055	55	5
CN4815700000000	48	157	Fort Bend County, TX	1996	NA	160645	155715	4930	3.1
CN4815900000000	48	159	Franklin County, TX	1996	NA	4301	4033	268	6.2
CN4816100000000	48	161	Freestone County, TX	1996	NA	7581	7176	405	5.3
CN4816300000000	48	163	Frio County, TX	1996	NA	6224	5622	602	9.7
CN4816500000000	48	165	Gaines County, TX	1996	NA	6941	6655	286	4.1
CN4816700000000	48	167	Galveston County, TX	1996	NA	126544	116191	10353	8.2
CN4816900000000	48	169	Garza County, TX	1996	NA	2230	2103	127	5.7
CN4817100000000	48	171	Gillespie County, TX	1996	NA	9963	9798	165	1.7
CN4817300000000	48	173	Glasscock County, TX	1996	NA	614	597	17	2.8
CN4817500000000	48	175	Goliad County, TX	1996	NA	2675	2546	129	4.8
CN4817700000000	48	177	Gonzales County, TX	1996	NA	7592	7216	376	5
CN4817900000000	48	179	Gray County, TX	1996	NA	10932	10437	495	4.5
CN4818100000000	48	181	Grayson County, TX	1996	NA	49379	46967	2412	4.9
CN4818300000000	48	183	Gregg County, TX	1996	NA	58209	53949	4260	7.3
CN4818500000000	48	185	Grimes County, TX	1996	NA	8567	8017	550	6.4
CN4818700000000	48	187	Guadalupe County, TX	1996	NA	39029	37833	1196	3.1
CN4818900000000	48	189	Hale County, TX	1996	NA	17705	16554	1151	6.5
CN4819100000000	48	191	Hall County, TX	1996	NA	1772	1639	133	7.5
CN4819300000000	48	193	Hamilton County, TX	1996	NA	3849	3713	136	3.5
CN4819500000000	48	195	Hansford County, TX	1996	NA	2522	2437	85	3.4
CN4819700000000	48	197	Hardeman County, TX	1996	NA	2059	1950	109	5.3
CN4819900000000	48	199	Hardin County, TX	1996	NA	22496	20660	1836	8.2
CN4820100000000	48	201	Harris County, TX	1996	NA	1680877	1587636	93241	5.5
CN4820300000000	48	203	Harrison County, TX	1996	NA	28170	25437	2733	9.7
CN4820500000000	48	205	Hartley County, TX	1996	NA	2845	2783	62	2.2
CN4820700000000	48	207	Haskell County, TX	1996	NA	2823	2703	120	4.3
CN4820900000000	48	209	Hays County, TX	1996	NA	46249	44840	1409	3
CN4821100000000	48	211	Hemphill County, TX	1996	NA	1928	1871	57	3
CN4821300000000	48	213	Henderson County, TX	1996	NA	28030	26539	1491	5.3
CN4821500000000	48	215	Hidalgo County, TX	1996	NA	189191	152777	36414	19.2
CN4821700000000	48	217	Hill County, TX	1996	NA	15043	14404	639	4.2
CN4821900000000	48	219	Hockley County, TX	1996	NA	11150	10573	577	5.2
CN4822100000000	48	221	Hood County, TX	1996	NA	15592	14849	743	4.8
CN4822300000000	48	223	Hopkins County, TX	1996	NA	15981	15081	900	5.6
CN4822500000000	48	225	Houston County, TX	1996	NA	8195	7896	299	3.6
CN4822700000000	48	227	Howard County, TX	1996	NA	13929	13349	580	4.2
CN4822900000000	48	229	Hudspeth County, TX	1996	NA	1464	1439	25	1.7
CN4823100000000	48	231	Hunt County, TX	1996	NA	34629	32518	2111	6.1
CN4823300000000	48	233	Hutchinson County, TX	1996	NA	10041	9214	827	8.2
CN4823500000000	48	235	Irion County, TX	1996	NA	841	825	16	1.9
CN4823700000000	48	237	Jack County, TX	1996	NA	3346	3226	120	3.6
CN4823900000000	48	239	Jackson County, TX	1996	NA	9129	8798	331	3.6
CN4824100000000	48	241	Jasper County, TX	1996	NA	15618	13559	2059	13.2
CN4824300000000	48	243	Jeff Davis County, TX	1996	NA	1163	1130	33	2.8
CN4824500000000	48	245	Jefferson County, TX	1996	NA	116866	106607	10259	8.8
CN4824700000000	48	247	Jim Hogg County, TX	1996	NA	2057	1874	183	8.9
CN4824900000000	48	249	Jim Wells County, TX	1996	NA	16364	14815	1549	9.5
CN4825100000000	48	251	Johnson County, TX	1996	NA	55953	53469	2484	4.4
CN4825300000000	48	253	Jones County, TX	1996	NA	10280	9950	330	3.2
CN4825500000000	48	255	Karnes County, TX	1996	NA	6073	5762	311	5.1
CN4825700000000	48	257	Kaufman County, TX	1996	NA	29716	28498	1218	4.1
CN4825900000000	48	259	Kendall County, TX	1996	NA	11770	11508	262	2.2
CN4826100000000	48	261	Kenedy County, TX	1996	NA	227	218	9	4
CN4826300000000	48	263	Kent County, TX	1996	NA	421	410	11	2.6
CN4826500000000	48	265	Kerr County, TX	1996	NA	17348	16864	484	2.8
CN4826700000000	48	267	Kimble County, TX	1996	NA	2358	2312	46	2
CN4826900000000	48	269	King County, TX	1996	NA	115	107	8	7
CN4827100000000	48	271	Kinney County, TX	1996	NA	1108	1025	83	7.5
CN4827300000000	48	273	Kleberg County, TX	1996	NA	13179	12246	933	7.1
CN4827500000000	48	275	Knox County, TX	1996	NA	2228	2107	121	5.4
CN4827700000000	48	277	Lamar County, TX	1996	NA	22037	20646	1391	6.3
CN4827900000000	48	279	Lamb County, TX	1996	NA	6844	6427	417	6.1
CN4828100000000	48	281	Lampasas County, TX	1996	NA	7520	7143	377	5
CN4828300000000	48	283	La Salle County, TX	1996	NA	2771	2550	221	8
CN4828500000000	48	285	Lavaca County, TX	1996	NA	9425	9149	276	2.9
CN4828700000000	48	287	Lee County, TX	1996	NA	7121	6810	311	4.4
CN4828900000000	48	289	Leon County, TX	1996	NA	5592	5210	382	6.8
CN4829100000000	48	291	Liberty County, TX	1996	NA	27400	25160	2240	8.2
CN4829300000000	48	293	Limestone County, TX	1996	NA	9545	9009	536	5.6
CN4829500000000	48	295	Lipscomb County, TX	1996	NA	1608	1570	38	2.4
CN4829700000000	48	297	Live Oak County, TX	1996	NA	4473	4299	174	3.9
CN4829900000000	48	299	Llano County, TX	1996	NA	4839	4663	176	3.6
CN4830100000000	48	301	Loving County, TX	1996	NA	92	85	7	7.6
CN4830300000000	48	303	Lubbock County, TX	1996	NA	121659	116807	4852	4
CN4830500000000	48	305	Lynn County, TX	1996	NA	3067	2945	122	4
CN4830700000000	48	307	McCulloch County, TX	1996	NA	3940	3759	181	4.6
CN4830900000000	48	309	McLennan County, TX	1996	NA	99390	94906	4484	4.5
CN4831100000000	48	311	McMullen County, TX	1996	NA	273	267	6	2.2
CN4831300000000	48	313	Madison County, TX	1996	NA	4101	3942	159	3.9
CN4831500000000	48	315	Marion County, TX	1996	NA	3948	3478	470	11.9
CN4831700000000	48	317	Martin County, TX	1996	NA	1796	1730	66	3.7
CN4831900000000	48	319	Mason County, TX	1996	NA	1607	1566	41	2.6
CN4832100000000	48	321	Matagorda County, TX	1996	NA	16283	14070	2213	13.6
CN4832300000000	48	323	Maverick County, TX	1996	NA	18161	12710	5451	30
CN4832500000000	48	325	Medina County, TX	1996	NA	15280	14786	494	3.2
CN4832700000000	48	327	Menard County, TX	1996	NA	1090	1061	29	2.7
CN4832900000000	48	329	Midland County, TX	1996	NA	59839	57109	2730	4.6
CN4833100000000	48	331	Milam County, TX	1996	NA	9499	8981	518	5.5
CN4833300000000	48	333	Mills County, TX	1996	NA	2307	2221	86	3.7
CN4833500000000	48	335	Mitchell County, TX	1996	NA	3248	3023	225	6.9
CN4833700000000	48	337	Montague County, TX	1996	NA	7715	7343	372	4.8
CN4833900000000	48	339	Montgomery County, TX	1996	NA	121842	116881	4961	4.1
CN4834100000000	48	341	Moore County, TX	1996	NA	9100	8764	336	3.7
CN4834300000000	48	343	Morris County, TX	1996	NA	6133	5631	502	8.2
CN4834500000000	48	345	Motley County, TX	1996	NA	674	648	26	3.9
CN4834700000000	48	347	Nacogdoches County, TX	1996	NA	27892	26400	1492	5.3
CN4834900000000	48	349	Navarro County, TX	1996	NA	21151	19942	1209	5.7
CN4835100000000	48	351	Newton County, TX	1996	NA	6054	5342	712	11.8
CN4835300000000	48	353	Nolan County, TX	1996	NA	7697	7121	576	7.5
CN4835500000000	48	355	Nueces County, TX	1996	NA	148922	136259	12663	8.5
CN4835700000000	48	357	Ochiltree County, TX	1996	NA	4651	4491	160	3.4
CN4835900000000	48	359	Oldham County, TX	1996	NA	1166	1120	46	3.9
CN4836100000000	48	361	Orange County, TX	1996	NA	41128	36600	4528	11
CN4836300000000	48	363	Palo Pinto County, TX	1996	NA	12529	11566	963	7.7
CN4836500000000	48	365	Panola County, TX	1996	NA	8178	7308	870	10.6
CN4836700000000	48	367	Parker County, TX	1996	NA	37795	36409	1386	3.7
CN4836900000000	48	369	Parmer County, TX	1996	NA	4447	4264	183	4.1
CN4837100000000	48	371	Pecos County, TX	1996	NA	6899	6466	433	6.3
CN4837300000000	48	373	Polk County, TX	1996	NA	14993	14143	850	5.7
CN4837500000000	48	375	Potter County, TX	1996	NA	54352	51677	2675	4.9
CN4837700000000	48	377	Presidio County, TX	1996	NA	3394	2195	1199	35.3
CN4837900000000	48	379	Rains County, TX	1996	NA	3554	3389	165	4.6
CN4838100000000	48	381	Randall County, TX	1996	NA	57099	55381	1718	3
CN4838300000000	48	383	Reagan County, TX	1996	NA	1978	1908	70	3.5
CN4838500000000	48	385	Real County, TX	1996	NA	1287	1219	68	5.3
CN4838700000000	48	387	Red River County, TX	1996	NA	6200	5753	447	7.2
CN4838900000000	48	389	Reeves County, TX	1996	NA	7120	6344	776	10.9
CN4839100000000	48	391	Refugio County, TX	1996	NA	3004	2857	147	4.9
CN4839300000000	48	393	Roberts County, TX	1996	NA	515	502	13	2.5
CN4839500000000	48	395	Robertson County, TX	1996	NA	6612	6217	395	6
CN4839700000000	48	397	Rockwall County, TX	1996	NA	19391	18841	550	2.8
CN4839900000000	48	399	Runnels County, TX	1996	NA	5363	5205	158	2.9
CN4840100000000	48	401	Rusk County, TX	1996	NA	20757	19404	1353	6.5
CN4840300000000	48	403	Sabine County, TX	1996	NA	4016	3640	376	9.4
CN4840500000000	48	405	San Augustine County, TX	1996	NA	3477	3240	237	6.8
CN4840700000000	48	407	San Jacinto County, TX	1996	NA	7817	7472	345	4.4
CN4840900000000	48	409	San Patricio County, TX	1996	NA	29203	26754	2449	8.4
CN4841100000000	48	411	San Saba County, TX	1996	NA	2381	2243	138	5.8
CN4841300000000	48	413	Schleicher County, TX	1996	NA	1425	1353	72	5.1
CN4841500000000	48	415	Scurry County, TX	1996	NA	7829	7482	347	4.4
CN4841700000000	48	417	Shackelford County, TX	1996	NA	1475	1411	64	4.3
CN4841900000000	48	419	Shelby County, TX	1996	NA	9814	9097	717	7.3
CN4842100000000	48	421	Sherman County, TX	1996	NA	1410	1373	37	2.6
CN4842300000000	48	423	Smith County, TX	1996	NA	86861	81248	5613	6.5
CN4842500000000	48	425	Somervell County, TX	1996	NA	2141	1942	199	9.3
CN4842700000000	48	427	Starr County, TX	1996	NA	21848	15648	6200	28.4
CN4842900000000	48	429	Stephens County, TX	1996	NA	4233	4076	157	3.7
CN4843100000000	48	431	Sterling County, TX	1996	NA	629	604	25	4
CN4843300000000	48	433	Stonewall County, TX	1996	NA	812	784	28	3.4
CN4843500000000	48	435	Sutton County, TX	1996	NA	2269	2183	86	3.8
CN4843700000000	48	437	Swisher County, TX	1996	NA	3846	3675	171	4.4
CN4843900000000	48	439	Tarrant County, TX	1996	NA	726191	697490	28701	4
CN4844100000000	48	441	Taylor County, TX	1996	NA	60310	57329	2981	4.9
CN4844300000000	48	443	Terrell County, TX	1996	NA	570	546	24	4.2
CN4844500000000	48	445	Terry County, TX	1996	NA	6052	5699	353	5.8
CN4844700000000	48	447	Throckmorton County, TX	1996	NA	810	783	27	3.3
CN4844900000000	48	449	Titus County, TX	1996	NA	12484	11563	921	7.4
CN4845100000000	48	451	Tom Green County, TX	1996	NA	50608	48793	1815	3.6
CN4845300000000	48	453	Travis County, TX	1996	NA	428045	414024	14021	3.3
CN4845500000000	48	455	Trinity County, TX	1996	NA	4775	4523	252	5.3
CN4845700000000	48	457	Tyler County, TX	1996	NA	7118	6199	919	12.9
CN4845900000000	48	459	Upshur County, TX	1996	NA	16152	15132	1020	6.3
CN4846100000000	48	461	Upton County, TX	1996	NA	1792	1730	62	3.5
CN4846300000000	48	463	Uvalde County, TX	1996	NA	10986	9717	1269	11.6
CN4846500000000	48	465	Val Verde County, TX	1996	NA	18121	15946	2175	12
CN4846700000000	48	467	Van Zandt County, TX	1996	NA	19477	18718	759	3.9
CN4846900000000	48	469	Victoria County, TX	1996	NA	42033	39890	2143	5.1
CN4847100000000	48	471	Walker County, TX	1996	NA	22561	21971	590	2.6
CN4847300000000	48	473	Waller County, TX	1996	NA	11892	11330	562	4.7
CN4847500000000	48	475	Ward County, TX	1996	NA	4456	4168	288	6.5
CN4847700000000	48	477	Washington County, TX	1996	NA	14972	14556	416	2.8
CN4847900000000	48	479	Webb County, TX	1996	NA	69207	60315	8892	12.8
CN4848100000000	48	481	Wharton County, TX	1996	NA	19269	18051	1218	6.3
CN4848300000000	48	483	Wheeler County, TX	1996	NA	2879	2756	123	4.3
CN4848500000000	48	485	Wichita County, TX	1996	NA	61471	58587	2884	4.7
CN4848700000000	48	487	Wilbarger County, TX	1996	NA	7129	6804	325	4.6
CN4848900000000	48	489	Willacy County, TX	1996	NA	7691	6055	1636	21.3
CN4849100000000	48	491	Williamson County, TX	1996	NA	119574	117214	2360	2
CN4849300000000	48	493	Wilson County, TX	1996	NA	13800	13412	388	2.8
CN4849500000000	48	495	Winkler County, TX	1996	NA	3024	2792	232	7.7
CN4849700000000	48	497	Wise County, TX	1996	NA	20578	19864	714	3.5
CN4849900000000	48	499	Wood County, TX	1996	NA	14363	13502	861	6
CN4850100000000	48	501	Yoakum County, TX	1996	NA	3709	3512	197	5.3
CN4850300000000	48	503	Young County, TX	1996	NA	8498	7904	594	7
CN4850500000000	48	505	Zapata County, TX	1996	NA	4427	4024	403	9.1
CN4850700000000	48	507	Zavala County, TX	1996	NA	4482	3421	1061	23.7
CN4900100000000	49	001	Beaver County, UT	1996	NA	2500	2370	130	5.2
CN4900300000000	49	003	Box Elder County, UT	1996	NA	17964	17206	758	4.2
CN4900500000000	49	005	Cache County, UT	1996	NA	41976	40754	1222	2.9
CN4900700000000	49	007	Carbon County, UT	1996	NA	9425	8861	564	6
CN4900900000000	49	009	Daggett County, UT	1996	NA	412	395	17	4.1
CN4901100000000	49	011	Davis County, UT	1996	NA	111279	107818	3461	3.1
CN4901300000000	49	013	Duchesne County, UT	1996	NA	5801	5319	482	8.3
CN4901500000000	49	015	Emery County, UT	1996	NA	4192	3880	312	7.4
CN4901700000000	49	017	Garfield County, UT	1996	NA	2668	2404	264	9.9
CN4901900000000	49	019	Grand County, UT	1996	NA	5060	4710	350	6.9
CN4902100000000	49	021	Iron County, UT	1996	NA	13392	12896	496	3.7
CN4902300000000	49	023	Juab County, UT	1996	NA	3403	3268	135	4
CN4902500000000	49	025	Kane County, UT	1996	NA	2579	2391	188	7.3
CN4902700000000	49	027	Millard County, UT	1996	NA	4743	4546	197	4.2
CN4902900000000	49	029	Morgan County, UT	1996	NA	3493	3348	145	4.2
CN4903100000000	49	031	Piute County, UT	1996	NA	523	499	24	4.6
CN4903300000000	49	033	Rich County, UT	1996	NA	969	935	34	3.5
CN4903500000000	49	035	Salt Lake County, UT	1996	NA	461186	447880	13306	2.9
CN4903700000000	49	037	San Juan County, UT	1996	NA	5098	4618	480	9.4
CN4903900000000	49	039	Sanpete County, UT	1996	NA	8254	7757	497	6
CN4904100000000	49	041	Sevier County, UT	1996	NA	7852	7493	359	4.6
CN4904300000000	49	043	Summit County, UT	1996	NA	12752	12310	442	3.5
CN4904500000000	49	045	Tooele County, UT	1996	NA	11733	11134	599	5.1
CN4904700000000	49	047	Uintah County, UT	1996	NA	10205	9472	733	7.2
CN4904900000000	49	049	Utah County, UT	1996	NA	153849	149485	4364	2.8
CN4905100000000	49	051	Wasatch County, UT	1996	NA	5644	5404	240	4.3
CN4905300000000	49	053	Washington County, UT	1996	NA	34701	33493	1208	3.5
CN4905500000000	49	055	Wayne County, UT	1996	NA	1339	1267	72	5.4
CN4905700000000	49	057	Weber County, UT	1996	NA	95976	92067	3909	4.1
CN5000100000000	50	001	Addison County, VT	1996	NA	18875	18026	849	4.5
CN5000300000000	50	003	Bennington County, VT	1996	NA	19795	18903	892	4.5
CN5000500000000	50	005	Caledonia County, VT	1996	NA	15085	14153	932	6.2
CN5000700000000	50	007	Chittenden County, VT	1996	NA	85383	82994	2389	2.8
CN5000900000000	50	009	Essex County, VT	1996	NA	2829	2606	223	7.9
CN5001100000000	50	011	Franklin County, VT	1996	NA	22731	21664	1067	4.7
CN5001300000000	50	013	Grand Isle County, VT	1996	NA	3198	2988	210	6.6
CN5001500000000	50	015	Lamoille County, VT	1996	NA	11560	10810	750	6.5
CN5001700000000	50	017	Orange County, VT	1996	NA	15180	14681	499	3.3
CN5001900000000	50	019	Orleans County, VT	1996	NA	12280	11213	1067	8.7
CN5002100000000	50	021	Rutland County, VT	1996	NA	32467	30855	1612	5
CN5002300000000	50	023	Washington County, VT	1996	NA	30880	29384	1496	4.8
CN5002500000000	50	025	Windham County, VT	1996	NA	23590	22679	911	3.9
CN5002700000000	50	027	Windsor County, VT	1996	NA	30104	29091	1013	3.4
CN5100100000000	51	001	Accomack County, VA	1996	NA	15034	13654	1380	9.2
CN5100300000000	51	003	Albemarle County, VA	1996	NA	38366	37545	821	2.1
CN5100500000000	51	005	Alleghany County, VA	1996	NA	8532	8049	483	5.7
CN5100700000000	51	007	Amelia County, VA	1996	NA	4301	4139	162	3.8
CN5100900000000	51	009	Amherst County, VA	1996	NA	14607	14026	581	4
CN5101100000000	51	011	Appomattox County, VA	1996	NA	5802	5460	342	5.9
CN5101300000000	51	013	Arlington County, VA	1996	NA	105413	102000	3413	3.2
CN5101500000000	51	015	Augusta County, VA	1996	NA	30867	29661	1206	3.9
CN5101700000000	51	017	Bath County, VA	1996	NA	2348	2182	166	7.1
CN5101900000000	51	019	Bedford County, VA	1996	NA	32106	31024	1082	3.4
CN5102100000000	51	021	Bland County, VA	1996	NA	3564	3314	250	7
CN5102300000000	51	023	Botetourt County, VA	1996	NA	16014	15606	408	2.5
CN5102500000000	51	025	Brunswick County, VA	1996	NA	6619	6136	483	7.3
CN5102700000000	51	027	Buchanan County, VA	1996	NA	9523	8081	1442	15.1
CN5102900000000	51	029	Buckingham County, VA	1996	NA	6245	5928	317	5.1
CN5103100000000	51	031	Campbell County, VA	1996	NA	26232	25209	1023	3.9
CN5103300000000	51	033	Caroline County, VA	1996	NA	10038	9207	831	8.3
CN5103500000000	51	035	Carroll County, VA	1996	NA	14021	13178	843	6
CN5103600000000	51	036	Charles City County, VA	1996	NA	3591	3416	175	4.9
CN5103700000000	51	037	Charlotte County, VA	1996	NA	5824	5312	512	8.8
CN5104100000000	51	041	Chesterfield County, VA	1996	NA	133958	129845	4113	3.1
CN5104300000000	51	043	Clarke County, VA	1996	NA	6322	6132	190	3
CN5104500000000	51	045	Craig County, VA	1996	NA	2378	2272	106	4.5
CN5104700000000	51	047	Culpeper County, VA	1996	NA	15654	14920	734	4.7
CN5104900000000	51	049	Cumberland County, VA	1996	NA	3925	3812	113	2.9
CN5105100000000	51	051	Dickenson County, VA	1996	NA	5967	4738	1229	20.6
CN5105300000000	51	053	Dinwiddie County, VA	1996	NA	11558	11095	463	4
CN5105700000000	51	057	Essex County, VA	1996	NA	4510	4106	404	9
CN5105900000000	51	059	Fairfax County, VA	1996	NA	508305	494436	13869	2.7
CN5106100000000	51	061	Fauquier County, VA	1996	NA	26683	25906	777	2.9
CN5106300000000	51	063	Floyd County, VA	1996	NA	6479	6139	340	5.2
CN5106500000000	51	065	Fluvanna County, VA	1996	NA	8328	8104	224	2.7
CN5106700000000	51	067	Franklin County, VA	1996	NA	22525	21386	1139	5.1
CN5106900000000	51	069	Frederick County, VA	1996	NA	31165	29882	1283	4.1
CN5107100000000	51	071	Giles County, VA	1996	NA	8295	7708	587	7.1
CN5107300000000	51	073	Gloucester County, VA	1996	NA	16917	16293	624	3.7
CN5107500000000	51	075	Goochland County, VA	1996	NA	8842	8634	208	2.4
CN5107700000000	51	077	Grayson County, VA	1996	NA	8290	7713	577	7
CN5107900000000	51	079	Greene County, VA	1996	NA	6864	6652	212	3.1
CN5108100000000	51	081	Greensville County, VA	1996	NA	5579	5290	289	5.2
CN5108300000000	51	083	Halifax County, VA	1996	NA	18191	16130	2061	11.3
CN5108500000000	51	085	Hanover County, VA	1996	NA	42419	41493	926	2.2
CN5108700000000	51	087	Henrico County, VA	1996	NA	136706	132690	4016	2.9
CN5108900000000	51	089	Henry County, VA	1996	NA	29252	27160	2092	7.2
CN5109100000000	51	091	Highland County, VA	1996	NA	1310	1194	116	8.9
CN5109300000000	51	093	Isle of Wight County, VA	1996	NA	14440	13703	737	5.1
CN5109500000000	51	095	James City County, VA	1996	NA	22544	21870	674	3
CN5109700000000	51	097	King and Queen County, VA	1996	NA	2986	2827	159	5.3
CN5109900000000	51	099	King George County, VA	1996	NA	8035	7702	333	4.1
CN5110100000000	51	101	King William County, VA	1996	NA	6206	5927	279	4.5
CN5110300000000	51	103	Lancaster County, VA	1996	NA	5237	4477	760	14.5
CN5110500000000	51	105	Lee County, VA	1996	NA	10908	9612	1296	11.9
CN5110700000000	51	107	Loudoun County, VA	1996	NA	71351	69642	1709	2.4
CN5110900000000	51	109	Louisa County, VA	1996	NA	9373	8542	831	8.9
CN5111100000000	51	111	Lunenburg County, VA	1996	NA	5087	4582	505	9.9
CN5111300000000	51	113	Madison County, VA	1996	NA	7224	6948	276	3.8
CN5111500000000	51	115	Mathews County, VA	1996	NA	4464	4314	150	3.4
CN5111700000000	51	117	Mecklenburg County, VA	1996	NA	15143	13827	1316	8.7
CN5111900000000	51	119	Middlesex County, VA	1996	NA	4561	4399	162	3.6
CN5112100000000	51	121	Montgomery County, VA	1996	NA	36977	35641	1336	3.6
CN5112500000000	51	125	Nelson County, VA	1996	NA	6736	6454	282	4.2
CN5112700000000	51	127	New Kent County, VA	1996	NA	6295	6092	203	3.2
CN5113100000000	51	131	Northampton County, VA	1996	NA	5458	5009	449	8.2
CN5113300000000	51	133	Northumberland County, VA	1996	NA	5228	4552	676	12.9
CN5113500000000	51	135	Nottoway County, VA	1996	NA	6302	5900	402	6.4
CN5113700000000	51	137	Orange County, VA	1996	NA	10835	10248	587	5.4
CN5113900000000	51	139	Page County, VA	1996	NA	11649	10816	833	7.2
CN5114100000000	51	141	Patrick County, VA	1996	NA	9076	8619	457	5
CN5114300000000	51	143	Pittsylvania County, VA	1996	NA	31861	29743	2118	6.6
CN5114500000000	51	145	Powhatan County, VA	1996	NA	9990	9758	232	2.3
CN5114700000000	51	147	Prince Edward County, VA	1996	NA	8372	7875	497	5.9
CN5114900000000	51	149	Prince George County, VA	1996	NA	12528	12076	452	3.6
CN5115300000000	51	153	Prince William County, VA	1996	NA	129273	125610	3663	2.8
CN5115500000000	51	155	Pulaski County, VA	1996	NA	17474	15800	1674	9.6
CN5115700000000	51	157	Rappahannock County, VA	1996	NA	4000	3851	149	3.7
CN5115900000000	51	159	Richmond County, VA	1996	NA	3945	3638	307	7.8
CN5116100000000	51	161	Roanoke County, VA	1996	NA	48667	47585	1082	2.2
CN5116300000000	51	163	Rockbridge County, VA	1996	NA	9765	9328	437	4.5
CN5116500000000	51	165	Rockingham County, VA	1996	NA	36413	35438	975	2.7
CN5116700000000	51	167	Russell County, VA	1996	NA	14230	12610	1620	11.4
CN5116900000000	51	169	Scott County, VA	1996	NA	9868	9131	737	7.5
CN5117100000000	51	171	Shenandoah County, VA	1996	NA	17334	16467	867	5
CN5117300000000	51	173	Smyth County, VA	1996	NA	16820	14992	1828	10.9
CN5117500000000	51	175	Southampton County, VA	1996	NA	7500	7124	376	5
CN5117700000000	51	177	Spotsylvania County, VA	1996	NA	39738	38463	1275	3.2
CN5117900000000	51	179	Stafford County, VA	1996	NA	42155	41020	1135	2.7
CN5118100000000	51	181	Surry County, VA	1996	NA	2688	2408	280	10.4
CN5118300000000	51	183	Sussex County, VA	1996	NA	5066	4684	382	7.5
CN5118500000000	51	185	Tazewell County, VA	1996	NA	19848	17930	1918	9.7
CN5118700000000	51	187	Warren County, VA	1996	NA	14818	14062	756	5.1
CN5119100000000	51	191	Washington County, VA	1996	NA	26280	24229	2051	7.8
CN5119300000000	51	193	Westmoreland County, VA	1996	NA	7475	6756	719	9.6
CN5119500000000	51	195	Wise County, VA	1996	NA	15222	12793	2429	16
CN5119700000000	51	197	Wythe County, VA	1996	NA	15291	13927	1364	8.9
CN5119900000000	51	199	York County, VA	1996	NA	27074	26252	822	3
CN5151000000000	51	510	Alexandria city, VA	1996	NA	72769	69836	2933	4
CN5152000000000	51	520	Bristol city, VA	1996	NA	8454	7979	475	5.6
CN5153000000000	51	530	Buena Vista city, VA	1996	NA	3111	2920	191	6.1
CN5154000000000	51	540	Charlottesville city, VA	1996	NA	18678	18082	596	3.2
CN5155000000000	51	550	Chesapeake city, VA	1996	NA	99234	95365	3869	3.9
CN5157000000000	51	570	Colonial Heights city, VA	1996	NA	8694	8337	357	4.1
CN5158000000000	51	580	Covington city, VA	1996	NA	3454	3174	280	8.1
CN5159000000000	51	590	Danville city, VA	1996	NA	25634	23448	2186	8.5
CN5159500000000	51	595	Emporia city, VA	1996	NA	2477	2320	157	6.3
CN5160000000000	51	600	Fairfax city, VA	1996	NA	11803	11621	182	1.5
CN5161000000000	51	610	Falls Church city, VA	1996	NA	5767	5530	237	4.1
CN5162000000000	51	620	Franklin city, VA	1996	NA	3759	3545	214	5.7
CN5163000000000	51	630	Fredericksburg city, VA	1996	NA	10324	9883	441	4.3
CN5164000000000	51	640	Galax city, VA	1996	NA	3473	3313	160	4.6
CN5165000000000	51	650	Hampton city, VA	1996	NA	65706	62364	3342	5.1
CN5166000000000	51	660	Harrisonburg city, VA	1996	NA	17587	17142	445	2.5
CN5167000000000	51	670	Hopewell city, VA	1996	NA	10539	9892	647	6.1
CN5167800000000	51	678	Lexington city, VA	1996	NA	2803	2723	80	2.9
CN5168000000000	51	680	Lynchburg city, VA	1996	NA	30227	29073	1154	3.8
CN5168300000000	51	683	Manassas city, VA	1996	NA	18880	18222	658	3.5
CN5168500000000	51	685	Manassas Park city, VA	1996	NA	4515	4342	173	3.8
CN5169000000000	51	690	Martinsville city, VA	1996	NA	7391	6767	624	8.4
CN5170000000000	51	700	Newport News city, VA	1996	NA	82156	77747	4409	5.4
CN5171000000000	51	710	Norfolk city, VA	1996	NA	86105	80241	5864	6.8
CN5172000000000	51	720	Norton city, VA	1996	NA	1548	1376	172	11.1
CN5173000000000	51	730	Petersburg city, VA	1996	NA	15973	14523	1450	9.1
CN5173500000000	51	735	Poquoson city, VA	1996	NA	5948	5767	181	3
CN5174000000000	51	740	Portsmouth city, VA	1996	NA	45640	42186	3454	7.6
CN5175000000000	51	750	Radford city, VA	1996	NA	6432	6143	289	4.5
CN5176000000000	51	760	Richmond city, VA	1996	NA	94994	89744	5250	5.5
CN5177000000000	51	770	Roanoke city, VA	1996	NA	50152	48227	1925	3.8
CN5177500000000	51	775	Salem city, VA	1996	NA	14059	13717	342	2.4
CN5179000000000	51	790	Staunton city, VA	1996	NA	10543	10034	509	4.8
CN5180000000000	51	800	Suffolk city, VA	1996	NA	27916	26239	1677	6
CN5181000000000	51	810	Virginia Beach city, VA	1996	NA	207601	199018	8583	4.1
CN5182000000000	51	820	Waynesboro city, VA	1996	NA	8539	8151	388	4.5
CN5183000000000	51	830	Williamsburg city, VA	1996	NA	5722	5247	475	8.3
CN5184000000000	51	840	Winchester city, VA	1996	NA	12808	12212	596	4.7
CN5300100000000	53	001	Adams County, WA	1996	NA	8774	7779	995	11.3
CN5300300000000	53	003	Asotin County, WA	1996	NA	11904	11399	505	4.2
CN5300500000000	53	005	Benton County, WA	1996	NA	72255	66533	5722	7.9
CN5300700000000	53	007	Chelan County, WA	1996	NA	35229	31692	3537	10
CN5300900000000	53	009	Clallam County, WA	1996	NA	24787	22541	2246	9.1
CN5301100000000	53	011	Clark County, WA	1996	NA	164969	158175	6794	4.1
CN5301300000000	53	013	Columbia County, WA	1996	NA	1436	1223	213	14.8
CN5301500000000	53	015	Cowlitz County, WA	1996	NA	41718	38342	3376	8.1
CN5301700000000	53	017	Douglas County, WA	1996	NA	19126	17631	1495	7.8
CN5301900000000	53	019	Ferry County, WA	1996	NA	2909	2533	376	12.9
CN5302100000000	53	021	Franklin County, WA	1996	NA	22948	20335	2613	11.4
CN5302300000000	53	023	Garfield County, WA	1996	NA	1103	1058	45	4.1
CN5302500000000	53	025	Grant County, WA	1996	NA	35754	32239	3515	9.8
CN5302700000000	53	027	Grays Harbor County, WA	1996	NA	27985	24893	3092	11
CN5302900000000	53	029	Island County, WA	1996	NA	26545	25324	1221	4.6
CN5303100000000	53	031	Jefferson County, WA	1996	NA	10069	9292	777	7.7
CN5303300000000	53	033	King County, WA	1996	NA	926544	885479	41065	4.4
CN5303500000000	53	035	Kitsap County, WA	1996	NA	95069	89070	5999	6.3
CN5303700000000	53	037	Kittitas County, WA	1996	NA	15453	14198	1255	8.1
CN5303900000000	53	039	Klickitat County, WA	1996	NA	8992	7949	1043	11.6
CN5304100000000	53	041	Lewis County, WA	1996	NA	30994	28113	2881	9.3
CN5304300000000	53	043	Lincoln County, WA	1996	NA	5062	4792	270	5.3
CN5304500000000	53	045	Mason County, WA	1996	NA	19438	17898	1540	7.9
CN5304700000000	53	047	Okanogan County, WA	1996	NA	23591	21058	2533	10.7
CN5304900000000	53	049	Pacific County, WA	1996	NA	8388	7557	831	9.9
CN5305100000000	53	051	Pend Oreille County, WA	1996	NA	4156	3516	640	15.4
CN5305300000000	53	053	Pierce County, WA	1996	NA	323944	304960	18984	5.9
CN5305500000000	53	055	San Juan County, WA	1996	NA	5675	5294	381	6.7
CN5305700000000	53	057	Skagit County, WA	1996	NA	47723	43399	4324	9.1
CN5305900000000	53	059	Skamania County, WA	1996	NA	4019	3593	426	10.6
CN5306100000000	53	061	Snohomish County, WA	1996	NA	292811	278697	14114	4.8
CN5306300000000	53	063	Spokane County, WA	1996	NA	205464	194307	11157	5.4
CN5306500000000	53	065	Stevens County, WA	1996	NA	17269	15516	1753	10.2
CN5306700000000	53	067	Thurston County, WA	1996	NA	98266	92196	6070	6.2
CN5306900000000	53	069	Wahkiakum County, WA	1996	NA	1738	1626	112	6.4
CN5307100000000	53	071	Walla Walla County, WA	1996	NA	26600	24718	1882	7.1
CN5307300000000	53	073	Whatcom County, WA	1996	NA	80035	74383	5652	7.1
CN5307500000000	53	075	Whitman County, WA	1996	NA	19202	18788	414	2.2
CN5307700000000	53	077	Yakima County, WA	1996	NA	116929	102121	14808	12.7
CN5400100000000	54	001	Barbour County, WV	1996	NA	6401	5536	865	13.5
CN5400300000000	54	003	Berkeley County, WV	1996	NA	32388	30640	1748	5.4
CN5400500000000	54	005	Boone County, WV	1996	NA	8427	7603	824	9.8
CN5400700000000	54	007	Braxton County, WV	1996	NA	5447	4798	649	11.9
CN5400900000000	54	009	Brooke County, WV	1996	NA	11302	10623	679	6
CN5401100000000	54	011	Cabell County, WV	1996	NA	43161	40499	2662	6.2
CN5401300000000	54	013	Calhoun County, WV	1996	NA	2614	2111	503	19.2
CN5401500000000	54	015	Clay County, WV	1996	NA	3718	3219	499	13.4
CN5401700000000	54	017	Doddridge County, WV	1996	NA	3098	2869	229	7.4
CN5401900000000	54	019	Fayette County, WV	1996	NA	18239	16482	1757	9.6
CN5402100000000	54	021	Gilmer County, WV	1996	NA	2798	2543	255	9.1
CN5402300000000	54	023	Grant County, WV	1996	NA	4805	4299	506	10.5
CN5402500000000	54	025	Greenbrier County, WV	1996	NA	15098	13801	1297	8.6
CN5402700000000	54	027	Hampshire County, WV	1996	NA	8073	7699	374	4.6
CN5402900000000	54	029	Hancock County, WV	1996	NA	15157	14182	975	6.4
CN5403100000000	54	031	Hardy County, WV	1996	NA	6843	6564	279	4.1
CN5403300000000	54	033	Harrison County, WV	1996	NA	33492	30822	2670	8
CN5403500000000	54	035	Jackson County, WV	1996	NA	12602	11644	958	7.6
CN5403700000000	54	037	Jefferson County, WV	1996	NA	19836	19030	806	4.1
CN5403900000000	54	039	Kanawha County, WV	1996	NA	103637	98002	5635	5.4
CN5404100000000	54	041	Lewis County, WV	1996	NA	7094	6409	685	9.7
CN5404300000000	54	043	Lincoln County, WV	1996	NA	7133	6257	876	12.3
CN5404500000000	54	045	Logan County, WV	1996	NA	14074	12533	1541	10.9
CN5404700000000	54	047	McDowell County, WV	1996	NA	8075	7048	1027	12.7
CN5404900000000	54	049	Marion County, WV	1996	NA	24348	21765	2583	10.6
CN5405100000000	54	051	Marshall County, WV	1996	NA	16083	15025	1058	6.6
CN5405300000000	54	053	Mason County, WV	1996	NA	9489	8424	1065	11.2
CN5405500000000	54	055	Mercer County, WV	1996	NA	27828	26353	1475	5.3
CN5405700000000	54	057	Mineral County, WV	1996	NA	11657	10953	704	6
CN5405900000000	54	059	Mingo County, WV	1996	NA	9853	8459	1394	14.1
CN5406100000000	54	061	Monongalia County, WV	1996	NA	38794	36802	1992	5.1
CN5406300000000	54	063	Monroe County, WV	1996	NA	5081	4779	302	5.9
CN5406500000000	54	065	Morgan County, WV	1996	NA	6199	5863	336	5.4
CN5406700000000	54	067	Nicholas County, WV	1996	NA	10574	9430	1144	10.8
CN5406900000000	54	069	Ohio County, WV	1996	NA	24446	23319	1127	4.6
CN5407100000000	54	071	Pendleton County, WV	1996	NA	3705	3553	152	4.1
CN5407300000000	54	073	Pleasants County, WV	1996	NA	3109	2819	290	9.3
CN5407500000000	54	075	Pocahontas County, WV	1996	NA	4241	3696	545	12.9
CN5407700000000	54	077	Preston County, WV	1996	NA	12892	11662	1230	9.5
CN5407900000000	54	079	Putnam County, WV	1996	NA	24810	23489	1321	5.3
CN5408100000000	54	081	Raleigh County, WV	1996	NA	34150	31331	2819	8.3
CN5408300000000	54	083	Randolph County, WV	1996	NA	13232	11725	1507	11.4
CN5408500000000	54	085	Ritchie County, WV	1996	NA	4346	3754	592	13.6
CN5408700000000	54	087	Roane County, WV	1996	NA	6208	5488	720	11.6
CN5408900000000	54	089	Summers County, WV	1996	NA	4335	3903	432	10
CN5409100000000	54	091	Taylor County, WV	1996	NA	6897	6183	714	10.4
CN5409300000000	54	093	Tucker County, WV	1996	NA	3876	3370	506	13.1
CN5409500000000	54	095	Tyler County, WV	1996	NA	4238	3926	312	7.4
CN5409700000000	54	097	Upshur County, WV	1996	NA	10127	9151	976	9.6
CN5409900000000	54	099	Wayne County, WV	1996	NA	16796	15585	1211	7.2
CN5410100000000	54	101	Webster County, WV	1996	NA	3072	2740	332	10.8
CN5410300000000	54	103	Wetzel County, WV	1996	NA	7611	6854	757	9.9
CN5410500000000	54	105	Wirt County, WV	1996	NA	2027	1692	335	16.5
CN5410700000000	54	107	Wood County, WV	1996	NA	43704	41077	2627	6
CN5410900000000	54	109	Wyoming County, WV	1996	NA	8178	7323	855	10.5
CN5500100000000	55	001	Adams County, WI	1996	NA	7368	7002	366	5
CN5500300000000	55	003	Ashland County, WI	1996	NA	8256	7680	576	7
CN5500500000000	55	005	Barron County, WI	1996	NA	24307	23177	1130	4.6
CN5500700000000	55	007	Bayfield County, WI	1996	NA	7604	7136	468	6.2
CN5500900000000	55	009	Brown County, WI	1996	NA	131411	127342	4069	3.1
CN5501100000000	55	011	Buffalo County, WI	1996	NA	8013	7749	264	3.3
CN5501300000000	55	013	Burnett County, WI	1996	NA	7051	6719	332	4.7
CN5501500000000	55	015	Calumet County, WI	1996	NA	24840	24108	732	2.9
CN5501700000000	55	017	Chippewa County, WI	1996	NA	29911	28554	1357	4.5
CN5501900000000	55	019	Clark County, WI	1996	NA	17098	16077	1021	6
CN5502100000000	55	021	Columbia County, WI	1996	NA	27463	26028	1435	5.2
CN5502300000000	55	023	Crawford County, WI	1996	NA	9464	9026	438	4.6
CN5502500000000	55	025	Dane County, WI	1996	NA	258126	253728	4398	1.7
CN5502700000000	55	027	Dodge County, WI	1996	NA	47498	46117	1381	2.9
CN5502900000000	55	029	Door County, WI	1996	NA	15638	14641	997	6.4
CN5503100000000	55	031	Douglas County, WI	1996	NA	22788	21566	1222	5.4
CN5503300000000	55	033	Dunn County, WI	1996	NA	22735	21992	743	3.3
CN5503500000000	55	035	Eau Claire County, WI	1996	NA	50748	49043	1705	3.4
CN5503700000000	55	037	Florence County, WI	1996	NA	1654	1547	107	6.5
CN5503900000000	55	039	Fond du Lac County, WI	1996	NA	55614	53732	1882	3.4
CN5504100000000	55	041	Forest County, WI	1996	NA	4666	4416	250	5.4
CN5504300000000	55	043	Grant County, WI	1996	NA	25911	24271	1640	6.3
CN5504500000000	55	045	Green County, WI	1996	NA	18757	18104	653	3.5
CN5504700000000	55	047	Green Lake County, WI	1996	NA	10784	10251	533	4.9
CN5504900000000	55	049	Iowa County, WI	1996	NA	13480	12971	509	3.8
CN5505100000000	55	051	Iron County, WI	1996	NA	3279	3008	271	8.3
CN5505300000000	55	053	Jackson County, WI	1996	NA	10631	10121	510	4.8
CN5505500000000	55	055	Jefferson County, WI	1996	NA	42373	41224	1149	2.7
CN5505700000000	55	057	Juneau County, WI	1996	NA	11387	10613	774	6.8
CN5505900000000	55	059	Kenosha County, WI	1996	NA	77344	74557	2787	3.6
CN5506100000000	55	061	Kewaunee County, WI	1996	NA	10501	10088	413	3.9
CN5506300000000	55	063	La Crosse County, WI	1996	NA	60615	58757	1858	3.1
CN5506500000000	55	065	Lafayette County, WI	1996	NA	8404	8027	377	4.5
CN5506700000000	55	067	Langlade County, WI	1996	NA	9720	9180	540	5.6
CN5506900000000	55	069	Lincoln County, WI	1996	NA	15900	15082	818	5.1
CN5507100000000	55	071	Manitowoc County, WI	1996	NA	44756	42819	1937	4.3
CN5507300000000	55	073	Marathon County, WI	1996	NA	71858	68982	2876	4
CN5507500000000	55	075	Marinette County, WI	1996	NA	20468	19251	1217	5.9
CN5507700000000	55	077	Marquette County, WI	1996	NA	7027	6570	457	6.5
CN5507800000000	55	078	Menominee County, WI	1996	NA	2206	2023	183	8.3
CN5507900000000	55	079	Milwaukee County, WI	1996	NA	486029	465660	20369	4.2
CN5508100000000	55	081	Monroe County, WI	1996	NA	20345	19420	925	4.5
CN5508300000000	55	083	Oconto County, WI	1996	NA	15177	14255	922	6.1
CN5508500000000	55	085	Oneida County, WI	1996	NA	20396	19531	865	4.2
CN5508700000000	55	087	Outagamie County, WI	1996	NA	100141	97214	2927	2.9
CN5508900000000	55	089	Ozaukee County, WI	1996	NA	47861	46820	1041	2.2
CN5509100000000	55	091	Pepin County, WI	1996	NA	3461	3294	167	4.8
CN5509300000000	55	093	Pierce County, WI	1996	NA	20523	19846	677	3.3
CN5509500000000	55	095	Polk County, WI	1996	NA	21619	20741	878	4.1
CN5509700000000	55	097	Portage County, WI	1996	NA	37876	36280	1596	4.2
CN5509900000000	55	099	Price County, WI	1996	NA	7945	7438	507	6.4
CN5510100000000	55	101	Racine County, WI	1996	NA	94108	90042	4066	4.3
CN5510300000000	55	103	Richland County, WI	1996	NA	8848	8508	340	3.8
CN5510500000000	55	105	Rock County, WI	1996	NA	79812	76699	3113	3.9
CN5510700000000	55	107	Rusk County, WI	1996	NA	7122	6611	511	7.2
CN5510900000000	55	109	St. Croix County, WI	1996	NA	32044	31070	974	3
CN5511100000000	55	111	Sauk County, WI	1996	NA	33127	31881	1246	3.8
CN5511300000000	55	113	Sawyer County, WI	1996	NA	9206	8586	620	6.7
CN5511500000000	55	115	Shawano County, WI	1996	NA	20676	19749	927	4.5
CN5511700000000	55	117	Sheboygan County, WI	1996	NA	61638	59846	1792	2.9
CN5511900000000	55	119	Taylor County, WI	1996	NA	10869	10317	552	5.1
CN5512100000000	55	121	Trempealeau County, WI	1996	NA	14778	14055	723	4.9
CN5512300000000	55	123	Vernon County, WI	1996	NA	13673	13039	634	4.6
CN5512500000000	55	125	Vilas County, WI	1996	NA	10978	10465	513	4.7
CN5512700000000	55	127	Walworth County, WI	1996	NA	52749	51353	1396	2.6
CN5512900000000	55	129	Washburn County, WI	1996	NA	7595	7135	460	6.1
CN5513100000000	55	131	Washington County, WI	1996	NA	66031	64240	1791	2.7
CN5513300000000	55	133	Waukesha County, WI	1996	NA	207110	201935	5175	2.5
CN5513500000000	55	135	Waupaca County, WI	1996	NA	26418	25442	976	3.7
CN5513700000000	55	137	Waushara County, WI	1996	NA	10174	9569	605	5.9
CN5513900000000	55	139	Winnebago County, WI	1996	NA	96968	94285	2683	2.8
CN5514100000000	55	141	Wood County, WI	1996	NA	40068	38492	1576	3.9
CN5600100000000	56	001	Albany County, WY	1996	NA	16972	16657	315	1.9
CN5600300000000	56	003	Big Horn County, WY	1996	NA	5362	5045	317	5.9
CN5600500000000	56	005	Campbell County, WY	1996	NA	18549	17686	863	4.7
CN5600700000000	56	007	Carbon County, WY	1996	NA	8510	8069	441	5.2
CN5600900000000	56	009	Converse County, WY	1996	NA	6513	6167	346	5.3
CN5601100000000	56	011	Crook County, WY	1996	NA	3050	2914	136	4.5
CN5601300000000	56	013	Fremont County, WY	1996	NA	17770	16416	1354	7.6
CN5601500000000	56	015	Goshen County, WY	1996	NA	6444	6125	319	5
CN5601700000000	56	017	Hot Springs County, WY	1996	NA	2527	2422	105	4.2
CN5601900000000	56	019	Johnson County, WY	1996	NA	3741	3601	140	3.7
CN5602100000000	56	021	Laramie County, WY	1996	NA	39109	37711	1398	3.6
CN5602300000000	56	023	Lincoln County, WY	1996	NA	6413	5989	424	6.6
CN5602500000000	56	025	Natrona County, WY	1996	NA	32643	30596	2047	6.3
CN5602700000000	56	027	Niobrara County, WY	1996	NA	1291	1262	29	2.2
CN5602900000000	56	029	Park County, WY	1996	NA	15153	14508	645	4.3
CN5603100000000	56	031	Platte County, WY	1996	NA	4251	4087	164	3.9
CN5603300000000	56	033	Sheridan County, WY	1996	NA	13587	12947	640	4.7
CN5603500000000	56	035	Sublette County, WY	1996	NA	3055	2947	108	3.5
CN5603700000000	56	037	Sweetwater County, WY	1996	NA	21092	19787	1305	6.2
CN5603900000000	56	039	Teton County, WY	1996	NA	10604	10313	291	2.7
CN5604100000000	56	041	Uinta County, WY	1996	NA	11013	10211	802	7.3
CN5604300000000	56	043	Washakie County, WY	1996	NA	4863	4594	269	5.5
CN5604500000000	56	045	Weston County, WY	1996	NA	3322	3150	172	5.2
CN7200100000000	72	001	Adjuntas Municipio, PR	1996	NA	5789	5066	723	12.5
CN7200300000000	72	003	Aguada Municipio, PR	1996	NA	15250	11720	3530	23.1
CN7200500000000	72	005	Aguadilla Municipio, PR	1996	NA	21751	17831	3920	18
CN7200700000000	72	007	Aguas Buenas Municipio, PR	1996	NA	8792	7739	1053	12
CN7200900000000	72	009	Aibonito Municipio, PR	1996	NA	11109	9617	1492	13.4
CN7201100000000	72	011	Anasco Municipio, PR	1996	NA	10587	8555	2032	19.2
CN7201300000000	72	013	Arecibo Municipio, PR	1996	NA	30465	25542	4923	16.2
CN7201500000000	72	015	Arroyo Municipio, PR	1996	NA	5434	4456	978	18
CN7201700000000	72	017	Barceloneta Municipio, PR	1996	NA	7645	6441	1204	15.7
CN7201900000000	72	019	Barranquitas Municipio, PR	1996	NA	7429	6517	912	12.3
CN7202100000000	72	021	Bayamon Municipio, PR	1996	NA	86898	79509	7389	8.5
CN7202300000000	72	023	Cabo Rojo Municipio, PR	1996	NA	15761	13640	2121	13.5
CN7202500000000	72	025	Caguas Municipio, PR	1996	NA	56742	50323	6419	11.3
CN7202700000000	72	027	Camuy Municipio, PR	1996	NA	9767	8133	1634	16.7
CN7202900000000	72	029	Canovanas Municipio, PR	1996	NA	16589	14386	2203	13.3
CN7203100000000	72	031	Carolina Municipio, PR	1996	NA	78911	71701	7210	9.1
CN7203300000000	72	033	Catano Municipio, PR	1996	NA	10088	9084	1004	10
CN7203500000000	72	035	Cayey Municipio, PR	1996	NA	16532	14329	2203	13.3
CN7203700000000	72	037	Ceiba Municipio, PR	1996	NA	5702	4888	814	14.3
CN7203900000000	72	039	Ciales Municipio, PR	1996	NA	4488	3371	1117	24.9
CN7204100000000	72	041	Cidra Municipio, PR	1996	NA	14983	13295	1688	11.3
CN7204300000000	72	043	Coamo Municipio, PR	1996	NA	9321	7747	1574	16.9
CN7204500000000	72	045	Comerio Municipio, PR	1996	NA	5484	4736	748	13.6
CN7204700000000	72	047	Corozal Municipio, PR	1996	NA	9880	8751	1129	11.4
CN7204900000000	72	049	Culebra Municipio, PR	1996	NA	711	650	61	8.6
CN7205100000000	72	051	Dorado Municipio, PR	1996	NA	10489	9353	1136	10.8
CN7205300000000	72	053	Fajardo Municipio, PR	1996	NA	13461	11199	2262	16.8
CN7205400000000	72	054	Florida Municipio, PR	1996	NA	2699	2202	497	18.4
CN7205500000000	72	055	Guanica Municipio, PR	1996	NA	5794	4406	1388	24
CN7205700000000	72	057	Guayama Municipio, PR	1996	NA	11781	9424	2357	20
CN7205900000000	72	059	Guayanilla Municipio, PR	1996	NA	7694	6205	1489	19.4
CN7206100000000	72	061	Guaynabo Municipio, PR	1996	NA	41423	39110	2313	5.6
CN7206300000000	72	063	Gurabo Municipio, PR	1996	NA	10825	9469	1356	12.5
CN7206500000000	72	065	Hatillo Municipio, PR	1996	NA	10985	9246	1739	15.8
CN7206700000000	72	067	Hormigueros Municipio, PR	1996	NA	6932	5962	970	14
CN7206900000000	72	069	Humacao Municipio, PR	1996	NA	20302	17077	3225	15.9
CN7207100000000	72	071	Isabela Municipio, PR	1996	NA	14054	11488	2566	18.3
CN7207300000000	72	073	Jayuya Municipio, PR	1996	NA	4029	3508	521	12.9
CN7207500000000	72	075	Juana Diaz Municipio, PR	1996	NA	13281	10755	2526	19
CN7207700000000	72	077	Juncos Municipio, PR	1996	NA	12015	10421	1594	13.3
CN7207900000000	72	079	Lajas Municipio, PR	1996	NA	9456	7917	1539	16.3
CN7208100000000	72	081	Lares Municipio, PR	1996	NA	8888	7238	1650	18.6
CN7208300000000	72	083	Las Marias Municipio, PR	1996	NA	3063	2516	547	17.9
CN7208500000000	72	085	Las Piedras Municipio, PR	1996	NA	10254	8635	1619	15.8
CN7208700000000	72	087	Loiza Municipio, PR	1996	NA	8466	7435	1031	12.2
CN7208900000000	72	089	Luquillo Municipio, PR	1996	NA	6636	5358	1278	19.3
CN7209100000000	72	091	Manati Municipio, PR	1996	NA	13276	10940	2336	17.6
CN7209300000000	72	093	Maricao Municipio, PR	1996	NA	2327	1942	385	16.5
CN7209500000000	72	095	Maunabo Municipio, PR	1996	NA	3160	2382	778	24.6
CN7209700000000	72	097	Mayaguez Municipio, PR	1996	NA	36227	30698	5529	15.3
CN7209900000000	72	099	Moca Municipio, PR	1996	NA	12440	10027	2413	19.4
CN7210100000000	72	101	Morovis Municipio, PR	1996	NA	9465	8198	1267	13.4
CN7210300000000	72	103	Naguabo Municipio, PR	1996	NA	6928	5736	1192	17.2
CN7210500000000	72	105	Naranjito Municipio, PR	1996	NA	7331	6332	999	13.6
CN7210700000000	72	107	Orocovis Municipio, PR	1996	NA	5636	4653	983	17.4
CN7210900000000	72	109	Patillas Municipio, PR	1996	NA	6185	4841	1344	21.7
CN7211100000000	72	111	Penuelas Municipio, PR	1996	NA	7965	6013	1952	24.5
CN7211300000000	72	113	Ponce Municipio, PR	1996	NA	60697	50712	9985	16.5
CN7211500000000	72	115	Quebradillas Municipio, PR	1996	NA	7949	6836	1113	14
CN7211700000000	72	117	Rincon Municipio, PR	1996	NA	5747	4713	1034	18
CN7211900000000	72	119	Rio Grande Municipio, PR	1996	NA	17360	14592	2768	15.9
CN7212100000000	72	121	Sabana Grande Municipio, PR	1996	NA	8600	7227	1373	16
CN7212300000000	72	123	Salinas Municipio, PR	1996	NA	8578	6587	1991	23.2
CN7212500000000	72	125	San German Municipio, PR	1996	NA	13431	11043	2388	17.8
CN7212700000000	72	127	San Juan Municipio, PR	1996	NA	164830	149991	14839	9
CN7212900000000	72	129	San Lorenzo Municipio, PR	1996	NA	12098	10138	1960	16.2
CN7213100000000	72	131	San Sebastian Municipio, PR	1996	NA	13442	9988	3454	25.7
CN7213300000000	72	133	Santa Isabel Municipio, PR	1996	NA	5671	4332	1339	23.6
CN7213500000000	72	135	Toa Alta Municipio, PR	1996	NA	19091	17356	1735	9.1
CN7213700000000	72	137	Toa Baja Municipio, PR	1996	NA	34349	31384	2965	8.6
CN7213900000000	72	139	Trujillo Alto Municipio, PR	1996	NA	28403	26353	2050	7.2
CN7214100000000	72	141	Utuado Municipio, PR	1996	NA	8354	7283	1071	12.8
CN7214300000000	72	143	Vega Alta Municipio, PR	1996	NA	11408	10071	1337	11.7
CN7214500000000	72	145	Vega Baja Municipio, PR	1996	NA	19157	16382	2775	14.5
CN7214700000000	72	147	Vieques Municipio, PR	1996	NA	2566	2210	356	13.9
CN7214900000000	72	149	Villalba Municipio, PR	1996	NA	6203	4800	1403	22.6
CN7215100000000	72	151	Yabucoa Municipio, PR	1996	NA	12231	9914	2317	18.9
CN7215300000000	72	153	Yauco Municipio, PR	1996	NA	13546	10917	2629	19.4
NA	NA	NA	NA	NA	NA	NA	NA	NA	NA
SOURCE:  BLS, LAUS	NA	NA	NA	NA	NA	NA	NA	NA	NA
March 18, 2016	NA	NA	NA	NA	NA	NA	NA	NA	NA
