LAUS_CODE	STATE_FIPS	COUNTY_FIPS	COUNTY	YEAR	ESTIMATED	LABOR_FORCE	EMPLOYED	UNEMPLOYED_LEVEL	UNEMPLOYED_RATE
CN0100100000000	01	001	Autauga County, AL	2008	NA	24687	23420	1267	5.1
CN0100300000000	01	003	Baldwin County, AL	2008	NA	83223	79372	3851	4.6
CN0100500000000	01	005	Barbour County, AL	2008	NA	10161	9267	894	8.8
CN0100700000000	01	007	Bibb County, AL	2008	NA	8749	8241	508	5.8
CN0100900000000	01	009	Blount County, AL	2008	NA	26698	25453	1245	4.7
CN0101100000000	01	011	Bullock County, AL	2008	NA	3634	3251	383	10.5
CN0101300000000	01	013	Butler County, AL	2008	NA	9051	8278	773	8.5
CN0101500000000	01	015	Calhoun County, AL	2008	NA	54564	51468	3096	5.7
CN0101700000000	01	017	Chambers County, AL	2008	NA	15012	12848	2164	14.4
CN0101900000000	01	019	Cherokee County, AL	2008	NA	11996	11308	688	5.7
CN0102100000000	01	021	Chilton County, AL	2008	NA	19610	18618	992	5.1
CN0102300000000	01	023	Choctaw County, AL	2008	NA	5069	4646	423	8.3
CN0102500000000	01	025	Clarke County, AL	2008	NA	10351	9419	932	9
CN0102700000000	01	027	Clay County, AL	2008	NA	5733	5279	454	7.9
CN0102900000000	01	029	Cleburne County, AL	2008	NA	6557	6225	332	5.1
CN0103100000000	01	031	Coffee County, AL	2008	NA	20911	19897	1014	4.8
CN0103300000000	01	033	Colbert County, AL	2008	NA	25160	23523	1637	6.5
CN0103500000000	01	035	Conecuh County, AL	2008	NA	4878	4421	457	9.4
CN0103700000000	01	037	Coosa County, AL	2008	NA	4659	4274	385	8.3
CN0103900000000	01	039	Covington County, AL	2008	NA	16800	15803	997	5.9
CN0104100000000	01	041	Crenshaw County, AL	2008	NA	6464	6105	359	5.6
CN0104300000000	01	043	Cullman County, AL	2008	NA	39096	37188	1908	4.9
CN0104500000000	01	045	Dale County, AL	2008	NA	19832	18760	1072	5.4
CN0104700000000	01	047	Dallas County, AL	2008	NA	15473	13758	1715	11.1
CN0104900000000	01	049	DeKalb County, AL	2008	NA	30682	28895	1787	5.8
CN0105100000000	01	051	Elmore County, AL	2008	NA	36220	34371	1849	5.1
CN0105300000000	01	053	Escambia County, AL	2008	NA	14412	13321	1091	7.6
CN0105500000000	01	055	Etowah County, AL	2008	NA	45727	42995	2732	6
CN0105700000000	01	057	Fayette County, AL	2008	NA	7118	6604	514	7.2
CN0105900000000	01	059	Franklin County, AL	2008	NA	13380	12387	993	7.4
CN0106100000000	01	061	Geneva County, AL	2008	NA	11337	10717	620	5.5
CN0106300000000	01	063	Greene County, AL	2008	NA	3280	3001	279	8.5
CN0106500000000	01	065	Hale County, AL	2008	NA	6991	6473	518	7.4
CN0106700000000	01	067	Henry County, AL	2008	NA	7376	6807	569	7.7
CN0106900000000	01	069	Houston County, AL	2008	NA	46452	44180	2272	4.9
CN0107100000000	01	071	Jackson County, AL	2008	NA	26857	25201	1656	6.2
CN0107300000000	01	073	Jefferson County, AL	2008	NA	311615	294792	16823	5.4
CN0107500000000	01	075	Lamar County, AL	2008	NA	5692	5237	455	8
CN0107700000000	01	077	Lauderdale County, AL	2008	NA	42873	40408	2465	5.7
CN0107900000000	01	079	Lawrence County, AL	2008	NA	15867	14837	1030	6.5
CN0108100000000	01	081	Lee County, AL	2008	NA	65189	61795	3394	5.2
CN0108300000000	01	083	Limestone County, AL	2008	NA	37427	35664	1763	4.7
CN0108500000000	01	085	Lowndes County, AL	2008	NA	4851	4322	529	10.9
CN0108700000000	01	087	Macon County, AL	2008	NA	9104	8426	678	7.4
CN0108900000000	01	089	Madison County, AL	2008	NA	168340	161326	7014	4.2
CN0109100000000	01	091	Marengo County, AL	2008	NA	7979	7389	590	7.4
CN0109300000000	01	093	Marion County, AL	2008	NA	12715	11701	1014	8
CN0109500000000	01	095	Marshall County, AL	2008	NA	41700	39720	1980	4.7
CN0109700000000	01	097	Mobile County, AL	2008	NA	187266	176623	10643	5.7
CN0109900000000	01	099	Monroe County, AL	2008	NA	8789	7896	893	10.2
CN0110100000000	01	101	Montgomery County, AL	2008	NA	106155	99875	6280	5.9
CN0110300000000	01	103	Morgan County, AL	2008	NA	56997	54014	2983	5.2
CN0110500000000	01	105	Perry County, AL	2008	NA	3592	3186	406	11.3
CN0110700000000	01	107	Pickens County, AL	2008	NA	7925	7359	566	7.1
CN0110900000000	01	109	Pike County, AL	2008	NA	15805	15034	771	4.9
CN0111100000000	01	111	Randolph County, AL	2008	NA	9609	8905	704	7.3
CN0111300000000	01	113	Russell County, AL	2008	NA	21693	19959	1734	8
CN0111500000000	01	115	St. Clair County, AL	2008	NA	36482	34651	1831	5
CN0111700000000	01	117	Shelby County, AL	2008	NA	101156	97375	3781	3.7
CN0111900000000	01	119	Sumter County, AL	2008	NA	4721	4308	413	8.7
CN0112100000000	01	121	Talladega County, AL	2008	NA	38278	35519	2759	7.2
CN0112300000000	01	123	Tallapoosa County, AL	2008	NA	18179	16875	1304	7.2
CN0112500000000	01	125	Tuscaloosa County, AL	2008	NA	89185	84978	4207	4.7
CN0112700000000	01	127	Walker County, AL	2008	NA	28758	27113	1645	5.7
CN0112900000000	01	129	Washington County, AL	2008	NA	6883	6302	581	8.4
CN0113100000000	01	131	Wilcox County, AL	2008	NA	3482	2996	486	14
CN0113300000000	01	133	Winston County, AL	2008	NA	9984	9120	864	8.7
CN0201300000000	02	013	Aleutians East Borough, AK	2008	NA	1144	1045	99	8.7
CN0201600000000	02	016	Aleutians West Census Area, AK	2008	NA	3061	2883	178	5.8
CN0202000000000	02	020	Anchorage Borough/municipality, AK	2008	NA	152111	143835	8276	5.4
CN0205000000000	02	050	Bethel Census Area, AK	2008	NA	6935	5972	963	13.9
CN0206000000000	02	060	Bristol Bay Borough, AK	2008	NA	1009	960	49	4.9
CN0206800000000	02	068	Denali Borough, AK	2008	NA	1606	1508	98	6.1
CN0207000000000	02	070	Dillingham Census Area, AK	2008	NA	2068	1875	193	9.3
CN0209000000000	02	090	Fairbanks North Star Borough, AK	2008	NA	45993	43198	2795	6.1
CN0210000000000	02	100	Haines Borough, AK	2008	NA	1358	1238	120	8.8
CN0211000000000	02	110	Juneau Borough/city, AK	2008	NA	18784	17882	902	4.8
CN0212200000000	02	122	Kenai Peninsula Borough, AK	2008	NA	26330	24176	2154	8.2
CN0213000000000	02	130	Ketchikan Gateway Borough, AK	2008	NA	8297	7805	492	5.9
CN0215000000000	02	150	Kodiak Island Borough, AK	2008	NA	6399	5961	438	6.8
CN0215800000000	02	158	Kusilvak Census Area, AK	2008	NA	2616	2078	538	20.6
CN0216400000000	02	164	Lake and Peninsula Borough, AK	2008	NA	1137	1059	78	6.9
CN0217000000000	02	170	Matanuska-Susitna Borough, AK	2008	NA	41532	38372	3160	7.6
CN0218000000000	02	180	Nome Census Area, AK	2008	NA	3991	3577	414	10.4
CN0218500000000	02	185	North Slope Borough, AK	2008	NA	5145	4927	218	4.2
CN0218800000000	02	188	Northwest Arctic Borough, AK	2008	NA	2982	2637	345	11.6
CN0220100000000	02	201	Prince of Wales-Outer Ketchikan Census Area, AK	2008	NA	2338	2015	323	13.8
CN0222000000000	02	220	Sitka Borough/city, AK	2008	NA	4621	4353	268	5.8
CN0223200000000	02	232	Skagway-Hoonah-Angoon Census Area, AK	2008	NA	1921	1673	248	12.9
CN0224000000000	02	240	Southeast Fairbanks Census Area, AK	2008	NA	3555	3241	314	8.8
CN0226100000000	02	261	Valdez-Cordova Census Area, AK	2008	NA	5259	4816	443	8.4
CN0228000000000	02	280	Wrangell-Petersburg Census Area, AK	2008	NA	2813	2513	300	10.7
CN0228200000000	02	282	Yakutat Borough/city, AK	2008	NA	320	296	24	7.5
CN0229000000000	02	290	Yukon-Koyukuk Census Area, AK	2008	NA	2786	2393	393	14.1
CN0400100000000	04	001	Apache County, AZ	2008	NA	21264	18792	2472	11.6
CN0400300000000	04	003	Cochise County, AZ	2008	NA	60278	56745	3533	5.9
CN0400500000000	04	005	Coconino County, AZ	2008	NA	73208	69108	4100	5.6
CN0400700000000	04	007	Gila County, AZ	2008	NA	22326	20882	1444	6.5
CN0400900000000	04	009	Graham County, AZ	2008	NA	16139	14997	1142	7.1
CN0401100000000	04	011	Greenlee County, AZ	2008	NA	4408	4174	234	5.3
CN0401200000000	04	012	La Paz County, AZ	2008	NA	7551	6968	583	7.7
CN0401300000000	04	013	Maricopa County, AZ	2008	NA	1970741	1864614	106127	5.4
CN0401500000000	04	015	Mohave County, AZ	2008	NA	92592	85485	7107	7.7
CN0401700000000	04	017	Navajo County, AZ	2008	NA	39302	35328	3974	10.1
CN0401900000000	04	019	Pima County, AZ	2008	NA	474464	446795	27669	5.8
CN0402100000000	04	021	Pinal County, AZ	2008	NA	122313	113278	9035	7.4
CN0402300000000	04	023	Santa Cruz County, AZ	2008	NA	17888	15916	1972	11
CN0402500000000	04	025	Yavapai County, AZ	2008	NA	98076	92011	6065	6.2
CN0402700000000	04	027	Yuma County, AZ	2008	NA	84314	68812	15502	18.4
CN0500100000000	05	001	Arkansas County, AR	2008	NA	12161	10969	1192	9.8
CN0500300000000	05	003	Ashley County, AR	2008	NA	9465	8745	720	7.6
CN0500500000000	05	005	Baxter County, AR	2008	NA	17704	16635	1069	6
CN0500700000000	05	007	Benton County, AR	2008	NA	106704	102277	4427	4.1
CN0500900000000	05	009	Boone County, AR	2008	NA	17048	16116	932	5.5
CN0501100000000	05	011	Bradley County, AR	2008	NA	5622	5215	407	7.2
CN0501300000000	05	013	Calhoun County, AR	2008	NA	2613	2451	162	6.2
CN0501500000000	05	015	Carroll County, AR	2008	NA	14261	13620	641	4.5
CN0501700000000	05	017	Chicot County, AR	2008	NA	4967	4556	411	8.3
CN0501900000000	05	019	Clark County, AR	2008	NA	11054	10398	656	5.9
CN0502100000000	05	021	Clay County, AR	2008	NA	6685	6146	539	8.1
CN0502300000000	05	023	Cleburne County, AR	2008	NA	12111	11427	684	5.6
CN0502500000000	05	025	Cleveland County, AR	2008	NA	4135	3892	243	5.9
CN0502700000000	05	027	Columbia County, AR	2008	NA	10929	10166	763	7
CN0502900000000	05	029	Conway County, AR	2008	NA	10237	9671	566	5.5
CN0503100000000	05	031	Craighead County, AR	2008	NA	46575	44307	2268	4.9
CN0503300000000	05	033	Crawford County, AR	2008	NA	28721	27327	1394	4.9
CN0503500000000	05	035	Crittenden County, AR	2008	NA	22601	20807	1794	7.9
CN0503700000000	05	037	Cross County, AR	2008	NA	8559	7974	585	6.8
CN0503900000000	05	039	Dallas County, AR	2008	NA	3908	3625	283	7.2
CN0504100000000	05	041	Desha County, AR	2008	NA	5942	5422	520	8.8
CN0504300000000	05	043	Drew County, AR	2008	NA	8503	7831	672	7.9
CN0504500000000	05	045	Faulkner County, AR	2008	NA	56244	53567	2677	4.8
CN0504700000000	05	047	Franklin County, AR	2008	NA	8566	8184	382	4.5
CN0504900000000	05	049	Fulton County, AR	2008	NA	5245	4971	274	5.2
CN0505100000000	05	051	Garland County, AR	2008	NA	42783	40368	2415	5.6
CN0505300000000	05	053	Grant County, AR	2008	NA	8691	8237	454	5.2
CN0505500000000	05	055	Greene County, AR	2008	NA	19127	17870	1257	6.6
CN0505700000000	05	057	Hempstead County, AR	2008	NA	10733	10111	622	5.8
CN0505900000000	05	059	Hot Spring County, AR	2008	NA	15211	14207	1004	6.6
CN0506100000000	05	061	Howard County, AR	2008	NA	6379	6025	354	5.5
CN0506300000000	05	063	Independence County, AR	2008	NA	17121	15922	1199	7
CN0506500000000	05	065	Izard County, AR	2008	NA	5476	5108	368	6.7
CN0506700000000	05	067	Jackson County, AR	2008	NA	7928	7313	615	7.8
CN0506900000000	05	069	Jefferson County, AR	2008	NA	35341	32634	2707	7.7
CN0507100000000	05	071	Johnson County, AR	2008	NA	11631	11080	551	4.7
CN0507300000000	05	073	Lafayette County, AR	2008	NA	3070	2853	217	7.1
CN0507500000000	05	075	Lawrence County, AR	2008	NA	7307	6786	521	7.1
CN0507700000000	05	077	Lee County, AR	2008	NA	3618	3309	309	8.5
CN0507900000000	05	079	Lincoln County, AR	2008	NA	5009	4604	405	8.1
CN0508100000000	05	081	Little River County, AR	2008	NA	6747	6482	265	3.9
CN0508300000000	05	083	Logan County, AR	2008	NA	10435	9753	682	6.5
CN0508500000000	05	085	Lonoke County, AR	2008	NA	32460	31002	1458	4.5
CN0508700000000	05	087	Madison County, AR	2008	NA	7760	7418	342	4.4
CN0508900000000	05	089	Marion County, AR	2008	NA	6963	6526	437	6.3
CN0509100000000	05	091	Miller County, AR	2008	NA	20242	19423	819	4
CN0509300000000	05	093	Mississippi County, AR	2008	NA	22063	20367	1696	7.7
CN0509500000000	05	095	Monroe County, AR	2008	NA	3860	3613	247	6.4
CN0509700000000	05	097	Montgomery County, AR	2008	NA	4203	3965	238	5.7
CN0509900000000	05	099	Nevada County, AR	2008	NA	4280	3989	291	6.8
CN0510100000000	05	101	Newton County, AR	2008	NA	3504	3304	200	5.7
CN0510300000000	05	103	Ouachita County, AR	2008	NA	11979	11212	767	6.4
CN0510500000000	05	105	Perry County, AR	2008	NA	4822	4551	271	5.6
CN0510700000000	05	107	Phillips County, AR	2008	NA	9047	8398	649	7.2
CN0510900000000	05	109	Pike County, AR	2008	NA	5121	4811	310	6.1
CN0511100000000	05	111	Poinsett County, AR	2008	NA	10796	10103	693	6.4
CN0511300000000	05	113	Polk County, AR	2008	NA	8919	8459	460	5.2
CN0511500000000	05	115	Pope County, AR	2008	NA	30504	29008	1496	4.9
CN0511700000000	05	117	Prairie County, AR	2008	NA	4425	4173	252	5.7
CN0511900000000	05	119	Pulaski County, AR	2008	NA	191923	182801	9122	4.8
CN0512100000000	05	121	Randolph County, AR	2008	NA	7596	6974	622	8.2
CN0512300000000	05	123	St. Francis County, AR	2008	NA	10429	9450	979	9.4
CN0512500000000	05	125	Saline County, AR	2008	NA	50037	47807	2230	4.5
CN0512700000000	05	127	Scott County, AR	2008	NA	4889	4656	233	4.8
CN0512900000000	05	129	Searcy County, AR	2008	NA	3638	3441	197	5.4
CN0513100000000	05	131	Sebastian County, AR	2008	NA	62219	59133	3086	5
CN0513300000000	05	133	Sevier County, AR	2008	NA	7640	7330	310	4.1
CN0513500000000	05	135	Sharp County, AR	2008	NA	6319	5842	477	7.5
CN0513700000000	05	137	Stone County, AR	2008	NA	4744	4432	312	6.6
CN0513900000000	05	139	Union County, AR	2008	NA	19294	18065	1229	6.4
CN0514100000000	05	141	Van Buren County, AR	2008	NA	7083	6614	469	6.6
CN0514300000000	05	143	Washington County, AR	2008	NA	103877	99485	4392	4.2
CN0514500000000	05	145	White County, AR	2008	NA	33288	31300	1988	6
CN0514700000000	05	147	Woodruff County, AR	2008	NA	3520	3238	282	8
CN0514900000000	05	149	Yell County, AR	2008	NA	10652	10169	483	4.5
CN0600100000000	06	001	Alameda County, CA	2008	NA	756411	709426	46985	6.2
CN0600300000000	06	003	Alpine County, CA	2008	NA	465	416	49	10.5
CN0600500000000	06	005	Amador County, CA	2008	NA	17797	16428	1369	7.7
CN0600700000000	06	007	Butte County, CA	2008	NA	102816	94116	8700	8.5
CN0600900000000	06	009	Calaveras County, CA	2008	NA	20621	18831	1790	8.7
CN0601100000000	06	011	Colusa County, CA	2008	NA	10495	9042	1453	13.8
CN0601300000000	06	013	Contra Costa County, CA	2008	NA	523720	491147	32573	6.2
CN0601500000000	06	015	Del Norte County, CA	2008	NA	11361	10358	1003	8.8
CN0601700000000	06	017	El Dorado County, CA	2008	NA	90600	84259	6341	7
CN0601900000000	06	019	Fresno County, CA	2008	NA	429670	384317	45353	10.6
CN0602100000000	06	021	Glenn County, CA	2008	NA	12182	10904	1278	10.5
CN0602300000000	06	023	Humboldt County, CA	2008	NA	59953	55580	4373	7.3
CN0602500000000	06	025	Imperial County, CA	2008	NA	72434	56097	16337	22.6
CN0602700000000	06	027	Inyo County, CA	2008	NA	9087	8486	601	6.6
CN0602900000000	06	029	Kern County, CA	2008	NA	359141	323808	35333	9.8
CN0603100000000	06	031	Kings County, CA	2008	NA	58735	52511	6224	10.6
CN0603300000000	06	033	Lake County, CA	2008	NA	24525	21910	2615	10.7
CN0603500000000	06	035	Lassen County, CA	2008	NA	12820	11592	1228	9.6
CN0603700000000	06	037	Los Angeles County, CA	2008	NA	4928959	4555103	373856	7.6
CN0603900000000	06	039	Madera County, CA	2008	NA	65020	58861	6159	9.5
CN0604100000000	06	041	Marin County, CA	2008	NA	132204	125973	6231	4.7
CN0604300000000	06	043	Mariposa County, CA	2008	NA	9273	8574	699	7.5
CN0604500000000	06	045	Mendocino County, CA	2008	NA	43213	40230	2983	6.9
CN0604700000000	06	047	Merced County, CA	2008	NA	102153	89245	12908	12.6
CN0604900000000	06	049	Modoc County, CA	2008	NA	3937	3555	382	9.7
CN0605100000000	06	051	Mono County, CA	2008	NA	8605	8096	509	5.9
CN0605300000000	06	053	Monterey County, CA	2008	NA	212064	194121	17943	8.5
CN0605500000000	06	055	Napa County, CA	2008	NA	75546	71677	3869	5.1
CN0605700000000	06	057	Nevada County, CA	2008	NA	50353	47033	3320	6.6
CN0605900000000	06	059	Orange County, CA	2008	NA	1615488	1529661	85827	5.3
CN0606100000000	06	061	Placer County, CA	2008	NA	176976	165485	11491	6.5
CN0606300000000	06	063	Plumas County, CA	2008	NA	9812	8774	1038	10.6
CN0606500000000	06	065	Riverside County, CA	2008	NA	911507	833309	78198	8.6
CN0606700000000	06	067	Sacramento County, CA	2008	NA	679394	630283	49111	7.2
CN0606900000000	06	069	San Benito County, CA	2008	NA	24840	22435	2405	9.7
CN0607100000000	06	071	San Bernardino County, CA	2008	NA	862104	792836	69268	8
CN0607300000000	06	073	San Diego County, CA	2008	NA	1545849	1452608	93241	6
CN0607500000000	06	075	San Francisco County/city, CA	2008	NA	456989	432981	24008	5.3
CN0607700000000	06	077	San Joaquin County, CA	2008	NA	292848	262271	30577	10.4
CN0607900000000	06	079	San Luis Obispo County, CA	2008	NA	136402	128522	7880	5.8
CN0608100000000	06	081	San Mateo County, CA	2008	NA	372360	354161	18199	4.9
CN0608300000000	06	083	Santa Barbara County, CA	2008	NA	218082	206131	11951	5.5
CN0608500000000	06	085	Santa Clara County, CA	2008	NA	868908	816618	52290	6
CN0608700000000	06	087	Santa Cruz County, CA	2008	NA	146119	135342	10777	7.4
CN0608900000000	06	089	Shasta County, CA	2008	NA	82577	74257	8320	10.1
CN0609100000000	06	091	Sierra County, CA	2008	NA	1589	1421	168	10.6
CN0609300000000	06	093	Siskiyou County, CA	2008	NA	19204	17242	1962	10.2
CN0609500000000	06	095	Solano County, CA	2008	NA	211059	196503	14556	6.9
CN0609700000000	06	097	Sonoma County, CA	2008	NA	259633	244654	14979	5.8
CN0609900000000	06	099	Stanislaus County, CA	2008	NA	231707	206012	25695	11.1
CN0610100000000	06	101	Sutter County, CA	2008	NA	41058	35980	5078	12.4
CN0610300000000	06	103	Tehama County, CA	2008	NA	25153	22832	2321	9.2
CN0610500000000	06	105	Trinity County, CA	2008	NA	4850	4228	622	12.8
CN0610700000000	06	107	Tulare County, CA	2008	NA	198899	177353	21546	10.8
CN0610900000000	06	109	Tuolumne County, CA	2008	NA	25767	23703	2064	8
CN0611100000000	06	111	Ventura County, CA	2008	NA	428792	401777	27015	6.3
CN0611300000000	06	113	Yolo County, CA	2008	NA	98299	91012	7287	7.4
CN0611500000000	06	115	Yuba County, CA	2008	NA	27700	24396	3304	11.9
CN0800100000000	08	001	Adams County, CO	2008	NA	225880	213688	12192	5.4
CN0800300000000	08	003	Alamosa County, CO	2008	NA	8356	7919	437	5.2
CN0800500000000	08	005	Arapahoe County, CO	2008	NA	312650	297374	15276	4.9
CN0800700000000	08	007	Archuleta County, CO	2008	NA	6524	6194	330	5.1
CN0800900000000	08	009	Baca County, CO	2008	NA	2241	2165	76	3.4
CN0801100000000	08	011	Bent County, CO	2008	NA	2342	2196	146	6.2
CN0801300000000	08	013	Boulder County, CO	2008	NA	177472	170108	7364	4.1
CN0801400000000	08	014	Broomfield County/city, CO	2008	NA	30844	29451	1393	4.5
CN0801500000000	08	015	Chaffee County, CO	2008	NA	8362	7986	376	4.5
CN0801700000000	08	017	Cheyenne County, CO	2008	NA	1257	1223	34	2.7
CN0801900000000	08	019	Clear Creek County, CO	2008	NA	5652	5393	259	4.6
CN0802100000000	08	021	Conejos County, CO	2008	NA	3634	3369	265	7.3
CN0802300000000	08	023	Costilla County, CO	2008	NA	1280	1181	99	7.7
CN0802500000000	08	025	Crowley County, CO	2008	NA	1821	1687	134	7.4
CN0802700000000	08	027	Custer County, CO	2008	NA	1912	1815	97	5.1
CN0802900000000	08	029	Delta County, CO	2008	NA	16501	15778	723	4.4
CN0803100000000	08	031	Denver County/city, CO	2008	NA	323342	305960	17382	5.4
CN0803300000000	08	033	Dolores County, CO	2008	NA	985	914	71	7.2
CN0803500000000	08	035	Douglas County, CO	2008	NA	160990	154263	6727	4.2
CN0803700000000	08	037	Eagle County, CO	2008	NA	31666	30535	1131	3.6
CN0803900000000	08	039	Elbert County, CO	2008	NA	13020	12396	624	4.8
CN0804100000000	08	041	El Paso County, CO	2008	NA	300206	283214	16992	5.7
CN0804300000000	08	043	Fremont County, CO	2008	NA	19738	18487	1251	6.3
CN0804500000000	08	045	Garfield County, CO	2008	NA	36753	35610	1143	3.1
CN0804700000000	08	047	Gilpin County, CO	2008	NA	3469	3323	146	4.2
CN0804900000000	08	049	Grand County, CO	2008	NA	9147	8809	338	3.7
CN0805100000000	08	051	Gunnison County, CO	2008	NA	9503	9162	341	3.6
CN0805300000000	08	053	Hinsdale County, CO	2008	NA	643	622	21	3.3
CN0805500000000	08	055	Huerfano County, CO	2008	NA	3435	3215	220	6.4
CN0805700000000	08	057	Jackson County, CO	2008	NA	1082	1047	35	3.2
CN0805900000000	08	059	Jefferson County, CO	2008	NA	307854	293431	14423	4.7
CN0806100000000	08	061	Kiowa County, CO	2008	NA	849	818	31	3.7
CN0806300000000	08	063	Kit Carson County, CO	2008	NA	4348	4202	146	3.4
CN0806500000000	08	065	Lake County, CO	2008	NA	4101	3913	188	4.6
CN0806700000000	08	067	La Plata County, CO	2008	NA	31427	30294	1133	3.6
CN0806900000000	08	069	Larimer County, CO	2008	NA	175517	168090	7427	4.2
CN0807100000000	08	071	Las Animas County, CO	2008	NA	8795	8399	396	4.5
CN0807300000000	08	073	Lincoln County, CO	2008	NA	2890	2783	107	3.7
CN0807500000000	08	075	Logan County, CO	2008	NA	11200	10767	433	3.9
CN0807700000000	08	077	Mesa County, CO	2008	NA	81800	78618	3182	3.9
CN0807900000000	08	079	Mineral County, CO	2008	NA	475	449	26	5.5
CN0808100000000	08	081	Moffat County, CO	2008	NA	8726	8394	332	3.8
CN0808300000000	08	083	Montezuma County, CO	2008	NA	12902	12228	674	5.2
CN0808500000000	08	085	Montrose County, CO	2008	NA	20767	19728	1039	5
CN0808700000000	08	087	Morgan County, CO	2008	NA	14083	13485	598	4.2
CN0808900000000	08	089	Otero County, CO	2008	NA	8705	8189	516	5.9
CN0809100000000	08	091	Ouray County, CO	2008	NA	3017	2906	111	3.7
CN0809300000000	08	093	Park County, CO	2008	NA	9678	9217	461	4.8
CN0809500000000	08	095	Phillips County, CO	2008	NA	2238	2162	76	3.4
CN0809700000000	08	097	Pitkin County, CO	2008	NA	11570	11188	382	3.3
CN0809900000000	08	099	Prowers County, CO	2008	NA	6529	6236	293	4.5
CN0810100000000	08	101	Pueblo County, CO	2008	NA	73280	68823	4457	6.1
CN0810300000000	08	103	Rio Blanco County, CO	2008	NA	5114	4981	133	2.6
CN0810500000000	08	105	Rio Grande County, CO	2008	NA	6423	6060	363	5.7
CN0810700000000	08	107	Routt County, CO	2008	NA	15589	15060	529	3.4
CN0810900000000	08	109	Saguache County, CO	2008	NA	3040	2821	219	7.2
CN0811100000000	08	111	San Juan County, CO	2008	NA	568	536	32	5.6
CN0811300000000	08	113	San Miguel County, CO	2008	NA	5519	5305	214	3.9
CN0811500000000	08	115	Sedgwick County, CO	2008	NA	1533	1484	49	3.2
CN0811700000000	08	117	Summit County, CO	2008	NA	16996	16359	637	3.7
CN0811900000000	08	119	Teller County, CO	2008	NA	12279	11604	675	5.5
CN0812100000000	08	121	Washington County, CO	2008	NA	2656	2570	86	3.2
CN0812300000000	08	123	Weld County, CO	2008	NA	118948	112731	6217	5.2
CN0812500000000	08	125	Yuma County, CO	2008	NA	6505	6331	174	2.7
CN0900100000000	09	001	Fairfield County, CT	2008	NA	471297	447013	24284	5.2
CN0900300000000	09	003	Hartford County, CT	2008	NA	460358	432568	27790	6
CN0900500000000	09	005	Litchfield County, CT	2008	NA	105675	100072	5603	5.3
CN0900700000000	09	007	Middlesex County, CT	2008	NA	94548	89986	4562	4.8
CN0900900000000	09	009	New Haven County, CT	2008	NA	449379	421335	28044	6.2
CN0901100000000	09	011	New London County, CT	2008	NA	150194	142064	8130	5.4
CN0901300000000	09	013	Tolland County, CT	2008	NA	85296	81192	4104	4.8
CN0901500000000	09	015	Windham County, CT	2008	NA	64707	60450	4257	6.6
CN1000100000000	10	001	Kent County, DE	2008	NA	75463	71760	3703	4.9
CN1000300000000	10	003	New Castle County, DE	2008	NA	277739	264070	13669	4.9
CN1000500000000	10	005	Sussex County, DE	2008	NA	93841	89085	4756	5.1
CN1100100000000	11	001	District of Columbia	2008	NA	330544	309192	21352	6.5
CN1200100000000	12	001	Alachua County, FL	2008	NA	131246	125425	5821	4.4
CN1200300000000	12	003	Baker County, FL	2008	NA	12245	11531	714	5.8
CN1200500000000	12	005	Bay County, FL	2008	NA	88653	83626	5027	5.7
CN1200700000000	12	007	Bradford County, FL	2008	NA	12475	11856	619	5
CN1200900000000	12	009	Brevard County, FL	2008	NA	268840	250742	18098	6.7
CN1201100000000	12	011	Broward County, FL	2008	NA	1006721	950763	55958	5.6
CN1201300000000	12	013	Calhoun County, FL	2008	NA	5757	5439	318	5.5
CN1201500000000	12	015	Charlotte County, FL	2008	NA	69531	63728	5803	8.3
CN1201700000000	12	017	Citrus County, FL	2008	NA	56616	51889	4727	8.3
CN1201900000000	12	019	Clay County, FL	2008	NA	95993	90706	5287	5.5
CN1202100000000	12	021	Collier County, FL	2008	NA	148368	137814	10554	7.1
CN1202300000000	12	023	Columbia County, FL	2008	NA	31560	29763	1797	5.7
CN1202700000000	12	027	DeSoto County, FL	2008	NA	14778	13758	1020	6.9
CN1202900000000	12	029	Dixie County, FL	2008	NA	5496	5080	416	7.6
CN1203100000000	12	031	Duval County, FL	2008	NA	446829	418438	28391	6.4
CN1203300000000	12	033	Escambia County, FL	2008	NA	138002	129494	8508	6.2
CN1203500000000	12	035	Flagler County, FL	2008	NA	31935	28769	3166	9.9
CN1203700000000	12	037	Franklin County, FL	2008	NA	4817	4582	235	4.9
CN1203900000000	12	039	Gadsden County, FL	2008	NA	21106	19783	1323	6.3
CN1204100000000	12	041	Gilchrist County, FL	2008	NA	7828	7373	455	5.8
CN1204300000000	12	043	Glades County, FL	2008	NA	4675	4345	330	7.1
CN1204500000000	12	045	Gulf County, FL	2008	NA	6368	5957	411	6.5
CN1204700000000	12	047	Hamilton County, FL	2008	NA	4791	4441	350	7.3
CN1204900000000	12	049	Hardee County, FL	2008	NA	11758	10952	806	6.9
CN1205100000000	12	051	Hendry County, FL	2008	NA	17565	15619	1946	11.1
CN1205300000000	12	053	Hernando County, FL	2008	NA	63163	57578	5585	8.8
CN1205500000000	12	055	Highlands County, FL	2008	NA	40939	37916	3023	7.4
CN1205700000000	12	057	Hillsborough County, FL	2008	NA	599256	560054	39202	6.5
CN1205900000000	12	059	Holmes County, FL	2008	NA	8999	8531	468	5.2
CN1206100000000	12	061	Indian River County, FL	2008	NA	62940	57748	5192	8.2
CN1206300000000	12	063	Jackson County, FL	2008	NA	22155	20973	1182	5.3
CN1206500000000	12	065	Jefferson County, FL	2008	NA	6844	6491	353	5.2
CN1206700000000	12	067	Lafayette County, FL	2008	NA	2978	2839	139	4.7
CN1206900000000	12	069	Lake County, FL	2008	NA	136844	127816	9028	6.6
CN1207100000000	12	071	Lee County, FL	2008	NA	286092	262214	23878	8.3
CN1207300000000	12	073	Leon County, FL	2008	NA	147218	140372	6846	4.7
CN1207500000000	12	075	Levy County, FL	2008	NA	16891	15666	1225	7.3
CN1207700000000	12	077	Liberty County, FL	2008	NA	3851	3683	168	4.4
CN1207900000000	12	079	Madison County, FL	2008	NA	7034	6530	504	7.2
CN1208100000000	12	081	Manatee County, FL	2008	NA	144269	133932	10337	7.2
CN1208300000000	12	083	Marion County, FL	2008	NA	138375	127220	11155	8.1
CN1208500000000	12	085	Martin County, FL	2008	NA	63675	59125	4550	7.1
CN1208600000000	12	086	Miami-Dade County, FL	2008	NA	1228554	1169367	59187	4.8
CN1208700000000	12	087	Monroe County, FL	2008	NA	46650	44710	1940	4.2
CN1208900000000	12	089	Nassau County, FL	2008	NA	36276	34261	2015	5.6
CN1209100000000	12	091	Okaloosa County, FL	2008	NA	96861	92269	4592	4.7
CN1209300000000	12	093	Okeechobee County, FL	2008	NA	17662	16183	1479	8.4
CN1209500000000	12	095	Orange County, FL	2008	NA	603287	566854	36433	6
CN1209700000000	12	097	Osceola County, FL	2008	NA	138080	129094	8986	6.5
CN1209900000000	12	099	Palm Beach County, FL	2008	NA	628411	585947	42464	6.8
CN1210100000000	12	101	Pasco County, FL	2008	NA	197619	182473	15146	7.7
CN1210300000000	12	103	Pinellas County, FL	2008	NA	447744	418214	29530	6.6
CN1210500000000	12	105	Polk County, FL	2008	NA	273427	254490	18937	6.9
CN1210700000000	12	107	Putnam County, FL	2008	NA	32057	29618	2439	7.6
CN1210900000000	12	109	St. Johns County, FL	2008	NA	96362	91366	4996	5.2
CN1211100000000	12	111	St. Lucie County, FL	2008	NA	124487	113354	11133	8.9
CN1211300000000	12	113	Santa Rosa County, FL	2008	NA	70359	66289	4070	5.8
CN1211500000000	12	115	Sarasota County, FL	2008	NA	167160	154823	12337	7.4
CN1211700000000	12	117	Seminole County, FL	2008	NA	241178	227205	13973	5.8
CN1211900000000	12	119	Sumter County, FL	2008	NA	30934	29145	1789	5.8
CN1212100000000	12	121	Suwannee County, FL	2008	NA	17008	15979	1029	6.1
CN1212300000000	12	123	Taylor County, FL	2008	NA	9139	8525	614	6.7
CN1212500000000	12	125	Union County, FL	2008	NA	5309	5045	264	5
CN1212700000000	12	127	Volusia County, FL	2008	NA	254567	237301	17266	6.8
CN1212900000000	12	129	Wakulla County, FL	2008	NA	15916	15178	738	4.6
CN1213100000000	12	131	Walton County, FL	2008	NA	31129	29684	1445	4.6
CN1213300000000	12	133	Washington County, FL	2008	NA	9881	9234	647	6.5
CN1300100000000	13	001	Appling County, GA	2008	NA	9354	8701	653	7
CN1300300000000	13	003	Atkinson County, GA	2008	NA	3388	3106	282	8.3
CN1300500000000	13	005	Bacon County, GA	2008	NA	4794	4495	299	6.2
CN1300700000000	13	007	Baker County, GA	2008	NA	1677	1570	107	6.4
CN1300900000000	13	009	Baldwin County, GA	2008	NA	21101	19445	1656	7.8
CN1301100000000	13	011	Banks County, GA	2008	NA	11055	10556	499	4.5
CN1301300000000	13	013	Barrow County, GA	2008	NA	35332	33103	2229	6.3
CN1301500000000	13	015	Bartow County, GA	2008	NA	46936	43592	3344	7.1
CN1301700000000	13	017	Ben Hill County, GA	2008	NA	7536	6719	817	10.8
CN1301900000000	13	019	Berrien County, GA	2008	NA	8665	8061	604	7
CN1302100000000	13	021	Bibb County, GA	2008	NA	75685	70795	4890	6.5
CN1302300000000	13	023	Bleckley County, GA	2008	NA	5406	5013	393	7.3
CN1302500000000	13	025	Brantley County, GA	2008	NA	7677	7186	491	6.4
CN1302700000000	13	027	Brooks County, GA	2008	NA	8406	7927	479	5.7
CN1302900000000	13	029	Bryan County, GA	2008	NA	17096	16255	841	4.9
CN1303100000000	13	031	Bulloch County, GA	2008	NA	33157	31140	2017	6.1
CN1303300000000	13	033	Burke County, GA	2008	NA	10002	9133	869	8.7
CN1303500000000	13	035	Butts County, GA	2008	NA	10456	9674	782	7.5
CN1303700000000	13	037	Calhoun County, GA	2008	NA	2407	2214	193	8
CN1303900000000	13	039	Camden County, GA	2008	NA	21373	20178	1195	5.6
CN1304300000000	13	043	Candler County, GA	2008	NA	4348	4075	273	6.3
CN1304500000000	13	045	Carroll County, GA	2008	NA	53935	50314	3621	6.7
CN1304700000000	13	047	Catoosa County, GA	2008	NA	35778	33948	1830	5.1
CN1304900000000	13	049	Charlton County, GA	2008	NA	4587	4278	309	6.7
CN1305100000000	13	051	Chatham County, GA	2008	NA	134606	127004	7602	5.6
CN1305300000000	13	053	Chattahoochee County, GA	2008	NA	2558	2246	312	12.2
CN1305500000000	13	055	Chattooga County, GA	2008	NA	11279	10172	1107	9.8
CN1305700000000	13	057	Cherokee County, GA	2008	NA	112409	106486	5923	5.3
CN1305900000000	13	059	Clarke County, GA	2008	NA	66162	62795	3367	5.1
CN1306100000000	13	061	Clay County, GA	2008	NA	1477	1370	107	7.2
CN1306300000000	13	063	Clayton County, GA	2008	NA	136611	126243	10368	7.6
CN1306500000000	13	065	Clinch County, GA	2008	NA	2798	2597	201	7.2
CN1306700000000	13	067	Cobb County, GA	2008	NA	381680	360319	21361	5.6
CN1306900000000	13	069	Coffee County, GA	2008	NA	16729	15348	1381	8.3
CN1307100000000	13	071	Colquitt County, GA	2008	NA	20769	19522	1247	6
CN1307300000000	13	073	Columbia County, GA	2008	NA	60937	58040	2897	4.8
CN1307500000000	13	075	Cook County, GA	2008	NA	7252	6691	561	7.7
CN1307700000000	13	077	Coweta County, GA	2008	NA	61411	57904	3507	5.7
CN1307900000000	13	079	Crawford County, GA	2008	NA	6278	5900	378	6
CN1308100000000	13	081	Crisp County, GA	2008	NA	10223	9437	786	7.7
CN1308300000000	13	083	Dade County, GA	2008	NA	8451	7972	479	5.7
CN1308500000000	13	085	Dawson County, GA	2008	NA	11376	10707	669	5.9
CN1308700000000	13	087	Decatur County, GA	2008	NA	12114	11190	924	7.6
CN1308900000000	13	089	DeKalb County, GA	2008	NA	392969	367914	25055	6.4
CN1309100000000	13	091	Dodge County, GA	2008	NA	9419	8788	631	6.7
CN1309300000000	13	093	Dooly County, GA	2008	NA	4805	4482	323	6.7
CN1309500000000	13	095	Dougherty County, GA	2008	NA	42288	39348	2940	7
CN1309700000000	13	097	Douglas County, GA	2008	NA	66368	62091	4277	6.4
CN1309900000000	13	099	Early County, GA	2008	NA	5524	5157	367	6.6
CN1310100000000	13	101	Echols County, GA	2008	NA	2217	2122	95	4.3
CN1310300000000	13	103	Effingham County, GA	2008	NA	29084	27683	1401	4.8
CN1310500000000	13	105	Elbert County, GA	2008	NA	10087	9246	841	8.3
CN1310700000000	13	107	Emanuel County, GA	2008	NA	10803	10007	796	7.4
CN1310900000000	13	109	Evans County, GA	2008	NA	5023	4707	316	6.3
CN1311100000000	13	111	Fannin County, GA	2008	NA	10959	10275	684	6.2
CN1311300000000	13	113	Fayette County, GA	2008	NA	53285	50498	2787	5.2
CN1311500000000	13	115	Floyd County, GA	2008	NA	50328	47077	3251	6.5
CN1311700000000	13	117	Forsyth County, GA	2008	NA	88509	84270	4239	4.8
CN1311900000000	13	119	Franklin County, GA	2008	NA	10465	9734	731	7
CN1312100000000	13	121	Fulton County, GA	2008	NA	497388	465380	32008	6.4
CN1312300000000	13	123	Gilmer County, GA	2008	NA	14116	13289	827	5.9
CN1312500000000	13	125	Glascock County, GA	2008	NA	1130	1053	77	6.8
CN1312700000000	13	127	Glynn County, GA	2008	NA	41495	39401	2094	5
CN1312900000000	13	129	Gordon County, GA	2008	NA	26642	24669	1973	7.4
CN1313100000000	13	131	Grady County, GA	2008	NA	11997	11278	719	6
CN1313300000000	13	133	Greene County, GA	2008	NA	7624	7107	517	6.8
CN1313500000000	13	135	Gwinnett County, GA	2008	NA	425860	402076	23784	5.6
CN1313700000000	13	137	Habersham County, GA	2008	NA	20854	19664	1190	5.7
CN1313900000000	13	139	Hall County, GA	2008	NA	93111	88082	5029	5.4
CN1314100000000	13	141	Hancock County, GA	2008	NA	3361	2924	437	13
CN1314300000000	13	143	Haralson County, GA	2008	NA	12951	12102	849	6.6
CN1314500000000	13	145	Harris County, GA	2008	NA	16428	15658	770	4.7
CN1314700000000	13	147	Hart County, GA	2008	NA	10704	9764	940	8.8
CN1314900000000	13	149	Heard County, GA	2008	NA	4962	4587	375	7.6
CN1315100000000	13	151	Henry County, GA	2008	NA	99348	93281	6067	6.1
CN1315300000000	13	153	Houston County, GA	2008	NA	69986	66343	3643	5.2
CN1315500000000	13	155	Irwin County, GA	2008	NA	4236	3816	420	9.9
CN1315700000000	13	157	Jackson County, GA	2008	NA	27695	25975	1720	6.2
CN1315900000000	13	159	Jasper County, GA	2008	NA	6617	6070	547	8.3
CN1316100000000	13	161	Jeff Davis County, GA	2008	NA	5313	4794	519	9.8
CN1316300000000	13	163	Jefferson County, GA	2008	NA	7180	6476	704	9.8
CN1316500000000	13	165	Jenkins County, GA	2008	NA	2864	2415	449	15.7
CN1316700000000	13	167	Johnson County, GA	2008	NA	3715	3419	296	8
CN1316900000000	13	169	Jones County, GA	2008	NA	14571	13733	838	5.8
CN1317100000000	13	171	Lamar County, GA	2008	NA	7962	7374	588	7.4
CN1317300000000	13	173	Lanier County, GA	2008	NA	4227	3982	245	5.8
CN1317500000000	13	175	Laurens County, GA	2008	NA	22440	20848	1592	7.1
CN1317700000000	13	177	Lee County, GA	2008	NA	18073	17260	813	4.5
CN1317900000000	13	179	Liberty County, GA	2008	NA	25479	23961	1518	6
CN1318100000000	13	181	Lincoln County, GA	2008	NA	3910	3633	277	7.1
CN1318300000000	13	183	Long County, GA	2008	NA	6521	6233	288	4.4
CN1318500000000	13	185	Lowndes County, GA	2008	NA	54974	51985	2989	5.4
CN1318700000000	13	187	Lumpkin County, GA	2008	NA	13460	12520	940	7
CN1318900000000	13	189	McDuffie County, GA	2008	NA	10794	9949	845	7.8
CN1319100000000	13	191	McIntosh County, GA	2008	NA	5469	5145	324	5.9
CN1319300000000	13	193	Macon County, GA	2008	NA	5154	4720	434	8.4
CN1319500000000	13	195	Madison County, GA	2008	NA	16325	15477	848	5.2
CN1319700000000	13	197	Marion County, GA	2008	NA	3338	3132	206	6.2
CN1319900000000	13	199	Meriwether County, GA	2008	NA	9662	8845	817	8.5
CN1320100000000	13	201	Miller County, GA	2008	NA	3600	3422	178	4.9
CN1320500000000	13	205	Mitchell County, GA	2008	NA	10571	9851	720	6.8
CN1320700000000	13	207	Monroe County, GA	2008	NA	13952	13164	788	5.6
CN1320900000000	13	209	Montgomery County, GA	2008	NA	4559	4226	333	7.3
CN1321100000000	13	211	Morgan County, GA	2008	NA	9626	9051	575	6
CN1321300000000	13	213	Murray County, GA	2008	NA	20422	18915	1507	7.4
CN1321500000000	13	215	Muscogee County, GA	2008	NA	86288	80960	5328	6.2
CN1321700000000	13	217	Newton County, GA	2008	NA	47716	44131	3585	7.5
CN1321900000000	13	219	Oconee County, GA	2008	NA	18886	18122	764	4
CN1322100000000	13	221	Oglethorpe County, GA	2008	NA	7986	7572	414	5.2
CN1322300000000	13	223	Paulding County, GA	2008	NA	68486	64420	4066	5.9
CN1322500000000	13	225	Peach County, GA	2008	NA	12172	11313	859	7.1
CN1322700000000	13	227	Pickens County, GA	2008	NA	15497	14575	922	5.9
CN1322900000000	13	229	Pierce County, GA	2008	NA	8710	8242	468	5.4
CN1323100000000	13	231	Pike County, GA	2008	NA	8264	7721	543	6.6
CN1323300000000	13	233	Polk County, GA	2008	NA	21500	20140	1360	6.3
CN1323500000000	13	235	Pulaski County, GA	2008	NA	4607	4362	245	5.3
CN1323700000000	13	237	Putnam County, GA	2008	NA	10496	9756	740	7.1
CN1323900000000	13	239	Quitman County, GA	2008	NA	1031	942	89	8.6
CN1324100000000	13	241	Rabun County, GA	2008	NA	6973	6530	443	6.4
CN1324300000000	13	243	Randolph County, GA	2008	NA	2790	2555	235	8.4
CN1324500000000	13	245	Richmond County, GA	2008	NA	92255	85658	6597	7.2
CN1324700000000	13	247	Rockdale County, GA	2008	NA	40840	38020	2820	6.9
CN1324900000000	13	249	Schley County, GA	2008	NA	1881	1756	125	6.6
CN1325100000000	13	251	Screven County, GA	2008	NA	7383	6805	578	7.8
CN1325300000000	13	253	Seminole County, GA	2008	NA	4105	3805	300	7.3
CN1325500000000	13	255	Spalding County, GA	2008	NA	28974	26522	2452	8.5
CN1325700000000	13	257	Stephens County, GA	2008	NA	13809	12954	855	6.2
CN1325900000000	13	259	Stewart County, GA	2008	NA	2322	2141	181	7.8
CN1326100000000	13	261	Sumter County, GA	2008	NA	14741	13612	1129	7.7
CN1326300000000	13	263	Talbot County, GA	2008	NA	3192	2982	210	6.6
CN1326500000000	13	265	Taliaferro County, GA	2008	NA	848	779	69	8.1
CN1326700000000	13	267	Tattnall County, GA	2008	NA	9279	8665	614	6.6
CN1326900000000	13	269	Taylor County, GA	2008	NA	3447	3190	257	7.5
CN1327100000000	13	271	Telfair County, GA	2008	NA	4713	4207	506	10.7
CN1327300000000	13	273	Terrell County, GA	2008	NA	4437	4144	293	6.6
CN1327500000000	13	275	Thomas County, GA	2008	NA	22221	20937	1284	5.8
CN1327700000000	13	277	Tift County, GA	2008	NA	19076	17720	1356	7.1
CN1327900000000	13	279	Toombs County, GA	2008	NA	14049	13043	1006	7.2
CN1328100000000	13	281	Towns County, GA	2008	NA	5831	5485	346	5.9
CN1328300000000	13	283	Treutlen County, GA	2008	NA	2891	2645	246	8.5
CN1328500000000	13	285	Troup County, GA	2008	NA	30594	28102	2492	8.1
CN1328700000000	13	287	Turner County, GA	2008	NA	4800	4411	389	8.1
CN1328900000000	13	289	Twiggs County, GA	2008	NA	4766	4436	330	6.9
CN1329100000000	13	291	Union County, GA	2008	NA	11173	10521	652	5.8
CN1329300000000	13	293	Upson County, GA	2008	NA	12032	11037	995	8.3
CN1329500000000	13	295	Walker County, GA	2008	NA	33436	31232	2204	6.6
CN1329700000000	13	297	Walton County, GA	2008	NA	42256	39554	2702	6.4
CN1329900000000	13	299	Ware County, GA	2008	NA	15255	14249	1006	6.6
CN1330100000000	13	301	Warren County, GA	2008	NA	2490	2235	255	10.2
CN1330300000000	13	303	Washington County, GA	2008	NA	8224	7577	647	7.9
CN1330500000000	13	305	Wayne County, GA	2008	NA	12251	11309	942	7.7
CN1330700000000	13	307	Webster County, GA	2008	NA	1307	1239	68	5.2
CN1330900000000	13	309	Wheeler County, GA	2008	NA	2932	2725	207	7.1
CN1331100000000	13	311	White County, GA	2008	NA	12672	11977	695	5.5
CN1331300000000	13	313	Whitfield County, GA	2008	NA	46317	42809	3508	7.6
CN1331500000000	13	315	Wilcox County, GA	2008	NA	3280	3010	270	8.2
CN1331700000000	13	317	Wilkes County, GA	2008	NA	4691	4302	389	8.3
CN1331900000000	13	319	Wilkinson County, GA	2008	NA	4763	4436	327	6.9
CN1332100000000	13	321	Worth County, GA	2008	NA	10253	9567	686	6.7
CN1500100000000	15	001	Hawaii County, HI	2008	NA	84886	79796	5090	6
CN1500300000000	15	003	Honolulu County/city, HI	2008	NA	443915	426832	17083	3.8
CN1500700000000	15	007	Kauai County, HI	2008	NA	32661	31077	1584	4.8
CN1500900000000	15	009	Maui County, HI	2008	NA	78229	74415	3814	4.9
CN1600100000000	16	001	Ada County, ID	2008	NA	196434	186848	9586	4.9
CN1600300000000	16	003	Adams County, ID	2008	NA	1913	1710	203	10.6
CN1600500000000	16	005	Bannock County, ID	2008	NA	39594	37716	1878	4.7
CN1600700000000	16	007	Bear Lake County, ID	2008	NA	3302	3192	110	3.3
CN1600900000000	16	009	Benewah County, ID	2008	NA	4080	3668	412	10.1
CN1601100000000	16	011	Bingham County, ID	2008	NA	22383	21482	901	4
CN1601300000000	16	013	Blaine County, ID	2008	NA	13726	13186	540	3.9
CN1601500000000	16	015	Boise County, ID	2008	NA	3482	3274	208	6
CN1601700000000	16	017	Bonner County, ID	2008	NA	20417	19063	1354	6.6
CN1601900000000	16	019	Bonneville County, ID	2008	NA	50146	48346	1800	3.6
CN1602100000000	16	021	Boundary County, ID	2008	NA	4589	4186	403	8.8
CN1602300000000	16	023	Butte County, ID	2008	NA	1369	1310	59	4.3
CN1602500000000	16	025	Camas County, ID	2008	NA	630	602	28	4.4
CN1602700000000	16	027	Canyon County, ID	2008	NA	84097	78638	5459	6.5
CN1602900000000	16	029	Caribou County, ID	2008	NA	3899	3755	144	3.7
CN1603100000000	16	031	Cassia County, ID	2008	NA	10986	10554	432	3.9
CN1603300000000	16	033	Clark County, ID	2008	NA	596	575	21	3.5
CN1603500000000	16	035	Clearwater County, ID	2008	NA	3217	2864	353	11
CN1603700000000	16	037	Custer County, ID	2008	NA	2438	2326	112	4.6
CN1603900000000	16	039	Elmore County, ID	2008	NA	11381	10735	646	5.7
CN1604100000000	16	041	Franklin County, ID	2008	NA	5690	5498	192	3.4
CN1604300000000	16	043	Fremont County, ID	2008	NA	5763	5477	286	5
CN1604500000000	16	045	Gem County, ID	2008	NA	7038	6535	503	7.1
CN1604700000000	16	047	Gooding County, ID	2008	NA	8735	8433	302	3.5
CN1604900000000	16	049	Idaho County, ID	2008	NA	7134	6591	543	7.6
CN1605100000000	16	051	Jefferson County, ID	2008	NA	11279	10847	432	3.8
CN1605300000000	16	053	Jerome County, ID	2008	NA	9966	9541	425	4.3
CN1605500000000	16	055	Kootenai County, ID	2008	NA	70769	66653	4116	5.8
CN1605700000000	16	057	Latah County, ID	2008	NA	17180	16453	727	4.2
CN1605900000000	16	059	Lemhi County, ID	2008	NA	3664	3413	251	6.9
CN1606100000000	16	061	Lewis County, ID	2008	NA	1688	1622	66	3.9
CN1606300000000	16	063	Lincoln County, ID	2008	NA	2570	2425	145	5.6
CN1606500000000	16	065	Madison County, ID	2008	NA	16673	16075	598	3.6
CN1606700000000	16	067	Minidoka County, ID	2008	NA	10078	9616	462	4.6
CN1606900000000	16	069	Nez Perce County, ID	2008	NA	18560	17706	854	4.6
CN1607100000000	16	071	Oneida County, ID	2008	NA	2304	2223	81	3.5
CN1607300000000	16	073	Owyhee County, ID	2008	NA	4363	4226	137	3.1
CN1607500000000	16	075	Payette County, ID	2008	NA	10446	9822	624	6
CN1607700000000	16	077	Power County, ID	2008	NA	3541	3353	188	5.3
CN1607900000000	16	079	Shoshone County, ID	2008	NA	6192	5671	521	8.4
CN1608100000000	16	081	Teton County, ID	2008	NA	5304	5149	155	2.9
CN1608300000000	16	083	Twin Falls County, ID	2008	NA	38108	36563	1545	4.1
CN1608500000000	16	085	Valley County, ID	2008	NA	4781	4350	431	9
CN1608700000000	16	087	Washington County, ID	2008	NA	4645	4376	269	5.8
CN1700100000000	17	001	Adams County, IL	2008	NA	38756	36907	1849	4.8
CN1700300000000	17	003	Alexander County, IL	2008	NA	3108	2814	294	9.5
CN1700500000000	17	005	Bond County, IL	2008	NA	8779	8196	583	6.6
CN1700700000000	17	007	Boone County, IL	2008	NA	26752	24270	2482	9.3
CN1700900000000	17	009	Brown County, IL	2008	NA	3537	3404	133	3.8
CN1701100000000	17	011	Bureau County, IL	2008	NA	19294	18126	1168	6.1
CN1701300000000	17	013	Calhoun County, IL	2008	NA	2578	2392	186	7.2
CN1701500000000	17	015	Carroll County, IL	2008	NA	8507	7955	552	6.5
CN1701700000000	17	017	Cass County, IL	2008	NA	7610	7210	400	5.3
CN1701900000000	17	019	Champaign County, IL	2008	NA	105661	99814	5847	5.5
CN1702100000000	17	021	Christian County, IL	2008	NA	17945	16778	1167	6.5
CN1702300000000	17	023	Clark County, IL	2008	NA	8588	7912	676	7.9
CN1702500000000	17	025	Clay County, IL	2008	NA	6766	6279	487	7.2
CN1702700000000	17	027	Clinton County, IL	2008	NA	19322	18143	1179	6.1
CN1702900000000	17	029	Coles County, IL	2008	NA	27740	26049	1691	6.1
CN1703100000000	17	031	Cook County, IL	2008	NA	2615675	2447178	168497	6.4
CN1703300000000	17	033	Crawford County, IL	2008	NA	9706	9072	634	6.5
CN1703500000000	17	035	Cumberland County, IL	2008	NA	5653	5250	403	7.1
CN1703700000000	17	037	DeKalb County, IL	2008	NA	60336	56851	3485	5.8
CN1703900000000	17	039	De Witt County, IL	2008	NA	8651	8141	510	5.9
CN1704100000000	17	041	Douglas County, IL	2008	NA	10467	9856	611	5.8
CN1704300000000	17	043	DuPage County, IL	2008	NA	529285	502976	26309	5
CN1704500000000	17	045	Edgar County, IL	2008	NA	10278	9571	707	6.9
CN1704700000000	17	047	Edwards County, IL	2008	NA	3284	3076	208	6.3
CN1704900000000	17	049	Effingham County, IL	2008	NA	18542	17528	1014	5.5
CN1705100000000	17	051	Fayette County, IL	2008	NA	10234	9435	799	7.8
CN1705300000000	17	053	Ford County, IL	2008	NA	7182	6746	436	6.1
CN1705500000000	17	055	Franklin County, IL	2008	NA	17928	16281	1647	9.2
CN1705700000000	17	057	Fulton County, IL	2008	NA	17958	16784	1174	6.5
CN1705900000000	17	059	Gallatin County, IL	2008	NA	2614	2405	209	8
CN1706100000000	17	061	Greene County, IL	2008	NA	6945	6530	415	6
CN1706300000000	17	063	Grundy County, IL	2008	NA	26237	24348	1889	7.2
CN1706500000000	17	065	Hamilton County, IL	2008	NA	4223	3935	288	6.8
CN1706700000000	17	067	Hancock County, IL	2008	NA	9859	9189	670	6.8
CN1706900000000	17	069	Hardin County, IL	2008	NA	1712	1554	158	9.2
CN1707100000000	17	071	Henderson County, IL	2008	NA	3909	3629	280	7.2
CN1707300000000	17	073	Henry County, IL	2008	NA	27596	25928	1668	6
CN1707500000000	17	075	Iroquois County, IL	2008	NA	16753	15643	1110	6.6
CN1707700000000	17	077	Jackson County, IL	2008	NA	32470	30647	1823	5.6
CN1707900000000	17	079	Jasper County, IL	2008	NA	5201	4864	337	6.5
CN1708100000000	17	081	Jefferson County, IL	2008	NA	20827	19542	1285	6.2
CN1708300000000	17	083	Jersey County, IL	2008	NA	11790	11045	745	6.3
CN1708500000000	17	085	Jo Daviess County, IL	2008	NA	13420	12676	744	5.5
CN1708700000000	17	087	Johnson County, IL	2008	NA	5121	4713	408	8
CN1708900000000	17	089	Kane County, IL	2008	NA	271767	255338	16429	6
CN1709100000000	17	091	Kankakee County, IL	2008	NA	55903	51242	4661	8.3
CN1709300000000	17	093	Kendall County, IL	2008	NA	59585	56150	3435	5.8
CN1709500000000	17	095	Knox County, IL	2008	NA	25565	23925	1640	6.4
CN1709700000000	17	097	Lake County, IL	2008	NA	371016	347350	23666	6.4
CN1709900000000	17	099	LaSalle County, IL	2008	NA	59085	54522	4563	7.7
CN1710100000000	17	101	Lawrence County, IL	2008	NA	8290	7682	608	7.3
CN1710300000000	17	103	Lee County, IL	2008	NA	18220	16977	1243	6.8
CN1710500000000	17	105	Livingston County, IL	2008	NA	19387	18258	1129	5.8
CN1710700000000	17	107	Logan County, IL	2008	NA	13397	12516	881	6.6
CN1710900000000	17	109	McDonough County, IL	2008	NA	16892	15972	920	5.4
CN1711100000000	17	111	McHenry County, IL	2008	NA	180529	170098	10431	5.8
CN1711300000000	17	113	McLean County, IL	2008	NA	90615	86181	4434	4.9
CN1711500000000	17	115	Macon County, IL	2008	NA	54586	50876	3710	6.8
CN1711700000000	17	117	Macoupin County, IL	2008	NA	24577	22762	1815	7.4
CN1711900000000	17	119	Madison County, IL	2008	NA	139675	130675	9000	6.4
CN1712100000000	17	121	Marion County, IL	2008	NA	18550	17022	1528	8.2
CN1712300000000	17	123	Marshall County, IL	2008	NA	7235	6844	391	5.4
CN1712500000000	17	125	Mason County, IL	2008	NA	7388	6811	577	7.8
CN1712700000000	17	127	Massac County, IL	2008	NA	7412	6893	519	7
CN1712900000000	17	129	Menard County, IL	2008	NA	6926	6547	379	5.5
CN1713100000000	17	131	Mercer County, IL	2008	NA	8928	8333	595	6.7
CN1713300000000	17	133	Monroe County, IL	2008	NA	18600	17638	962	5.2
CN1713500000000	17	135	Montgomery County, IL	2008	NA	13443	12295	1148	8.5
CN1713700000000	17	137	Morgan County, IL	2008	NA	17943	16859	1084	6
CN1713900000000	17	139	Moultrie County, IL	2008	NA	8014	7609	405	5.1
CN1714100000000	17	141	Ogle County, IL	2008	NA	27925	25786	2139	7.7
CN1714300000000	17	143	Peoria County, IL	2008	NA	98134	92524	5610	5.7
CN1714500000000	17	145	Perry County, IL	2008	NA	9578	8668	910	9.5
CN1714700000000	17	147	Piatt County, IL	2008	NA	8957	8518	439	4.9
CN1714900000000	17	149	Pike County, IL	2008	NA	8541	8049	492	5.8
CN1715100000000	17	151	Pope County, IL	2008	NA	1937	1777	160	8.3
CN1715300000000	17	153	Pulaski County, IL	2008	NA	2894	2628	266	9.2
CN1715500000000	17	155	Putnam County, IL	2008	NA	3206	2982	224	7
CN1715700000000	17	157	Randolph County, IL	2008	NA	15327	14324	1003	6.5
CN1715900000000	17	159	Richland County, IL	2008	NA	7529	7044	485	6.4
CN1716100000000	17	161	Rock Island County, IL	2008	NA	79328	74998	4330	5.5
CN1716300000000	17	163	St. Clair County, IL	2008	NA	125059	115708	9351	7.5
CN1716500000000	17	165	Saline County, IL	2008	NA	12526	11521	1005	8
CN1716700000000	17	167	Sangamon County, IL	2008	NA	107713	101724	5989	5.6
CN1716900000000	17	169	Schuyler County, IL	2008	NA	4346	4126	220	5.1
CN1717100000000	17	171	Scott County, IL	2008	NA	2737	2576	161	5.9
CN1717300000000	17	173	Shelby County, IL	2008	NA	11164	10443	721	6.5
CN1717500000000	17	175	Stark County, IL	2008	NA	2980	2792	188	6.3
CN1717700000000	17	177	Stephenson County, IL	2008	NA	25454	23742	1712	6.7
CN1717900000000	17	179	Tazewell County, IL	2008	NA	73747	69906	3841	5.2
CN1718100000000	17	181	Union County, IL	2008	NA	8331	7621	710	8.5
CN1718300000000	17	183	Vermilion County, IL	2008	NA	37389	34506	2883	7.7
CN1718500000000	17	185	Wabash County, IL	2008	NA	6128	5687	441	7.2
CN1718700000000	17	187	Warren County, IL	2008	NA	9250	8735	515	5.6
CN1718900000000	17	189	Washington County, IL	2008	NA	8337	7842	495	5.9
CN1719100000000	17	191	Wayne County, IL	2008	NA	8313	7790	523	6.3
CN1719300000000	17	193	White County, IL	2008	NA	7829	7333	496	6.3
CN1719500000000	17	195	Whiteside County, IL	2008	NA	30286	28251	2035	6.7
CN1719700000000	17	197	Will County, IL	2008	NA	365147	342981	22166	6.1
CN1719900000000	17	199	Williamson County, IL	2008	NA	35360	32921	2439	6.9
CN1720100000000	17	201	Winnebago County, IL	2008	NA	147735	135296	12439	8.4
CN1720300000000	17	203	Woodford County, IL	2008	NA	21724	20804	920	4.2
CN1800100000000	18	001	Adams County, IN	2008	NA	15521	14334	1187	7.6
CN1800300000000	18	003	Allen County, IN	2008	NA	181298	170481	10817	6
CN1800500000000	18	005	Bartholomew County, IN	2008	NA	39559	37724	1835	4.6
CN1800700000000	18	007	Benton County, IN	2008	NA	4405	4174	231	5.2
CN1800900000000	18	009	Blackford County, IN	2008	NA	6484	5989	495	7.6
CN1801100000000	18	011	Boone County, IN	2008	NA	28429	27197	1232	4.3
CN1801300000000	18	013	Brown County, IN	2008	NA	7587	7157	430	5.7
CN1801500000000	18	015	Carroll County, IN	2008	NA	10170	9573	597	5.9
CN1801700000000	18	017	Cass County, IN	2008	NA	18803	17623	1180	6.3
CN1801900000000	18	019	Clark County, IN	2008	NA	56064	53075	2989	5.3
CN1802100000000	18	021	Clay County, IN	2008	NA	12870	11959	911	7.1
CN1802300000000	18	023	Clinton County, IN	2008	NA	16879	15956	923	5.5
CN1802500000000	18	025	Crawford County, IN	2008	NA	5388	4983	405	7.5
CN1802700000000	18	027	Daviess County, IN	2008	NA	15202	14620	582	3.8
CN1802900000000	18	029	Dearborn County, IN	2008	NA	26244	24707	1537	5.9
CN1803100000000	18	031	Decatur County, IN	2008	NA	12681	11886	795	6.3
CN1803300000000	18	033	DeKalb County, IN	2008	NA	20618	19119	1499	7.3
CN1803500000000	18	035	Delaware County, IN	2008	NA	55469	51756	3713	6.7
CN1803700000000	18	037	Dubois County, IN	2008	NA	22293	21435	858	3.8
CN1803900000000	18	039	Elkhart County, IN	2008	NA	97832	89437	8395	8.6
CN1804100000000	18	041	Fayette County, IN	2008	NA	10078	8933	1145	11.4
CN1804300000000	18	043	Floyd County, IN	2008	NA	38348	36392	1956	5.1
CN1804500000000	18	045	Fountain County, IN	2008	NA	8652	8191	461	5.3
CN1804700000000	18	047	Franklin County, IN	2008	NA	11887	11104	783	6.6
CN1804900000000	18	049	Fulton County, IN	2008	NA	10276	9602	674	6.6
CN1805100000000	18	051	Gibson County, IN	2008	NA	16830	15956	874	5.2
CN1805300000000	18	053	Grant County, IN	2008	NA	32384	29924	2460	7.6
CN1805500000000	18	055	Greene County, IN	2008	NA	16012	15025	987	6.2
CN1805700000000	18	057	Hamilton County, IN	2008	NA	145147	139618	5529	3.8
CN1805900000000	18	059	Hancock County, IN	2008	NA	36422	34669	1753	4.8
CN1806100000000	18	061	Harrison County, IN	2008	NA	19652	18495	1157	5.9
CN1806300000000	18	063	Hendricks County, IN	2008	NA	74001	70815	3186	4.3
CN1806500000000	18	065	Henry County, IN	2008	NA	22721	21133	1588	7
CN1806700000000	18	067	Howard County, IN	2008	NA	37112	34221	2891	7.8
CN1806900000000	18	069	Huntington County, IN	2008	NA	20177	18830	1347	6.7
CN1807100000000	18	071	Jackson County, IN	2008	NA	21790	20629	1161	5.3
CN1807300000000	18	073	Jasper County, IN	2008	NA	15750	14832	918	5.8
CN1807500000000	18	075	Jay County, IN	2008	NA	11751	11070	681	5.8
CN1807700000000	18	077	Jefferson County, IN	2008	NA	16745	15727	1018	6.1
CN1807900000000	18	079	Jennings County, IN	2008	NA	13793	12806	987	7.2
CN1808100000000	18	081	Johnson County, IN	2008	NA	75191	71678	3513	4.7
CN1808300000000	18	083	Knox County, IN	2008	NA	20188	19172	1016	5
CN1808500000000	18	085	Kosciusko County, IN	2008	NA	42069	39317	2752	6.5
CN1808700000000	18	087	LaGrange County, IN	2008	NA	16600	15170	1430	8.6
CN1808900000000	18	089	Lake County, IN	2008	NA	228369	214202	14167	6.2
CN1809100000000	18	091	LaPorte County, IN	2008	NA	52700	49417	3283	6.2
CN1809300000000	18	093	Lawrence County, IN	2008	NA	22064	20234	1830	8.3
CN1809500000000	18	095	Madison County, IN	2008	NA	61422	57161	4261	6.9
CN1809700000000	18	097	Marion County, IN	2008	NA	463200	437123	26077	5.6
CN1809900000000	18	099	Marshall County, IN	2008	NA	23183	21490	1693	7.3
CN1810100000000	18	101	Martin County, IN	2008	NA	5144	4894	250	4.9
CN1810300000000	18	103	Miami County, IN	2008	NA	16602	15283	1319	7.9
CN1810500000000	18	105	Monroe County, IN	2008	NA	69809	66641	3168	4.5
CN1810700000000	18	107	Montgomery County, IN	2008	NA	19090	18148	942	4.9
CN1810900000000	18	109	Morgan County, IN	2008	NA	37519	35359	2160	5.8
CN1811100000000	18	111	Newton County, IN	2008	NA	6971	6535	436	6.3
CN1811300000000	18	113	Noble County, IN	2008	NA	22750	20822	1928	8.5
CN1811500000000	18	115	Ohio County, IN	2008	NA	3044	2855	189	6.2
CN1811700000000	18	117	Orange County, IN	2008	NA	10401	9738	663	6.4
CN1811900000000	18	119	Owen County, IN	2008	NA	11415	10685	730	6.4
CN1812100000000	18	121	Parke County, IN	2008	NA	8053	7568	485	6
CN1812300000000	18	123	Perry County, IN	2008	NA	9706	9204	502	5.2
CN1812500000000	18	125	Pike County, IN	2008	NA	6032	5692	340	5.6
CN1812700000000	18	127	Porter County, IN	2008	NA	84369	80333	4036	4.8
CN1812900000000	18	129	Posey County, IN	2008	NA	13361	12711	650	4.9
CN1813100000000	18	131	Pulaski County, IN	2008	NA	6799	6416	383	5.6
CN1813300000000	18	133	Putnam County, IN	2008	NA	17701	16510	1191	6.7
CN1813500000000	18	135	Randolph County, IN	2008	NA	12716	11839	877	6.9
CN1813700000000	18	137	Ripley County, IN	2008	NA	14051	13214	837	6
CN1813900000000	18	139	Rush County, IN	2008	NA	9232	8663	569	6.2
CN1814100000000	18	141	St. Joseph County, IN	2008	NA	132903	124176	8727	6.6
CN1814300000000	18	143	Scott County, IN	2008	NA	11099	10379	720	6.5
CN1814500000000	18	145	Shelby County, IN	2008	NA	23816	22421	1395	5.9
CN1814700000000	18	147	Spencer County, IN	2008	NA	10517	9985	532	5.1
CN1814900000000	18	149	Starke County, IN	2008	NA	10701	9871	830	7.8
CN1815100000000	18	151	Steuben County, IN	2008	NA	16177	14965	1212	7.5
CN1815300000000	18	153	Sullivan County, IN	2008	NA	8869	8275	594	6.7
CN1815500000000	18	155	Switzerland County, IN	2008	NA	5695	5408	287	5
CN1815700000000	18	157	Tippecanoe County, IN	2008	NA	83556	79617	3939	4.7
CN1815900000000	18	159	Tipton County, IN	2008	NA	7599	7049	550	7.2
CN1816100000000	18	161	Union County, IN	2008	NA	3603	3380	223	6.2
CN1816300000000	18	163	Vanderburgh County, IN	2008	NA	91482	86733	4749	5.2
CN1816500000000	18	165	Vermillion County, IN	2008	NA	7810	7245	565	7.2
CN1816700000000	18	167	Vigo County, IN	2008	NA	50403	47164	3239	6.4
CN1816900000000	18	169	Wabash County, IN	2008	NA	16541	15299	1242	7.5
CN1817100000000	18	171	Warren County, IN	2008	NA	4795	4598	197	4.1
CN1817300000000	18	173	Warrick County, IN	2008	NA	31044	29605	1439	4.6
CN1817500000000	18	175	Washington County, IN	2008	NA	14106	13169	937	6.6
CN1817700000000	18	177	Wayne County, IN	2008	NA	33280	30915	2365	7.1
CN1817900000000	18	179	Wells County, IN	2008	NA	14738	13907	831	5.6
CN1818100000000	18	181	White County, IN	2008	NA	12411	11694	717	5.8
CN1818300000000	18	183	Whitley County, IN	2008	NA	17877	16741	1136	6.4
CN1900100000000	19	001	Adair County, IA	2008	NA	4377	4199	178	4.1
CN1900300000000	19	003	Adams County, IA	2008	NA	2112	2022	90	4.3
CN1900500000000	19	005	Allamakee County, IA	2008	NA	7886	7376	510	6.5
CN1900700000000	19	007	Appanoose County, IA	2008	NA	6028	5695	333	5.5
CN1900900000000	19	009	Audubon County, IA	2008	NA	3229	3083	146	4.5
CN1901100000000	19	011	Benton County, IA	2008	NA	14425	13818	607	4.2
CN1901300000000	19	013	Black Hawk County, IA	2008	NA	73726	70684	3042	4.1
CN1901500000000	19	015	Boone County, IA	2008	NA	15658	15092	566	3.6
CN1901700000000	19	017	Bremer County, IA	2008	NA	13913	13416	497	3.6
CN1901900000000	19	019	Buchanan County, IA	2008	NA	11177	10718	459	4.1
CN1902100000000	19	021	Buena Vista County, IA	2008	NA	10629	10245	384	3.6
CN1902300000000	19	023	Butler County, IA	2008	NA	8502	8104	398	4.7
CN1902500000000	19	025	Calhoun County, IA	2008	NA	5284	5098	186	3.5
CN1902700000000	19	027	Carroll County, IA	2008	NA	12348	11993	355	2.9
CN1902900000000	19	029	Cass County, IA	2008	NA	7607	7255	352	4.6
CN1903100000000	19	031	Cedar County, IA	2008	NA	11324	10908	416	3.7
CN1903300000000	19	033	Cerro Gordo County, IA	2008	NA	25711	24476	1235	4.8
CN1903500000000	19	035	Cherokee County, IA	2008	NA	6493	6263	230	3.5
CN1903700000000	19	037	Chickasaw County, IA	2008	NA	6891	6550	341	4.9
CN1903900000000	19	039	Clarke County, IA	2008	NA	4908	4679	229	4.7
CN1904100000000	19	041	Clay County, IA	2008	NA	9728	9392	336	3.5
CN1904300000000	19	043	Clayton County, IA	2008	NA	9972	9423	549	5.5
CN1904500000000	19	045	Clinton County, IA	2008	NA	28110	26915	1195	4.3
CN1904700000000	19	047	Crawford County, IA	2008	NA	9391	9078	313	3.3
CN1904900000000	19	049	Dallas County, IA	2008	NA	33950	32834	1116	3.3
CN1905100000000	19	051	Davis County, IA	2008	NA	4069	3864	205	5
CN1905300000000	19	053	Decatur County, IA	2008	NA	4273	4109	164	3.8
CN1905500000000	19	055	Delaware County, IA	2008	NA	10841	10410	431	4
CN1905700000000	19	057	Des Moines County, IA	2008	NA	20878	19653	1225	5.9
CN1905900000000	19	059	Dickinson County, IA	2008	NA	9694	9265	429	4.4
CN1906100000000	19	061	Dubuque County, IA	2008	NA	52196	49895	2301	4.4
CN1906300000000	19	063	Emmet County, IA	2008	NA	5940	5703	237	4
CN1906500000000	19	065	Fayette County, IA	2008	NA	10930	10344	586	5.4
CN1906700000000	19	067	Floyd County, IA	2008	NA	8613	8106	507	5.9
CN1906900000000	19	069	Franklin County, IA	2008	NA	5848	5587	261	4.5
CN1907100000000	19	071	Fremont County, IA	2008	NA	3910	3733	177	4.5
CN1907300000000	19	073	Greene County, IA	2008	NA	5079	4879	200	3.9
CN1907500000000	19	075	Grundy County, IA	2008	NA	6875	6627	248	3.6
CN1907700000000	19	077	Guthrie County, IA	2008	NA	5797	5543	254	4.4
CN1907900000000	19	079	Hamilton County, IA	2008	NA	8578	8246	332	3.9
CN1908100000000	19	081	Hancock County, IA	2008	NA	5948	5566	382	6.4
CN1908300000000	19	083	Hardin County, IA	2008	NA	9265	8867	398	4.3
CN1908500000000	19	085	Harrison County, IA	2008	NA	7748	7420	328	4.2
CN1908700000000	19	087	Henry County, IA	2008	NA	10161	9613	548	5.4
CN1908900000000	19	089	Howard County, IA	2008	NA	5215	4968	247	4.7
CN1909100000000	19	091	Humboldt County, IA	2008	NA	5165	4974	191	3.7
CN1909300000000	19	093	Ida County, IA	2008	NA	4200	4037	163	3.9
CN1909500000000	19	095	Iowa County, IA	2008	NA	8658	8292	366	4.2
CN1909700000000	19	097	Jackson County, IA	2008	NA	11304	10715	589	5.2
CN1909900000000	19	099	Jasper County, IA	2008	NA	17742	16376	1366	7.7
CN1910100000000	19	101	Jefferson County, IA	2008	NA	8435	8056	379	4.5
CN1910300000000	19	103	Johnson County, IA	2008	NA	79270	76874	2396	3
CN1910500000000	19	105	Jones County, IA	2008	NA	10548	10073	475	4.5
CN1910700000000	19	107	Keokuk County, IA	2008	NA	5641	5383	258	4.6
CN1910900000000	19	109	Kossuth County, IA	2008	NA	9039	8679	360	4
CN1911100000000	19	111	Lee County, IA	2008	NA	17461	16312	1149	6.6
CN1911300000000	19	113	Linn County, IA	2008	NA	121196	116264	4932	4.1
CN1911500000000	19	115	Louisa County, IA	2008	NA	6374	6066	308	4.8
CN1911700000000	19	117	Lucas County, IA	2008	NA	4656	4463	193	4.1
CN1911900000000	19	119	Lyon County, IA	2008	NA	6830	6648	182	2.7
CN1912100000000	19	121	Madison County, IA	2008	NA	8330	7927	403	4.8
CN1912300000000	19	123	Mahaska County, IA	2008	NA	11816	11276	540	4.6
CN1912500000000	19	125	Marion County, IA	2008	NA	17807	17088	719	4
CN1912700000000	19	127	Marshall County, IA	2008	NA	20502	19442	1060	5.2
CN1912900000000	19	129	Mills County, IA	2008	NA	8110	7811	299	3.7
CN1913100000000	19	131	Mitchell County, IA	2008	NA	5761	5525	236	4.1
CN1913300000000	19	133	Monona County, IA	2008	NA	4614	4364	250	5.4
CN1913500000000	19	135	Monroe County, IA	2008	NA	4215	4026	189	4.5
CN1913700000000	19	137	Montgomery County, IA	2008	NA	5411	5099	312	5.8
CN1913900000000	19	139	Muscatine County, IA	2008	NA	23935	22878	1057	4.4
CN1914100000000	19	141	O'Brien County, IA	2008	NA	7798	7537	261	3.3
CN1914300000000	19	143	Osceola County, IA	2008	NA	3394	3263	131	3.9
CN1914500000000	19	145	Page County, IA	2008	NA	8154	7761	393	4.8
CN1914700000000	19	147	Palo Alto County, IA	2008	NA	5440	5208	232	4.3
CN1914900000000	19	149	Plymouth County, IA	2008	NA	14333	13851	482	3.4
CN1915100000000	19	151	Pocahontas County, IA	2008	NA	4239	4104	135	3.2
CN1915300000000	19	153	Polk County, IA	2008	NA	240951	231148	9803	4.1
CN1915500000000	19	155	Pottawattamie County, IA	2008	NA	48610	46542	2068	4.3
CN1915700000000	19	157	Poweshiek County, IA	2008	NA	10485	10004	481	4.6
CN1915900000000	19	159	Ringgold County, IA	2008	NA	2426	2315	111	4.6
CN1916100000000	19	161	Sac County, IA	2008	NA	5782	5566	216	3.7
CN1916300000000	19	163	Scott County, IA	2008	NA	90457	86607	3850	4.3
CN1916500000000	19	165	Shelby County, IA	2008	NA	7585	7352	233	3.1
CN1916700000000	19	167	Sioux County, IA	2008	NA	19727	19168	559	2.8
CN1916900000000	19	169	Story County, IA	2008	NA	48815	47260	1555	3.2
CN1917100000000	19	171	Tama County, IA	2008	NA	8941	8462	479	5.4
CN1917300000000	19	173	Taylor County, IA	2008	NA	3370	3234	136	4
CN1917500000000	19	175	Union County, IA	2008	NA	6710	6402	308	4.6
CN1917700000000	19	177	Van Buren County, IA	2008	NA	3950	3757	193	4.9
CN1917900000000	19	179	Wapello County, IA	2008	NA	18877	17925	952	5
CN1918100000000	19	181	Warren County, IA	2008	NA	25753	24771	982	3.8
CN1918300000000	19	183	Washington County, IA	2008	NA	12018	11526	492	4.1
CN1918500000000	19	185	Wayne County, IA	2008	NA	3246	3109	137	4.2
CN1918700000000	19	187	Webster County, IA	2008	NA	20058	19181	877	4.4
CN1918900000000	19	189	Winnebago County, IA	2008	NA	5922	5540	382	6.5
CN1919100000000	19	191	Winneshiek County, IA	2008	NA	12390	11851	539	4.4
CN1919300000000	19	193	Woodbury County, IA	2008	NA	55927	53765	2162	3.9
CN1919500000000	19	195	Worth County, IA	2008	NA	4576	4336	240	5.2
CN1919700000000	19	197	Wright County, IA	2008	NA	7113	6795	318	4.5
CN2000100000000	20	001	Allen County, KS	2008	NA	7408	7069	339	4.6
CN2000300000000	20	003	Anderson County, KS	2008	NA	4339	4130	209	4.8
CN2000500000000	20	005	Atchison County, KS	2008	NA	8854	8446	408	4.6
CN2000700000000	20	007	Barber County, KS	2008	NA	2754	2664	90	3.3
CN2000900000000	20	009	Barton County, KS	2008	NA	15624	15106	518	3.3
CN2001100000000	20	011	Bourbon County, KS	2008	NA	8517	8103	414	4.9
CN2001300000000	20	013	Brown County, KS	2008	NA	5558	5316	242	4.4
CN2001500000000	20	015	Butler County, KS	2008	NA	32739	31296	1443	4.4
CN2001700000000	20	017	Chase County, KS	2008	NA	1469	1408	61	4.2
CN2001900000000	20	019	Chautauqua County, KS	2008	NA	1860	1775	85	4.6
CN2002100000000	20	021	Cherokee County, KS	2008	NA	11210	10628	582	5.2
CN2002300000000	20	023	Cheyenne County, KS	2008	NA	1476	1429	47	3.2
CN2002500000000	20	025	Clark County, KS	2008	NA	1251	1211	40	3.2
CN2002700000000	20	027	Clay County, KS	2008	NA	5170	4993	177	3.4
CN2002900000000	20	029	Cloud County, KS	2008	NA	5581	5376	205	3.7
CN2003100000000	20	031	Coffey County, KS	2008	NA	5373	5118	255	4.7
CN2003300000000	20	033	Comanche County, KS	2008	NA	1112	1076	36	3.2
CN2003500000000	20	035	Cowley County, KS	2008	NA	18142	17333	809	4.5
CN2003700000000	20	037	Crawford County, KS	2008	NA	19905	18845	1060	5.3
CN2003900000000	20	039	Decatur County, KS	2008	NA	1784	1729	55	3.1
CN2004100000000	20	041	Dickinson County, KS	2008	NA	10715	10289	426	4
CN2004300000000	20	043	Doniphan County, KS	2008	NA	4487	4237	250	5.6
CN2004500000000	20	045	Douglas County, KS	2008	NA	61712	59114	2598	4.2
CN2004700000000	20	047	Edwards County, KS	2008	NA	1756	1707	49	2.8
CN2004900000000	20	049	Elk County, KS	2008	NA	1462	1379	83	5.7
CN2005100000000	20	051	Ellis County, KS	2008	NA	17372	16843	529	3
CN2005300000000	20	053	Ellsworth County, KS	2008	NA	3872	3744	128	3.3
CN2005500000000	20	055	Finney County, KS	2008	NA	19131	18452	679	3.5
CN2005700000000	20	057	Ford County, KS	2008	NA	18094	17544	550	3
CN2005900000000	20	059	Franklin County, KS	2008	NA	13782	13008	774	5.6
CN2006100000000	20	061	Geary County, KS	2008	NA	13568	12933	635	4.7
CN2006300000000	20	063	Gove County, KS	2008	NA	1516	1474	42	2.8
CN2006500000000	20	065	Graham County, KS	2008	NA	1520	1469	51	3.4
CN2006700000000	20	067	Grant County, KS	2008	NA	4002	3887	115	2.9
CN2006900000000	20	069	Gray County, KS	2008	NA	3323	3236	87	2.6
CN2007100000000	20	071	Greeley County, KS	2008	NA	731	703	28	3.8
CN2007300000000	20	073	Greenwood County, KS	2008	NA	3628	3436	192	5.3
CN2007500000000	20	075	Hamilton County, KS	2008	NA	1288	1244	44	3.4
CN2007700000000	20	077	Harper County, KS	2008	NA	3438	3328	110	3.2
CN2007900000000	20	079	Harvey County, KS	2008	NA	18086	17376	710	3.9
CN2008100000000	20	081	Haskell County, KS	2008	NA	2193	2133	60	2.7
CN2008300000000	20	083	Hodgeman County, KS	2008	NA	944	912	32	3.4
CN2008500000000	20	085	Jackson County, KS	2008	NA	6872	6476	396	5.8
CN2008700000000	20	087	Jefferson County, KS	2008	NA	9615	9109	506	5.3
CN2008900000000	20	089	Jewell County, KS	2008	NA	1950	1888	62	3.2
CN2009100000000	20	091	Johnson County, KS	2008	NA	301599	287691	13908	4.6
CN2009300000000	20	093	Kearny County, KS	2008	NA	2179	2105	74	3.4
CN2009500000000	20	095	Kingman County, KS	2008	NA	4490	4340	150	3.3
CN2009700000000	20	097	Kiowa County, KS	2008	NA	1433	1384	49	3.4
CN2009900000000	20	099	Labette County, KS	2008	NA	11469	10861	608	5.3
CN2010100000000	20	101	Lane County, KS	2008	NA	1098	1057	41	3.7
CN2010300000000	20	103	Leavenworth County, KS	2008	NA	32928	31016	1912	5.8
CN2010500000000	20	105	Lincoln County, KS	2008	NA	1933	1861	72	3.7
CN2010700000000	20	107	Linn County, KS	2008	NA	4639	4328	311	6.7
CN2010900000000	20	109	Logan County, KS	2008	NA	1659	1613	46	2.8
CN2011100000000	20	111	Lyon County, KS	2008	NA	18873	17767	1106	5.9
CN2011300000000	20	113	McPherson County, KS	2008	NA	16521	15927	594	3.6
CN2011500000000	20	115	Marion County, KS	2008	NA	6755	6505	250	3.7
CN2011700000000	20	117	Marshall County, KS	2008	NA	5977	5753	224	3.7
CN2011900000000	20	119	Meade County, KS	2008	NA	2404	2333	71	3
CN2012100000000	20	121	Miami County, KS	2008	NA	16316	15476	840	5.1
CN2012300000000	20	123	Mitchell County, KS	2008	NA	3570	3452	118	3.3
CN2012500000000	20	125	Montgomery County, KS	2008	NA	17971	16966	1005	5.6
CN2012700000000	20	127	Morris County, KS	2008	NA	2904	2764	140	4.8
CN2012900000000	20	129	Morton County, KS	2008	NA	1778	1728	50	2.8
CN2013100000000	20	131	Nemaha County, KS	2008	NA	5768	5587	181	3.1
CN2013300000000	20	133	Neosho County, KS	2008	NA	9216	8762	454	4.9
CN2013500000000	20	135	Ness County, KS	2008	NA	1822	1766	56	3.1
CN2013700000000	20	137	Norton County, KS	2008	NA	2819	2728	91	3.2
CN2013900000000	20	139	Osage County, KS	2008	NA	8510	7999	511	6
CN2014100000000	20	141	Osborne County, KS	2008	NA	2251	2174	77	3.4
CN2014300000000	20	143	Ottawa County, KS	2008	NA	3385	3261	124	3.7
CN2014500000000	20	145	Pawnee County, KS	2008	NA	3819	3697	122	3.2
CN2014700000000	20	147	Phillips County, KS	2008	NA	3066	2934	132	4.3
CN2014900000000	20	149	Pottawatomie County, KS	2008	NA	10778	10391	387	3.6
CN2015100000000	20	151	Pratt County, KS	2008	NA	5707	5510	197	3.5
CN2015300000000	20	153	Rawlins County, KS	2008	NA	1234	1191	43	3.5
CN2015500000000	20	155	Reno County, KS	2008	NA	34408	32990	1418	4.1
CN2015700000000	20	157	Republic County, KS	2008	NA	2968	2875	93	3.1
CN2015900000000	20	159	Rice County, KS	2008	NA	5843	5621	222	3.8
CN2016100000000	20	161	Riley County, KS	2008	NA	37328	36016	1312	3.5
CN2016300000000	20	163	Rooks County, KS	2008	NA	2692	2568	124	4.6
CN2016500000000	20	165	Rush County, KS	2008	NA	1709	1643	66	3.9
CN2016700000000	20	167	Russell County, KS	2008	NA	3611	3476	135	3.7
CN2016900000000	20	169	Saline County, KS	2008	NA	31537	30325	1212	3.8
CN2017100000000	20	171	Scott County, KS	2008	NA	2736	2663	73	2.7
CN2017300000000	20	173	Sedgwick County, KS	2008	NA	254830	243295	11535	4.5
CN2017500000000	20	175	Seward County, KS	2008	NA	11123	10774	349	3.1
CN2017700000000	20	177	Shawnee County, KS	2008	NA	92467	87810	4657	5
CN2017900000000	20	179	Sheridan County, KS	2008	NA	1570	1529	41	2.6
CN2018100000000	20	181	Sherman County, KS	2008	NA	3747	3630	117	3.1
CN2018300000000	20	183	Smith County, KS	2008	NA	2171	2084	87	4
CN2018500000000	20	185	Stafford County, KS	2008	NA	2157	2077	80	3.7
CN2018700000000	20	187	Stanton County, KS	2008	NA	1117	1080	37	3.3
CN2018900000000	20	189	Stevens County, KS	2008	NA	2292	2214	78	3.4
CN2019100000000	20	191	Sumner County, KS	2008	NA	11695	11154	541	4.6
CN2019300000000	20	193	Thomas County, KS	2008	NA	4233	4102	131	3.1
CN2019500000000	20	195	Trego County, KS	2008	NA	1872	1815	57	3
CN2019700000000	20	197	Wabaunsee County, KS	2008	NA	3708	3540	168	4.5
CN2019900000000	20	199	Wallace County, KS	2008	NA	850	809	41	4.8
CN2020100000000	20	201	Washington County, KS	2008	NA	3340	3219	121	3.6
CN2020300000000	20	203	Wichita County, KS	2008	NA	1266	1226	40	3.2
CN2020500000000	20	205	Wilson County, KS	2008	NA	5525	5215	310	5.6
CN2020700000000	20	207	Woodson County, KS	2008	NA	1674	1579	95	5.7
CN2020900000000	20	209	Wyandotte County, KS	2008	NA	71160	65407	5753	8.1
CN2100100000000	21	001	Adair County, KY	2008	NA	8853	8248	605	6.8
CN2100300000000	21	003	Allen County, KY	2008	NA	8367	7778	589	7
CN2100500000000	21	005	Anderson County, KY	2008	NA	10877	10182	695	6.4
CN2100700000000	21	007	Ballard County, KY	2008	NA	4134	3877	257	6.2
CN2100900000000	21	009	Barren County, KY	2008	NA	19414	18223	1191	6.1
CN2101100000000	21	011	Bath County, KY	2008	NA	5028	4579	449	8.9
CN2101300000000	21	013	Bell County, KY	2008	NA	9603	8751	852	8.9
CN2101500000000	21	015	Boone County, KY	2008	NA	62871	59447	3424	5.4
CN2101700000000	21	017	Bourbon County, KY	2008	NA	9550	8995	555	5.8
CN2101900000000	21	019	Boyd County, KY	2008	NA	22798	21456	1342	5.9
CN2102100000000	21	021	Boyle County, KY	2008	NA	12745	11885	860	6.7
CN2102300000000	21	023	Bracken County, KY	2008	NA	4243	3936	307	7.2
CN2102500000000	21	025	Breathitt County, KY	2008	NA	5619	5210	409	7.3
CN2102700000000	21	027	Breckinridge County, KY	2008	NA	9153	8471	682	7.5
CN2102900000000	21	029	Bullitt County, KY	2008	NA	39338	36604	2734	7
CN2103100000000	21	031	Butler County, KY	2008	NA	5458	5028	430	7.9
CN2103300000000	21	033	Caldwell County, KY	2008	NA	6661	6225	436	6.5
CN2103500000000	21	035	Calloway County, KY	2008	NA	17810	16774	1036	5.8
CN2103700000000	21	037	Campbell County, KY	2008	NA	44380	41696	2684	6
CN2103900000000	21	039	Carlisle County, KY	2008	NA	2270	2122	148	6.5
CN2104100000000	21	041	Carroll County, KY	2008	NA	5538	5125	413	7.5
CN2104300000000	21	043	Carter County, KY	2008	NA	13304	12219	1085	8.2
CN2104500000000	21	045	Casey County, KY	2008	NA	7125	6674	451	6.3
CN2104700000000	21	047	Christian County, KY	2008	NA	28973	26578	2395	8.3
CN2104900000000	21	049	Clark County, KY	2008	NA	17091	16008	1083	6.3
CN2105100000000	21	051	Clay County, KY	2008	NA	6798	6094	704	10.4
CN2105300000000	21	053	Clinton County, KY	2008	NA	4710	4405	305	6.5
CN2105500000000	21	055	Crittenden County, KY	2008	NA	4026	3763	263	6.5
CN2105700000000	21	057	Cumberland County, KY	2008	NA	2945	2715	230	7.8
CN2105900000000	21	059	Daviess County, KY	2008	NA	47303	44604	2699	5.7
CN2106100000000	21	061	Edmonson County, KY	2008	NA	5316	4915	401	7.5
CN2106300000000	21	063	Elliott County, KY	2008	NA	3143	2881	262	8.3
CN2106500000000	21	065	Estill County, KY	2008	NA	6164	5686	478	7.8
CN2106700000000	21	067	Fayette County, KY	2008	NA	150018	142748	7270	4.8
CN2106900000000	21	069	Fleming County, KY	2008	NA	6456	5992	464	7.2
CN2107100000000	21	071	Floyd County, KY	2008	NA	15268	14246	1022	6.7
CN2107300000000	21	073	Franklin County, KY	2008	NA	24787	23348	1439	5.8
CN2107500000000	21	075	Fulton County, KY	2008	NA	2711	2504	207	7.6
CN2107700000000	21	077	Gallatin County, KY	2008	NA	3916	3639	277	7.1
CN2107900000000	21	079	Garrard County, KY	2008	NA	7575	7080	495	6.5
CN2108100000000	21	081	Grant County, KY	2008	NA	12771	11881	890	7
CN2108300000000	21	083	Graves County, KY	2008	NA	15807	14718	1089	6.9
CN2108500000000	21	085	Grayson County, KY	2008	NA	11115	10010	1105	9.9
CN2108700000000	21	087	Green County, KY	2008	NA	5530	5105	425	7.7
CN2108900000000	21	089	Greenup County, KY	2008	NA	17499	16406	1093	6.2
CN2109100000000	21	091	Hancock County, KY	2008	NA	4191	3947	244	5.8
CN2109300000000	21	093	Hardin County, KY	2008	NA	47522	44570	2952	6.2
CN2109500000000	21	095	Harlan County, KY	2008	NA	10052	9162	890	8.9
CN2109700000000	21	097	Harrison County, KY	2008	NA	9261	8679	582	6.3
CN2109900000000	21	099	Hart County, KY	2008	NA	8237	7696	541	6.6
CN2110100000000	21	101	Henderson County, KY	2008	NA	22832	21439	1393	6.1
CN2110300000000	21	103	Henry County, KY	2008	NA	7767	7284	483	6.2
CN2110500000000	21	105	Hickman County, KY	2008	NA	2094	1947	147	7
CN2110700000000	21	107	Hopkins County, KY	2008	NA	23112	21422	1690	7.3
CN2110900000000	21	109	Jackson County, KY	2008	NA	4103	3639	464	11.3
CN2111100000000	21	111	Jefferson County, KY	2008	NA	355732	333279	22453	6.3
CN2111300000000	21	113	Jessamine County, KY	2008	NA	23019	21752	1267	5.5
CN2111500000000	21	115	Johnson County, KY	2008	NA	9498	8844	654	6.9
CN2111700000000	21	117	Kenton County, KY	2008	NA	83664	78687	4977	5.9
CN2111900000000	21	119	Knott County, KY	2008	NA	6280	5856	424	6.8
CN2112100000000	21	121	Knox County, KY	2008	NA	12731	11759	972	7.6
CN2112300000000	21	123	Larue County, KY	2008	NA	6962	6510	452	6.5
CN2112500000000	21	125	Laurel County, KY	2008	NA	26047	24326	1721	6.6
CN2112700000000	21	127	Lawrence County, KY	2008	NA	5870	5368	502	8.6
CN2112900000000	21	129	Lee County, KY	2008	NA	2676	2479	197	7.4
CN2113100000000	21	131	Leslie County, KY	2008	NA	3544	3251	293	8.3
CN2113300000000	21	133	Letcher County, KY	2008	NA	8700	8102	598	6.9
CN2113500000000	21	135	Lewis County, KY	2008	NA	5517	4991	526	9.5
CN2113700000000	21	137	Lincoln County, KY	2008	NA	10501	9718	783	7.5
CN2113900000000	21	139	Livingston County, KY	2008	NA	4717	4430	287	6.1
CN2114100000000	21	141	Logan County, KY	2008	NA	12367	11583	784	6.3
CN2114300000000	21	143	Lyon County, KY	2008	NA	3277	3027	250	7.6
CN2114500000000	21	145	McCracken County, KY	2008	NA	31062	29269	1793	5.8
CN2114700000000	21	147	McCreary County, KY	2008	NA	5709	5161	548	9.6
CN2114900000000	21	149	McLean County, KY	2008	NA	4555	4232	323	7.1
CN2115100000000	21	151	Madison County, KY	2008	NA	42850	40496	2354	5.5
CN2115300000000	21	153	Magoffin County, KY	2008	NA	4261	3805	456	10.7
CN2115500000000	21	155	Marion County, KY	2008	NA	10228	9570	658	6.4
CN2115700000000	21	157	Marshall County, KY	2008	NA	14718	13791	927	6.3
CN2115900000000	21	159	Martin County, KY	2008	NA	3512	3245	267	7.6
CN2116100000000	21	161	Mason County, KY	2008	NA	8777	8254	523	6
CN2116300000000	21	163	Meade County, KY	2008	NA	11518	10630	888	7.7
CN2116500000000	21	165	Menifee County, KY	2008	NA	2582	2327	255	9.9
CN2116700000000	21	167	Mercer County, KY	2008	NA	10453	9797	656	6.3
CN2116900000000	21	169	Metcalfe County, KY	2008	NA	4395	4088	307	7
CN2117100000000	21	171	Monroe County, KY	2008	NA	4741	4349	392	8.3
CN2117300000000	21	173	Montgomery County, KY	2008	NA	12230	11330	900	7.4
CN2117500000000	21	175	Morgan County, KY	2008	NA	4903	4427	476	9.7
CN2117700000000	21	177	Muhlenberg County, KY	2008	NA	13098	11979	1119	8.5
CN2117900000000	21	179	Nelson County, KY	2008	NA	21546	19976	1570	7.3
CN2118100000000	21	181	Nicholas County, KY	2008	NA	3078	2854	224	7.3
CN2118300000000	21	183	Ohio County, KY	2008	NA	12504	11706	798	6.4
CN2118500000000	21	185	Oldham County, KY	2008	NA	27753	26199	1554	5.6
CN2118700000000	21	187	Owen County, KY	2008	NA	5297	4954	343	6.5
CN2118900000000	21	189	Owsley County, KY	2008	NA	1528	1405	123	8
CN2119100000000	21	191	Pendleton County, KY	2008	NA	7296	6736	560	7.7
CN2119300000000	21	193	Perry County, KY	2008	NA	11184	10420	764	6.8
CN2119500000000	21	195	Pike County, KY	2008	NA	25688	24186	1502	5.8
CN2119700000000	21	197	Powell County, KY	2008	NA	5440	4974	466	8.6
CN2119900000000	21	199	Pulaski County, KY	2008	NA	27087	25265	1822	6.7
CN2120100000000	21	201	Robertson County, KY	2008	NA	984	924	60	6.1
CN2120300000000	21	203	Rockcastle County, KY	2008	NA	7221	6692	529	7.3
CN2120500000000	21	205	Rowan County, KY	2008	NA	12332	11592	740	6
CN2120700000000	21	207	Russell County, KY	2008	NA	8238	7635	603	7.3
CN2120900000000	21	209	Scott County, KY	2008	NA	22779	21542	1237	5.4
CN2121100000000	21	211	Shelby County, KY	2008	NA	21465	20235	1230	5.7
CN2121300000000	21	213	Simpson County, KY	2008	NA	9364	8764	600	6.4
CN2121500000000	21	215	Spencer County, KY	2008	NA	9172	8501	671	7.3
CN2121700000000	21	217	Taylor County, KY	2008	NA	13543	12723	820	6.1
CN2121900000000	21	219	Todd County, KY	2008	NA	5229	4857	372	7.1
CN2122100000000	21	221	Trigg County, KY	2008	NA	6246	5764	482	7.7
CN2122300000000	21	223	Trimble County, KY	2008	NA	4339	4024	315	7.3
CN2122500000000	21	225	Union County, KY	2008	NA	7654	7153	501	6.5
CN2122700000000	21	227	Warren County, KY	2008	NA	57842	54741	3101	5.4
CN2122900000000	21	229	Washington County, KY	2008	NA	5400	5009	391	7.2
CN2123100000000	21	231	Wayne County, KY	2008	NA	8389	7695	694	8.3
CN2123300000000	21	233	Webster County, KY	2008	NA	6403	5997	406	6.3
CN2123500000000	21	235	Whitley County, KY	2008	NA	15370	14241	1129	7.3
CN2123700000000	21	237	Wolfe County, KY	2008	NA	2313	2087	226	9.8
CN2123900000000	21	239	Woodford County, KY	2008	NA	13134	12508	626	4.8
CN2200100000000	22	001	Acadia Parish, LA	2008	NA	27106	25970	1136	4.2
CN2200300000000	22	003	Allen Parish, LA	2008	NA	8870	8316	554	6.2
CN2200500000000	22	005	Ascension Parish, LA	2008	NA	50938	48704	2234	4.4
CN2200700000000	22	007	Assumption Parish, LA	2008	NA	10671	10050	621	5.8
CN2200900000000	22	009	Avoyelles Parish, LA	2008	NA	16478	15485	993	6
CN2201100000000	22	011	Beauregard Parish, LA	2008	NA	14643	13843	800	5.5
CN2201300000000	22	013	Bienville Parish, LA	2008	NA	6185	5786	399	6.5
CN2201500000000	22	015	Bossier Parish, LA	2008	NA	54797	52337	2460	4.5
CN2201700000000	22	017	Caddo Parish, LA	2008	NA	121151	114249	6902	5.7
CN2201900000000	22	019	Calcasieu Parish, LA	2008	NA	94473	90245	4228	4.5
CN2202100000000	22	021	Caldwell Parish, LA	2008	NA	4581	4342	239	5.2
CN2202300000000	22	023	Cameron Parish, LA	2008	NA	3565	3407	158	4.4
CN2202500000000	22	025	Catahoula Parish, LA	2008	NA	4235	3949	286	6.8
CN2202700000000	22	027	Claiborne Parish, LA	2008	NA	6638	6223	415	6.3
CN2202900000000	22	029	Concordia Parish, LA	2008	NA	7635	7067	568	7.4
CN2203100000000	22	031	De Soto Parish, LA	2008	NA	11782	10937	845	7.2
CN2203300000000	22	033	East Baton Rouge Parish, LA	2008	NA	218827	208563	10264	4.7
CN2203500000000	22	035	East Carroll Parish, LA	2008	NA	3082	2757	325	10.5
CN2203700000000	22	037	East Feliciana Parish, LA	2008	NA	8190	7748	442	5.4
CN2203900000000	22	039	Evangeline Parish, LA	2008	NA	12588	11910	678	5.4
CN2204100000000	22	041	Franklin Parish, LA	2008	NA	7862	7264	598	7.6
CN2204300000000	22	043	Grant Parish, LA	2008	NA	8937	8463	474	5.3
CN2204500000000	22	045	Iberia Parish, LA	2008	NA	35239	33729	1510	4.3
CN2204700000000	22	047	Iberville Parish, LA	2008	NA	12522	11658	864	6.9
CN2204900000000	22	049	Jackson Parish, LA	2008	NA	6667	6339	328	4.9
CN2205100000000	22	051	Jefferson Parish, LA	2008	NA	217150	207481	9669	4.5
CN2205300000000	22	053	Jefferson Davis Parish, LA	2008	NA	15022	14419	603	4
CN2205500000000	22	055	Lafayette Parish, LA	2008	NA	113129	109279	3850	3.4
CN2205700000000	22	057	Lafourche Parish, LA	2008	NA	50148	48386	1762	3.5
CN2205900000000	22	059	LaSalle Parish, LA	2008	NA	6410	6151	259	4
CN2206100000000	22	061	Lincoln Parish, LA	2008	NA	19417	18356	1061	5.5
CN2206300000000	22	063	Livingston Parish, LA	2008	NA	58417	55863	2554	4.4
CN2206500000000	22	065	Madison Parish, LA	2008	NA	4685	4313	372	7.9
CN2206700000000	22	067	Morehouse Parish, LA	2008	NA	11885	10815	1070	9
CN2206900000000	22	069	Natchitoches Parish, LA	2008	NA	17347	16286	1061	6.1
CN2207100000000	22	071	Orleans Parish, LA	2008	NA	133877	125795	8082	6
CN2207300000000	22	073	Ouachita Parish, LA	2008	NA	71854	68131	3723	5.2
CN2207500000000	22	075	Plaquemines Parish, LA	2008	NA	8477	8076	401	4.7
CN2207700000000	22	077	Pointe Coupee Parish, LA	2008	NA	9660	9147	513	5.3
CN2207900000000	22	079	Rapides Parish, LA	2008	NA	62250	59372	2878	4.6
CN2208100000000	22	081	Red River Parish, LA	2008	NA	3505	3231	274	7.8
CN2208300000000	22	083	Richland Parish, LA	2008	NA	8899	8316	583	6.6
CN2208500000000	22	085	Sabine Parish, LA	2008	NA	9653	9170	483	5
CN2208700000000	22	087	St. Bernard Parish, LA	2008	NA	17556	16765	791	4.5
CN2208900000000	22	089	St. Charles Parish, LA	2008	NA	24794	23627	1167	4.7
CN2209100000000	22	091	St. Helena Parish, LA	2008	NA	4284	3903	381	8.9
CN2209300000000	22	093	St. James Parish, LA	2008	NA	9190	8505	685	7.5
CN2209500000000	22	095	St. John the Baptist Parish, LA	2008	NA	21176	19887	1289	6.1
CN2209700000000	22	097	St. Landry Parish, LA	2008	NA	38127	36090	2037	5.3
CN2209900000000	22	099	St. Martin Parish, LA	2008	NA	24286	23264	1022	4.2
CN2210100000000	22	101	St. Mary Parish, LA	2008	NA	23734	22573	1161	4.9
CN2210300000000	22	103	St. Tammany Parish, LA	2008	NA	111695	107230	4465	4
CN2210500000000	22	105	Tangipahoa Parish, LA	2008	NA	53318	50302	3016	5.7
CN2210700000000	22	107	Tensas Parish, LA	2008	NA	2133	1951	182	8.5
CN2210900000000	22	109	Terrebonne Parish, LA	2008	NA	56498	54376	2122	3.8
CN2211100000000	22	111	Union Parish, LA	2008	NA	10179	9618	561	5.5
CN2211300000000	22	113	Vermilion Parish, LA	2008	NA	24629	23547	1082	4.4
CN2211500000000	22	115	Vernon Parish, LA	2008	NA	20886	19869	1017	4.9
CN2211700000000	22	117	Washington Parish, LA	2008	NA	16067	15023	1044	6.5
CN2211900000000	22	119	Webster Parish, LA	2008	NA	20297	19026	1271	6.3
CN2212100000000	22	121	West Baton Rouge Parish, LA	2008	NA	10779	10246	533	4.9
CN2212300000000	22	123	West Carroll Parish, LA	2008	NA	4469	4002	467	10.4
CN2212500000000	22	125	West Feliciana Parish, LA	2008	NA	4803	4525	278	5.8
CN2212700000000	22	127	Winn Parish, LA	2008	NA	6499	6128	371	5.7
CN2300100000000	23	001	Androscoggin County, ME	2008	NA	58148	54929	3219	5.5
CN2300300000000	23	003	Aroostook County, ME	2008	NA	34952	32506	2446	7
CN2300500000000	23	005	Cumberland County, ME	2008	NA	157278	150651	6627	4.2
CN2300700000000	23	007	Franklin County, ME	2008	NA	14238	13229	1009	7.1
CN2300900000000	23	009	Hancock County, ME	2008	NA	29690	27891	1799	6.1
CN2301100000000	23	011	Kennebec County, ME	2008	NA	63377	60001	3376	5.3
CN2301300000000	23	013	Knox County, ME	2008	NA	20926	19821	1105	5.3
CN2301500000000	23	015	Lincoln County, ME	2008	NA	18319	17371	948	5.2
CN2301700000000	23	017	Oxford County, ME	2008	NA	28212	26254	1958	6.9
CN2301900000000	23	019	Penobscot County, ME	2008	NA	78814	74277	4537	5.8
CN2302100000000	23	021	Piscataquis County, ME	2008	NA	7401	6781	620	8.4
CN2302300000000	23	023	Sagadahoc County, ME	2008	NA	19055	18137	918	4.8
CN2302500000000	23	025	Somerset County, ME	2008	NA	24775	22814	1961	7.9
CN2302700000000	23	027	Waldo County, ME	2008	NA	19082	17893	1189	6.2
CN2302900000000	23	029	Washington County, ME	2008	NA	14516	13275	1241	8.5
CN2303100000000	23	031	York County, ME	2008	NA	112858	107347	5511	4.9
CN2400100000000	24	001	Allegany County, MD	2008	NA	35327	33330	1997	5.7
CN2400300000000	24	003	Anne Arundel County, MD	2008	NA	283135	272533	10602	3.7
CN2400500000000	24	005	Baltimore County, MD	2008	NA	430124	411253	18871	4.4
CN2400900000000	24	009	Calvert County, MD	2008	NA	48813	47130	1683	3.4
CN2401100000000	24	011	Caroline County, MD	2008	NA	16468	15590	878	5.3
CN2401300000000	24	013	Carroll County, MD	2008	NA	95024	91551	3473	3.7
CN2401500000000	24	015	Cecil County, MD	2008	NA	50885	48298	2587	5.1
CN2401700000000	24	017	Charles County, MD	2008	NA	77637	74846	2791	3.6
CN2401900000000	24	019	Dorchester County, MD	2008	NA	16636	15518	1118	6.7
CN2402100000000	24	021	Frederick County, MD	2008	NA	123410	118950	4460	3.6
CN2402300000000	24	023	Garrett County, MD	2008	NA	16788	15975	813	4.8
CN2402500000000	24	025	Harford County, MD	2008	NA	133271	127825	5446	4.1
CN2402700000000	24	027	Howard County, MD	2008	NA	161287	156349	4938	3.1
CN2402900000000	24	029	Kent County, MD	2008	NA	11024	10500	524	4.8
CN2403100000000	24	031	Montgomery County, MD	2008	NA	515987	499705	16282	3.2
CN2403300000000	24	033	Prince George's County, MD	2008	NA	450361	430909	19452	4.3
CN2403500000000	24	035	Queen Anne's County, MD	2008	NA	26645	25577	1068	4
CN2403700000000	24	037	St. Mary's County, MD	2008	NA	52100	50223	1877	3.6
CN2403900000000	24	039	Somerset County, MD	2008	NA	11263	10547	716	6.4
CN2404100000000	24	041	Talbot County, MD	2008	NA	19212	18411	801	4.2
CN2404300000000	24	043	Washington County, MD	2008	NA	67668	63919	3749	5.5
CN2404500000000	24	045	Wicomico County, MD	2008	NA	52749	50030	2719	5.2
CN2404700000000	24	047	Worcester County, MD	2008	NA	27586	25590	1996	7.2
CN2451000000000	24	510	Baltimore city, MD	2008	NA	278558	260431	18127	6.5
CN2500100000000	25	001	Barnstable County, MA	2008	NA	121682	114348	7334	6
CN2500300000000	25	003	Berkshire County, MA	2008	NA	72825	68940	3885	5.3
CN2500500000000	25	005	Bristol County, MA	2008	NA	290677	269445	21232	7.3
CN2500700000000	25	007	Dukes County, MA	2008	NA	11183	10703	480	4.3
CN2500900000000	25	009	Essex County, MA	2008	NA	377099	355000	22099	5.9
CN2501100000000	25	011	Franklin County, MA	2008	NA	38937	36919	2018	5.2
CN2501300000000	25	013	Hampden County, MA	2008	NA	224883	209843	15040	6.7
CN2501500000000	25	015	Hampshire County, MA	2008	NA	88410	84390	4020	4.5
CN2501700000000	25	017	Middlesex County, MA	2008	NA	824507	787161	37346	4.5
CN2501900000000	25	019	Nantucket County/town, MA	2008	NA	8398	8112	286	3.4
CN2502100000000	25	021	Norfolk County, MA	2008	NA	357635	340143	17492	4.9
CN2502300000000	25	023	Plymouth County, MA	2008	NA	261448	246149	15299	5.9
CN2502500000000	25	025	Suffolk County, MA	2008	NA	371840	351623	20217	5.4
CN2502700000000	25	027	Worcester County, MA	2008	NA	402921	378631	24290	6
CN2600100000000	26	001	Alcona County, MI	2008	NA	4288	3800	488	11.4
CN2600300000000	26	003	Alger County, MI	2008	NA	4281	3881	400	9.3
CN2600500000000	26	005	Allegan County, MI	2008	NA	55201	51149	4052	7.3
CN2600700000000	26	007	Alpena County, MI	2008	NA	14854	13547	1307	8.8
CN2600900000000	26	009	Antrim County, MI	2008	NA	11644	10560	1084	9.3
CN2601100000000	26	011	Arenac County, MI	2008	NA	7972	7154	818	10.3
CN2601300000000	26	013	Baraga County, MI	2008	NA	4264	3691	573	13.4
CN2601500000000	26	015	Barry County, MI	2008	NA	29945	28030	1915	6.4
CN2601700000000	26	017	Bay County, MI	2008	NA	54627	50516	4111	7.5
CN2601900000000	26	019	Benzie County, MI	2008	NA	8841	8053	788	8.9
CN2602100000000	26	021	Berrien County, MI	2008	NA	79589	73419	6170	7.8
CN2602300000000	26	023	Branch County, MI	2008	NA	21828	20010	1818	8.3
CN2602500000000	26	025	Calhoun County, MI	2008	NA	68837	63770	5067	7.4
CN2602700000000	26	027	Cass County, MI	2008	NA	26515	24748	1767	6.7
CN2602900000000	26	029	Charlevoix County, MI	2008	NA	14047	12700	1347	9.6
CN2603100000000	26	031	Cheboygan County, MI	2008	NA	12174	10825	1349	11.1
CN2603300000000	26	033	Chippewa County, MI	2008	NA	17239	15601	1638	9.5
CN2603500000000	26	035	Clare County, MI	2008	NA	12904	11428	1476	11.4
CN2603700000000	26	037	Clinton County, MI	2008	NA	37703	35506	2197	5.8
CN2603900000000	26	039	Crawford County, MI	2008	NA	6459	5864	595	9.2
CN2604100000000	26	041	Delta County, MI	2008	NA	19692	18067	1625	8.3
CN2604300000000	26	043	Dickinson County, MI	2008	NA	14416	13443	973	6.7
CN2604500000000	26	045	Eaton County, MI	2008	NA	58738	55143	3595	6.1
CN2604700000000	26	047	Emmet County, MI	2008	NA	19796	17874	1922	9.7
CN2604900000000	26	049	Genesee County, MI	2008	NA	202220	181895	20325	10.1
CN2605100000000	26	051	Gladwin County, MI	2008	NA	10451	9341	1110	10.6
CN2605300000000	26	053	Gogebic County, MI	2008	NA	7533	6900	633	8.4
CN2605500000000	26	055	Grand Traverse County, MI	2008	NA	48759	45204	3555	7.3
CN2605700000000	26	057	Gratiot County, MI	2008	NA	19368	17591	1777	9.2
CN2605900000000	26	059	Hillsdale County, MI	2008	NA	20879	18754	2125	10.2
CN2606100000000	26	061	Houghton County, MI	2008	NA	17402	16064	1338	7.7
CN2606300000000	26	063	Huron County, MI	2008	NA	16260	14826	1434	8.8
CN2606500000000	26	065	Ingham County, MI	2008	NA	152552	141990	10562	6.9
CN2606700000000	26	067	Ionia County, MI	2008	NA	30027	27549	2478	8.3
CN2606900000000	26	069	Iosco County, MI	2008	NA	10665	9522	1143	10.7
CN2607100000000	26	071	Iron County, MI	2008	NA	5838	5357	481	8.2
CN2607300000000	26	073	Isabella County, MI	2008	NA	38645	36364	2281	5.9
CN2607500000000	26	075	Jackson County, MI	2008	NA	76407	70110	6297	8.2
CN2607700000000	26	077	Kalamazoo County, MI	2008	NA	133981	125812	8169	6.1
CN2607900000000	26	079	Kalkaska County, MI	2008	NA	8522	7788	734	8.6
CN2608100000000	26	081	Kent County, MI	2008	NA	320177	298902	21275	6.6
CN2608300000000	26	083	Keweenaw County, MI	2008	NA	1062	948	114	10.7
CN2608500000000	26	085	Lake County, MI	2008	NA	3940	3501	439	11.1
CN2608700000000	26	087	Lapeer County, MI	2008	NA	43084	39013	4071	9.4
CN2608900000000	26	089	Leelanau County, MI	2008	NA	11142	10468	674	6
CN2609100000000	26	091	Lenawee County, MI	2008	NA	48629	43910	4719	9.7
CN2609300000000	26	093	Livingston County, MI	2008	NA	92641	86794	5847	6.3
CN2609500000000	26	095	Luce County, MI	2008	NA	2739	2489	250	9.1
CN2609700000000	26	097	Mackinac County, MI	2008	NA	6298	5573	725	11.5
CN2609900000000	26	099	Macomb County, MI	2008	NA	412613	378988	33625	8.1
CN2610100000000	26	101	Manistee County, MI	2008	NA	11714	10695	1019	8.7
CN2610300000000	26	103	Marquette County, MI	2008	NA	35904	33455	2449	6.8
CN2610500000000	26	105	Mason County, MI	2008	NA	14814	13582	1232	8.3
CN2610700000000	26	107	Mecosta County, MI	2008	NA	19706	18042	1664	8.4
CN2610900000000	26	109	Menominee County, MI	2008	NA	13069	12260	809	6.2
CN2611100000000	26	111	Midland County, MI	2008	NA	43191	40565	2626	6.1
CN2611300000000	26	113	Missaukee County, MI	2008	NA	6409	5753	656	10.2
CN2611500000000	26	115	Monroe County, MI	2008	NA	75916	69463	6453	8.5
CN2611700000000	26	117	Montcalm County, MI	2008	NA	26322	23353	2969	11.3
CN2611900000000	26	119	Montmorency County, MI	2008	NA	4010	3461	549	13.7
CN2612100000000	26	121	Muskegon County, MI	2008	NA	88699	81253	7446	8.4
CN2612300000000	26	123	Newaygo County, MI	2008	NA	22609	20609	2000	8.8
CN2612500000000	26	125	Oakland County, MI	2008	NA	609423	569123	40300	6.6
CN2612700000000	26	127	Oceana County, MI	2008	NA	14064	12626	1438	10.2
CN2612900000000	26	129	Ogemaw County, MI	2008	NA	9536	8665	871	9.1
CN2613100000000	26	131	Ontonagon County, MI	2008	NA	3274	2977	297	9.1
CN2613300000000	26	133	Osceola County, MI	2008	NA	9441	8564	877	9.3
CN2613500000000	26	135	Oscoda County, MI	2008	NA	3878	3391	487	12.6
CN2613700000000	26	137	Otsego County, MI	2008	NA	12024	10833	1191	9.9
CN2613900000000	26	139	Ottawa County, MI	2008	NA	134168	125097	9071	6.8
CN2614100000000	26	141	Presque Isle County, MI	2008	NA	6013	5205	808	13.4
CN2614300000000	26	143	Roscommon County, MI	2008	NA	10206	9096	1110	10.9
CN2614500000000	26	145	Saginaw County, MI	2008	NA	94273	86456	7817	8.3
CN2614700000000	26	147	St. Clair County, MI	2008	NA	81735	73777	7958	9.7
CN2614900000000	26	149	St. Joseph County, MI	2008	NA	30595	27988	2607	8.5
CN2615100000000	26	151	Sanilac County, MI	2008	NA	21151	18856	2295	10.9
CN2615300000000	26	153	Schoolcraft County, MI	2008	NA	3893	3461	432	11.1
CN2615500000000	26	155	Shiawassee County, MI	2008	NA	35335	31927	3408	9.6
CN2615700000000	26	157	Tuscola County, MI	2008	NA	27872	25098	2774	10
CN2615900000000	26	159	Van Buren County, MI	2008	NA	39934	36744	3190	8
CN2616100000000	26	161	Washtenaw County, MI	2008	NA	186421	175940	10481	5.6
CN2616300000000	26	163	Wayne County, MI	2008	NA	863865	783771	80094	9.3
CN2616500000000	26	165	Wexford County, MI	2008	NA	14319	12775	1544	10.8
CN2700100000000	27	001	Aitkin County, MN	2008	NA	7681	7061	620	8.1
CN2700300000000	27	003	Anoka County, MN	2008	NA	189874	179506	10368	5.5
CN2700500000000	27	005	Becker County, MN	2008	NA	16808	15672	1136	6.8
CN2700700000000	27	007	Beltrami County, MN	2008	NA	21196	19732	1464	6.9
CN2700900000000	27	009	Benton County, MN	2008	NA	23093	21694	1399	6.1
CN2701100000000	27	011	Big Stone County, MN	2008	NA	2803	2648	155	5.5
CN2701300000000	27	013	Blue Earth County, MN	2008	NA	37418	35772	1646	4.4
CN2701500000000	27	015	Brown County, MN	2008	NA	14903	14009	894	6
CN2701700000000	27	017	Carlton County, MN	2008	NA	17438	16277	1161	6.7
CN2701900000000	27	019	Carver County, MN	2008	NA	50504	48031	2473	4.9
CN2702100000000	27	021	Cass County, MN	2008	NA	14173	12954	1219	8.6
CN2702300000000	27	023	Chippewa County, MN	2008	NA	7136	6765	371	5.2
CN2702500000000	27	025	Chisago County, MN	2008	NA	27414	25545	1869	6.8
CN2702700000000	27	027	Clay County, MN	2008	NA	32244	31052	1192	3.7
CN2702900000000	27	029	Clearwater County, MN	2008	NA	4045	3582	463	11.4
CN2703100000000	27	031	Cook County, MN	2008	NA	3121	2947	174	5.6
CN2703300000000	27	033	Cottonwood County, MN	2008	NA	6290	5959	331	5.3
CN2703500000000	27	035	Crow Wing County, MN	2008	NA	32735	30464	2271	6.9
CN2703700000000	27	037	Dakota County, MN	2008	NA	230661	219354	11307	4.9
CN2703900000000	27	039	Dodge County, MN	2008	NA	11041	10467	574	5.2
CN2704100000000	27	041	Douglas County, MN	2008	NA	20363	19352	1011	5
CN2704300000000	27	043	Faribault County, MN	2008	NA	7750	7267	483	6.2
CN2704500000000	27	045	Fillmore County, MN	2008	NA	10970	10302	668	6.1
CN2704700000000	27	047	Freeborn County, MN	2008	NA	16347	15417	930	5.7
CN2704900000000	27	049	Goodhue County, MN	2008	NA	25137	23710	1427	5.7
CN2705100000000	27	051	Grant County, MN	2008	NA	3053	2838	215	7
CN2705300000000	27	053	Hennepin County, MN	2008	NA	656957	624644	32313	4.9
CN2705500000000	27	055	Houston County, MN	2008	NA	10910	10282	628	5.8
CN2705700000000	27	057	Hubbard County, MN	2008	NA	9562	8839	723	7.6
CN2705900000000	27	059	Isanti County, MN	2008	NA	21777	20273	1504	6.9
CN2706100000000	27	061	Itasca County, MN	2008	NA	22229	20478	1751	7.9
CN2706300000000	27	063	Jackson County, MN	2008	NA	6621	6343	278	4.2
CN2706500000000	27	065	Kanabec County, MN	2008	NA	8014	7192	822	10.3
CN2706700000000	27	067	Kandiyohi County, MN	2008	NA	23576	22408	1168	5
CN2706900000000	27	069	Kittson County, MN	2008	NA	2477	2337	140	5.7
CN2707100000000	27	071	Koochiching County, MN	2008	NA	6533	6030	503	7.7
CN2707300000000	27	073	Lac qui Parle County, MN	2008	NA	4113	3915	198	4.8
CN2707500000000	27	075	Lake County, MN	2008	NA	6169	5843	326	5.3
CN2707700000000	27	077	Lake of the Woods County, MN	2008	NA	2272	2135	137	6
CN2707900000000	27	079	Le Sueur County, MN	2008	NA	14362	13306	1056	7.4
CN2708100000000	27	081	Lincoln County, MN	2008	NA	3259	3094	165	5.1
CN2708300000000	27	083	Lyon County, MN	2008	NA	14557	13913	644	4.4
CN2708500000000	27	085	McLeod County, MN	2008	NA	20505	19266	1239	6
CN2708700000000	27	087	Mahnomen County, MN	2008	NA	2413	2239	174	7.2
CN2708900000000	27	089	Marshall County, MN	2008	NA	5168	4762	406	7.9
CN2709100000000	27	091	Martin County, MN	2008	NA	11492	10930	562	4.9
CN2709300000000	27	093	Meeker County, MN	2008	NA	12498	11673	825	6.6
CN2709500000000	27	095	Mille Lacs County, MN	2008	NA	12317	11203	1114	9
CN2709700000000	27	097	Morrison County, MN	2008	NA	17683	16346	1337	7.6
CN2709900000000	27	099	Mower County, MN	2008	NA	20449	19510	939	4.6
CN2710100000000	27	101	Murray County, MN	2008	NA	5431	5155	276	5.1
CN2710300000000	27	103	Nicollet County, MN	2008	NA	19842	18979	863	4.3
CN2710500000000	27	105	Nobles County, MN	2008	NA	11144	10681	463	4.2
CN2710700000000	27	107	Norman County, MN	2008	NA	3536	3337	199	5.6
CN2710900000000	27	109	Olmsted County, MN	2008	NA	79968	76415	3553	4.4
CN2711100000000	27	111	Otter Tail County, MN	2008	NA	29643	27837	1806	6.1
CN2711300000000	27	113	Pennington County, MN	2008	NA	8718	8100	618	7.1
CN2711500000000	27	115	Pine County, MN	2008	NA	14161	12950	1211	8.6
CN2711700000000	27	117	Pipestone County, MN	2008	NA	5615	5366	249	4.4
CN2711900000000	27	119	Polk County, MN	2008	NA	16893	16044	849	5
CN2712100000000	27	121	Pope County, MN	2008	NA	6093	5769	324	5.3
CN2712300000000	27	123	Ramsey County, MN	2008	NA	271843	257550	14293	5.3
CN2712500000000	27	125	Red Lake County, MN	2008	NA	2361	2174	187	7.9
CN2712700000000	27	127	Redwood County, MN	2008	NA	8089	7651	438	5.4
CN2712900000000	27	129	Renville County, MN	2008	NA	8682	8181	501	5.8
CN2713100000000	27	131	Rice County, MN	2008	NA	32732	30805	1927	5.9
CN2713300000000	27	133	Rock County, MN	2008	NA	4945	4754	191	3.9
CN2713500000000	27	135	Roseau County, MN	2008	NA	9562	9089	473	4.9
CN2713700000000	27	137	St. Louis County, MN	2008	NA	104443	97825	6618	6.3
CN2713900000000	27	139	Scott County, MN	2008	NA	74340	70646	3694	5
CN2714100000000	27	141	Sherburne County, MN	2008	NA	49592	46531	3061	6.2
CN2714300000000	27	143	Sibley County, MN	2008	NA	8650	8109	541	6.3
CN2714500000000	27	145	Stearns County, MN	2008	NA	83513	78874	4639	5.6
CN2714700000000	27	147	Steele County, MN	2008	NA	20797	19742	1055	5.1
CN2714900000000	27	149	Stevens County, MN	2008	NA	5626	5364	262	4.7
CN2715100000000	27	151	Swift County, MN	2008	NA	5223	4905	318	6.1
CN2715300000000	27	153	Todd County, MN	2008	NA	12194	11396	798	6.5
CN2715500000000	27	155	Traverse County, MN	2008	NA	1758	1662	96	5.5
CN2715700000000	27	157	Wabasha County, MN	2008	NA	12085	11476	609	5
CN2715900000000	27	159	Wadena County, MN	2008	NA	6506	5975	531	8.2
CN2716100000000	27	161	Waseca County, MN	2008	NA	10494	9928	566	5.4
CN2716300000000	27	163	Washington County, MN	2008	NA	129322	122858	6464	5
CN2716500000000	27	165	Watonwan County, MN	2008	NA	5470	5113	357	6.5
CN2716700000000	27	167	Wilkin County, MN	2008	NA	3490	3337	153	4.4
CN2716900000000	27	169	Winona County, MN	2008	NA	28929	27547	1382	4.8
CN2717100000000	27	171	Wright County, MN	2008	NA	67440	63324	4116	6.1
CN2717300000000	27	173	Yellow Medicine County, MN	2008	NA	5847	5550	297	5.1
CN2800100000000	28	001	Adams County, MS	2008	NA	13488	12614	874	6.5
CN2800300000000	28	003	Alcorn County, MS	2008	NA	15249	14091	1158	7.6
CN2800500000000	28	005	Amite County, MS	2008	NA	5211	4848	363	7
CN2800700000000	28	007	Attala County, MS	2008	NA	7304	6655	649	8.9
CN2800900000000	28	009	Benton County, MS	2008	NA	2883	2565	318	11
CN2801100000000	28	011	Bolivar County, MS	2008	NA	15271	13982	1289	8.4
CN2801300000000	28	013	Calhoun County, MS	2008	NA	5986	5458	528	8.8
CN2801500000000	28	015	Carroll County, MS	2008	NA	4895	4552	343	7
CN2801700000000	28	017	Chickasaw County, MS	2008	NA	7254	6478	776	10.7
CN2801900000000	28	019	Choctaw County, MS	2008	NA	3427	3157	270	7.9
CN2802100000000	28	021	Claiborne County, MS	2008	NA	3628	3240	388	10.7
CN2802300000000	28	023	Clarke County, MS	2008	NA	7024	6491	533	7.6
CN2802500000000	28	025	Clay County, MS	2008	NA	7319	6380	939	12.8
CN2802700000000	28	027	Coahoma County, MS	2008	NA	10173	9258	915	9
CN2802900000000	28	029	Copiah County, MS	2008	NA	12049	11192	857	7.1
CN2803100000000	28	031	Covington County, MS	2008	NA	8812	8292	520	5.9
CN2803300000000	28	033	DeSoto County, MS	2008	NA	78606	74957	3649	4.6
CN2803500000000	28	035	Forrest County, MS	2008	NA	36878	34810	2068	5.6
CN2803700000000	28	037	Franklin County, MS	2008	NA	3083	2853	230	7.5
CN2803900000000	28	039	George County, MS	2008	NA	9565	8860	705	7.4
CN2804100000000	28	041	Greene County, MS	2008	NA	4959	4512	447	9
CN2804300000000	28	043	Grenada County, MS	2008	NA	9595	8894	701	7.3
CN2804500000000	28	045	Hancock County, MS	2008	NA	18398	17379	1019	5.5
CN2804700000000	28	047	Harrison County, MS	2008	NA	86814	82117	4697	5.4
CN2804900000000	28	049	Hinds County, MS	2008	NA	116684	109822	6862	5.9
CN2805100000000	28	051	Holmes County, MS	2008	NA	7143	6223	920	12.9
CN2805300000000	28	053	Humphreys County, MS	2008	NA	4337	3919	418	9.6
CN2805500000000	28	055	Issaquena County, MS	2008	NA	687	628	59	8.6
CN2805700000000	28	057	Itawamba County, MS	2008	NA	10069	9263	806	8
CN2805900000000	28	059	Jackson County, MS	2008	NA	61569	58051	3518	5.7
CN2806100000000	28	061	Jasper County, MS	2008	NA	7514	6990	524	7
CN2806300000000	28	063	Jefferson County, MS	2008	NA	2801	2435	366	13.1
CN2806500000000	28	065	Jefferson Davis County, MS	2008	NA	5623	5238	385	6.8
CN2806700000000	28	067	Jones County, MS	2008	NA	30914	29315	1599	5.2
CN2806900000000	28	069	Kemper County, MS	2008	NA	4028	3702	326	8.1
CN2807100000000	28	071	Lafayette County, MS	2008	NA	22246	21088	1158	5.2
CN2807300000000	28	073	Lamar County, MS	2008	NA	24035	22919	1116	4.6
CN2807500000000	28	075	Lauderdale County, MS	2008	NA	33549	31308	2241	6.7
CN2807700000000	28	077	Lawrence County, MS	2008	NA	5324	4914	410	7.7
CN2807900000000	28	079	Leake County, MS	2008	NA	8448	7883	565	6.7
CN2808100000000	28	081	Lee County, MS	2008	NA	37843	35249	2594	6.9
CN2808300000000	28	083	Leflore County, MS	2008	NA	13525	12340	1185	8.8
CN2808500000000	28	085	Lincoln County, MS	2008	NA	14126	13113	1013	7.2
CN2808700000000	28	087	Lowndes County, MS	2008	NA	25896	23939	1957	7.6
CN2808900000000	28	089	Madison County, MS	2008	NA	46205	43861	2344	5.1
CN2809100000000	28	091	Marion County, MS	2008	NA	10408	9685	723	6.9
CN2809300000000	28	093	Marshall County, MS	2008	NA	15378	14145	1233	8
CN2809500000000	28	095	Monroe County, MS	2008	NA	15864	14341	1523	9.6
CN2809700000000	28	097	Montgomery County, MS	2008	NA	4492	4104	388	8.6
CN2809900000000	28	099	Neshoba County, MS	2008	NA	14097	13349	748	5.3
CN2810100000000	28	101	Newton County, MS	2008	NA	9450	8838	612	6.5
CN2810300000000	28	103	Noxubee County, MS	2008	NA	3813	3297	516	13.5
CN2810500000000	28	105	Oktibbeha County, MS	2008	NA	20458	19193	1265	6.2
CN2810700000000	28	107	Panola County, MS	2008	NA	14715	13492	1223	8.3
CN2810900000000	28	109	Pearl River County, MS	2008	NA	21457	20042	1415	6.6
CN2811100000000	28	111	Perry County, MS	2008	NA	5080	4669	411	8.1
CN2811300000000	28	113	Pike County, MS	2008	NA	15703	14616	1087	6.9
CN2811500000000	28	115	Pontotoc County, MS	2008	NA	13262	12247	1015	7.7
CN2811700000000	28	117	Prentiss County, MS	2008	NA	11167	10275	892	8
CN2811900000000	28	119	Quitman County, MS	2008	NA	3618	3301	317	8.8
CN2812100000000	28	121	Rankin County, MS	2008	NA	73879	70829	3050	4.1
CN2812300000000	28	123	Scott County, MS	2008	NA	13486	12817	669	5
CN2812500000000	28	125	Sharkey County, MS	2008	NA	2484	2274	210	8.5
CN2812700000000	28	127	Simpson County, MS	2008	NA	11603	10925	678	5.8
CN2812900000000	28	129	Smith County, MS	2008	NA	6495	6079	416	6.4
CN2813100000000	28	131	Stone County, MS	2008	NA	7782	7334	448	5.8
CN2813300000000	28	133	Sunflower County, MS	2008	NA	10660	9575	1085	10.2
CN2813500000000	28	135	Tallahatchie County, MS	2008	NA	5986	5491	495	8.3
CN2813700000000	28	137	Tate County, MS	2008	NA	11807	11020	787	6.7
CN2813900000000	28	139	Tippah County, MS	2008	NA	8800	7927	873	9.9
CN2814100000000	28	141	Tishomingo County, MS	2008	NA	7937	7240	697	8.8
CN2814300000000	28	143	Tunica County, MS	2008	NA	4431	3966	465	10.5
CN2814500000000	28	145	Union County, MS	2008	NA	11966	11136	830	6.9
CN2814700000000	28	147	Walthall County, MS	2008	NA	5884	5465	419	7.1
CN2814900000000	28	149	Warren County, MS	2008	NA	22552	21133	1419	6.3
CN2815100000000	28	151	Washington County, MS	2008	NA	22335	20244	2091	9.4
CN2815300000000	28	153	Wayne County, MS	2008	NA	8566	7929	637	7.4
CN2815500000000	28	155	Webster County, MS	2008	NA	3416	3103	313	9.2
CN2815700000000	28	157	Wilkinson County, MS	2008	NA	3699	3407	292	7.9
CN2815900000000	28	159	Winston County, MS	2008	NA	8034	7438	596	7.4
CN2816100000000	28	161	Yalobusha County, MS	2008	NA	5442	4978	464	8.5
CN2816300000000	28	163	Yazoo County, MS	2008	NA	10130	9252	878	8.7
CN2900100000000	29	001	Adair County, MO	2008	NA	13601	12885	716	5.3
CN2900300000000	29	003	Andrew County, MO	2008	NA	9991	9512	479	4.8
CN2900500000000	29	005	Atchison County, MO	2008	NA	3215	3062	153	4.8
CN2900700000000	29	007	Audrain County, MO	2008	NA	12396	11623	773	6.2
CN2900900000000	29	009	Barry County, MO	2008	NA	17789	16812	977	5.5
CN2901100000000	29	011	Barton County, MO	2008	NA	5322	4826	496	9.3
CN2901300000000	29	013	Bates County, MO	2008	NA	7858	7296	562	7.2
CN2901500000000	29	015	Benton County, MO	2008	NA	8355	7779	576	6.9
CN2901700000000	29	017	Bollinger County, MO	2008	NA	5587	5212	375	6.7
CN2901900000000	29	019	Boone County, MO	2008	NA	86871	83038	3833	4.4
CN2902100000000	29	021	Buchanan County, MO	2008	NA	48673	46134	2539	5.2
CN2902300000000	29	023	Butler County, MO	2008	NA	21858	20504	1354	6.2
CN2902500000000	29	025	Caldwell County, MO	2008	NA	4320	4030	290	6.7
CN2902700000000	29	027	Callaway County, MO	2008	NA	22636	21419	1217	5.4
CN2902900000000	29	029	Camden County, MO	2008	NA	22440	21034	1406	6.3
CN2903100000000	29	031	Cape Girardeau County, MO	2008	NA	38455	36469	1986	5.2
CN2903300000000	29	033	Carroll County, MO	2008	NA	5046	4688	358	7.1
CN2903500000000	29	035	Carter County, MO	2008	NA	2970	2756	214	7.2
CN2903700000000	29	037	Cass County, MO	2008	NA	50270	47276	2994	6
CN2903900000000	29	039	Cedar County, MO	2008	NA	6455	6033	422	6.5
CN2904100000000	29	041	Chariton County, MO	2008	NA	3979	3734	245	6.2
CN2904300000000	29	043	Christian County, MO	2008	NA	39985	37970	2015	5
CN2904500000000	29	045	Clark County, MO	2008	NA	3551	3333	218	6.1
CN2904700000000	29	047	Clay County, MO	2008	NA	116877	110846	6031	5.2
CN2904900000000	29	049	Clinton County, MO	2008	NA	10350	9736	614	5.9
CN2905100000000	29	051	Cole County, MO	2008	NA	40105	38301	1804	4.5
CN2905300000000	29	053	Cooper County, MO	2008	NA	9222	8692	530	5.7
CN2905500000000	29	055	Crawford County, MO	2008	NA	12086	11107	979	8.1
CN2905700000000	29	057	Dade County, MO	2008	NA	3570	3346	224	6.3
CN2905900000000	29	059	Dallas County, MO	2008	NA	7396	6833	563	7.6
CN2906100000000	29	061	Daviess County, MO	2008	NA	3922	3712	210	5.4
CN2906300000000	29	063	DeKalb County, MO	2008	NA	5166	4841	325	6.3
CN2906500000000	29	065	Dent County, MO	2008	NA	6821	6299	522	7.7
CN2906700000000	29	067	Douglas County, MO	2008	NA	6038	5629	409	6.8
CN2906900000000	29	069	Dunklin County, MO	2008	NA	14303	13170	1133	7.9
CN2907100000000	29	071	Franklin County, MO	2008	NA	52866	48907	3959	7.5
CN2907300000000	29	073	Gasconade County, MO	2008	NA	7891	7289	602	7.6
CN2907500000000	29	075	Gentry County, MO	2008	NA	3482	3325	157	4.5
CN2907700000000	29	077	Greene County, MO	2008	NA	139388	132293	7095	5.1
CN2907900000000	29	079	Grundy County, MO	2008	NA	4930	4655	275	5.6
CN2908100000000	29	081	Harrison County, MO	2008	NA	4570	4346	224	4.9
CN2908300000000	29	083	Henry County, MO	2008	NA	10899	10169	730	6.7
CN2908500000000	29	085	Hickory County, MO	2008	NA	3452	3118	334	9.7
CN2908700000000	29	087	Holt County, MO	2008	NA	2759	2621	138	5
CN2908900000000	29	089	Howard County, MO	2008	NA	5105	4800	305	6
CN2909100000000	29	091	Howell County, MO	2008	NA	19855	18729	1126	5.7
CN2909300000000	29	093	Iron County, MO	2008	NA	5731	5406	325	5.7
CN2909500000000	29	095	Jackson County, MO	2008	NA	333855	310717	23138	6.9
CN2909700000000	29	097	Jasper County, MO	2008	NA	56721	53747	2974	5.2
CN2909900000000	29	099	Jefferson County, MO	2008	NA	116350	108378	7972	6.9
CN2910100000000	29	101	Johnson County, MO	2008	NA	26490	25088	1402	5.3
CN2910300000000	29	103	Knox County, MO	2008	NA	2360	2250	110	4.7
CN2910500000000	29	105	Laclede County, MO	2008	NA	17873	16516	1357	7.6
CN2910700000000	29	107	Lafayette County, MO	2008	NA	16374	15371	1003	6.1
CN2910900000000	29	109	Lawrence County, MO	2008	NA	19405	18465	940	4.8
CN2911100000000	29	111	Lewis County, MO	2008	NA	5526	5259	267	4.8
CN2911300000000	29	113	Lincoln County, MO	2008	NA	27016	24901	2115	7.8
CN2911500000000	29	115	Linn County, MO	2008	NA	6531	6077	454	7
CN2911700000000	29	117	Livingston County, MO	2008	NA	7103	6736	367	5.2
CN2911900000000	29	119	McDonald County, MO	2008	NA	11033	10491	542	4.9
CN2912100000000	29	121	Macon County, MO	2008	NA	7851	7382	469	6
CN2912300000000	29	123	Madison County, MO	2008	NA	6174	5797	377	6.1
CN2912500000000	29	125	Maries County, MO	2008	NA	4788	4488	300	6.3
CN2912700000000	29	127	Marion County, MO	2008	NA	14705	13875	830	5.6
CN2912900000000	29	129	Mercer County, MO	2008	NA	1834	1746	88	4.8
CN2913100000000	29	131	Miller County, MO	2008	NA	13191	12304	887	6.7
CN2913300000000	29	133	Mississippi County, MO	2008	NA	5820	5397	423	7.3
CN2913500000000	29	135	Moniteau County, MO	2008	NA	7419	7010	409	5.5
CN2913700000000	29	137	Monroe County, MO	2008	NA	4344	4041	303	7
CN2913900000000	29	139	Montgomery County, MO	2008	NA	6124	5685	439	7.2
CN2914100000000	29	141	Morgan County, MO	2008	NA	9344	8640	704	7.5
CN2914300000000	29	143	New Madrid County, MO	2008	NA	8920	8283	637	7.1
CN2914500000000	29	145	Newton County, MO	2008	NA	27618	26088	1530	5.5
CN2914700000000	29	147	Nodaway County, MO	2008	NA	12871	12328	543	4.2
CN2914900000000	29	149	Oregon County, MO	2008	NA	4574	4306	268	5.9
CN2915100000000	29	151	Osage County, MO	2008	NA	7408	6952	456	6.2
CN2915300000000	29	153	Ozark County, MO	2008	NA	4408	4141	267	6.1
CN2915500000000	29	155	Pemiscot County, MO	2008	NA	8253	7640	613	7.4
CN2915700000000	29	157	Perry County, MO	2008	NA	10440	9955	485	4.6
CN2915900000000	29	159	Pettis County, MO	2008	NA	21241	19923	1318	6.2
CN2916100000000	29	161	Phelps County, MO	2008	NA	22217	20916	1301	5.9
CN2916300000000	29	163	Pike County, MO	2008	NA	9208	8680	528	5.7
CN2916500000000	29	165	Platte County, MO	2008	NA	48640	46299	2341	4.8
CN2916700000000	29	167	Polk County, MO	2008	NA	14092	13235	857	6.1
CN2916900000000	29	169	Pulaski County, MO	2008	NA	19672	18544	1128	5.7
CN2917100000000	29	171	Putnam County, MO	2008	NA	2507	2371	136	5.4
CN2917300000000	29	173	Ralls County, MO	2008	NA	5693	5389	304	5.3
CN2917500000000	29	175	Randolph County, MO	2008	NA	13226	12420	806	6.1
CN2917700000000	29	177	Ray County, MO	2008	NA	11336	10615	721	6.4
CN2917900000000	29	179	Reynolds County, MO	2008	NA	2688	2491	197	7.3
CN2918100000000	29	181	Ripley County, MO	2008	NA	6730	6276	454	6.7
CN2918300000000	29	183	St. Charles County, MO	2008	NA	193994	183405	10589	5.5
CN2918500000000	29	185	St. Clair County, MO	2008	NA	4252	3951	301	7.1
CN2918600000000	29	186	Ste. Genevieve County, MO	2008	NA	10080	9486	594	5.9
CN2918700000000	29	187	St. Francois County, MO	2008	NA	30146	28012	2134	7.1
CN2918900000000	29	189	St. Louis County, MO	2008	NA	518471	487113	31358	6
CN2919500000000	29	195	Saline County, MO	2008	NA	11475	10819	656	5.7
CN2919700000000	29	197	Schuyler County, MO	2008	NA	2164	2025	139	6.4
CN2919900000000	29	199	Scotland County, MO	2008	NA	2553	2384	169	6.6
CN2920100000000	29	201	Scott County, MO	2008	NA	19859	18554	1305	6.6
CN2920300000000	29	203	Shannon County, MO	2008	NA	3726	3433	293	7.9
CN2920500000000	29	205	Shelby County, MO	2008	NA	3322	3146	176	5.3
CN2920700000000	29	207	Stoddard County, MO	2008	NA	15408	14246	1162	7.5
CN2920900000000	29	209	Stone County, MO	2008	NA	16531	15241	1290	7.8
CN2921100000000	29	211	Sullivan County, MO	2008	NA	3510	3308	202	5.8
CN2921300000000	29	213	Taney County, MO	2008	NA	28290	26111	2179	7.7
CN2921500000000	29	215	Texas County, MO	2008	NA	11182	10405	777	6.9
CN2921700000000	29	217	Vernon County, MO	2008	NA	9999	9437	562	5.6
CN2921900000000	29	219	Warren County, MO	2008	NA	16538	15302	1236	7.5
CN2922100000000	29	221	Washington County, MO	2008	NA	10094	9060	1034	10.2
CN2922300000000	29	223	Wayne County, MO	2008	NA	5847	5452	395	6.8
CN2922500000000	29	225	Webster County, MO	2008	NA	16778	15824	954	5.7
CN2922700000000	29	227	Worth County, MO	2008	NA	1146	1083	63	5.5
CN2922900000000	29	229	Wright County, MO	2008	NA	8211	7617	594	7.2
CN2951000000000	29	510	St. Louis city, MO	2008	NA	156914	144629	12285	7.8
CN3000100000000	30	001	Beaverhead County, MT	2008	NA	5128	4918	210	4.1
CN3000300000000	30	003	Big Horn County, MT	2008	NA	5208	4778	430	8.3
CN3000500000000	30	005	Blaine County, MT	2008	NA	2994	2858	136	4.5
CN3000700000000	30	007	Broadwater County, MT	2008	NA	2460	2323	137	5.6
CN3000900000000	30	009	Carbon County, MT	2008	NA	5313	5084	229	4.3
CN3001100000000	30	011	Carter County, MT	2008	NA	754	729	25	3.3
CN3001300000000	30	013	Cascade County, MT	2008	NA	40401	38519	1882	4.7
CN3001500000000	30	015	Chouteau County, MT	2008	NA	2656	2560	96	3.6
CN3001700000000	30	017	Custer County, MT	2008	NA	5892	5643	249	4.2
CN3001900000000	30	019	Daniels County, MT	2008	NA	803	773	30	3.7
CN3002100000000	30	021	Dawson County, MT	2008	NA	4396	4233	163	3.7
CN3002300000000	30	023	Deer Lodge County, MT	2008	NA	3848	3592	256	6.7
CN3002500000000	30	025	Fallon County, MT	2008	NA	1823	1775	48	2.6
CN3002700000000	30	027	Fergus County, MT	2008	NA	5950	5666	284	4.8
CN3002900000000	30	029	Flathead County, MT	2008	NA	46329	43214	3115	6.7
CN3003100000000	30	031	Gallatin County, MT	2008	NA	50885	48733	2152	4.2
CN3003300000000	30	033	Garfield County, MT	2008	NA	657	634	23	3.5
CN3003500000000	30	035	Glacier County, MT	2008	NA	5854	5318	536	9.2
CN3003700000000	30	037	Golden Valley County, MT	2008	NA	580	551	29	5
CN3003900000000	30	039	Granite County, MT	2008	NA	1292	1205	87	6.7
CN3004100000000	30	041	Hill County, MT	2008	NA	8233	7816	417	5.1
CN3004300000000	30	043	Jefferson County, MT	2008	NA	5996	5719	277	4.6
CN3004500000000	30	045	Judith Basin County, MT	2008	NA	1108	1059	49	4.4
CN3004700000000	30	047	Lake County, MT	2008	NA	11678	10797	881	7.5
CN3004900000000	30	049	Lewis and Clark County, MT	2008	NA	34102	32683	1419	4.2
CN3005100000000	30	051	Liberty County, MT	2008	NA	777	744	33	4.2
CN3005300000000	30	053	Lincoln County, MT	2008	NA	7851	7001	850	10.8
CN3005500000000	30	055	McCone County, MT	2008	NA	1031	1002	29	2.8
CN3005700000000	30	057	Madison County, MT	2008	NA	4550	4357	193	4.2
CN3005900000000	30	059	Meagher County, MT	2008	NA	891	829	62	7
CN3006100000000	30	061	Mineral County, MT	2008	NA	1896	1759	137	7.2
CN3006300000000	30	063	Missoula County, MT	2008	NA	59098	56136	2962	5
CN3006500000000	30	065	Musselshell County, MT	2008	NA	2157	2030	127	5.9
CN3006700000000	30	067	Park County, MT	2008	NA	9032	8555	477	5.3
CN3006900000000	30	069	Petroleum County, MT	2008	NA	249	235	14	5.6
CN3007100000000	30	071	Phillips County, MT	2008	NA	2186	2074	112	5.1
CN3007300000000	30	073	Pondera County, MT	2008	NA	2627	2482	145	5.5
CN3007500000000	30	075	Powder River County, MT	2008	NA	949	915	34	3.6
CN3007700000000	30	077	Powell County, MT	2008	NA	2757	2545	212	7.7
CN3007900000000	30	079	Prairie County, MT	2008	NA	594	569	25	4.2
CN3008100000000	30	081	Ravalli County, MT	2008	NA	18791	17558	1233	6.6
CN3008300000000	30	083	Richland County, MT	2008	NA	5566	5388	178	3.2
CN3008500000000	30	085	Roosevelt County, MT	2008	NA	3979	3685	294	7.4
CN3008700000000	30	087	Rosebud County, MT	2008	NA	4046	3790	256	6.3
CN3008900000000	30	089	Sanders County, MT	2008	NA	4687	4198	489	10.4
CN3009100000000	30	091	Sheridan County, MT	2008	NA	1842	1783	59	3.2
CN3009300000000	30	093	Silver Bow County, MT	2008	NA	17834	16969	865	4.9
CN3009500000000	30	095	Stillwater County, MT	2008	NA	4614	4409	205	4.4
CN3009700000000	30	097	Sweet Grass County, MT	2008	NA	2877	2799	78	2.7
CN3009900000000	30	099	Teton County, MT	2008	NA	3112	2980	132	4.2
CN3010100000000	30	101	Toole County, MT	2008	NA	2601	2515	86	3.3
CN3010300000000	30	103	Treasure County, MT	2008	NA	406	389	17	4.2
CN3010500000000	30	105	Valley County, MT	2008	NA	3656	3498	158	4.3
CN3010700000000	30	107	Wheatland County, MT	2008	NA	1098	1053	45	4.1
CN3010900000000	30	109	Wibaux County, MT	2008	NA	533	514	19	3.6
CN3011100000000	30	111	Yellowstone County, MT	2008	NA	82535	79407	3128	3.8
CN3100100000000	31	001	Adams County, NE	2008	NA	17708	17164	544	3.1
CN3100300000000	31	003	Antelope County, NE	2008	NA	3649	3540	109	3
CN3100500000000	31	005	Arthur County, NE	2008	NA	242	233	9	3.7
CN3100700000000	31	007	Banner County, NE	2008	NA	401	391	10	2.5
CN3100900000000	31	009	Blaine County, NE	2008	NA	244	232	12	4.9
CN3101100000000	31	011	Boone County, NE	2008	NA	3255	3170	85	2.6
CN3101300000000	31	013	Box Butte County, NE	2008	NA	5630	5420	210	3.7
CN3101500000000	31	015	Boyd County, NE	2008	NA	1110	1074	36	3.2
CN3101700000000	31	017	Brown County, NE	2008	NA	1847	1798	49	2.7
CN3101900000000	31	019	Buffalo County, NE	2008	NA	27875	27178	697	2.5
CN3102100000000	31	021	Burt County, NE	2008	NA	3963	3797	166	4.2
CN3102300000000	31	023	Butler County, NE	2008	NA	4911	4769	142	2.9
CN3102500000000	31	025	Cass County, NE	2008	NA	13990	13471	519	3.7
CN3102700000000	31	027	Cedar County, NE	2008	NA	4829	4707	122	2.5
CN3102900000000	31	029	Chase County, NE	2008	NA	1991	1938	53	2.7
CN3103100000000	31	031	Cherry County, NE	2008	NA	3403	3323	80	2.4
CN3103300000000	31	033	Cheyenne County, NE	2008	NA	5238	5090	148	2.8
CN3103500000000	31	035	Clay County, NE	2008	NA	3119	3019	100	3.2
CN3103700000000	31	037	Colfax County, NE	2008	NA	5628	5480	148	2.6
CN3103900000000	31	039	Cuming County, NE	2008	NA	4938	4794	144	2.9
CN3104100000000	31	041	Custer County, NE	2008	NA	6060	5914	146	2.4
CN3104300000000	31	043	Dakota County, NE	2008	NA	11003	10545	458	4.2
CN3104500000000	31	045	Dawes County, NE	2008	NA	4826	4685	141	2.9
CN3104700000000	31	047	Dawson County, NE	2008	NA	12461	11960	501	4
CN3104900000000	31	049	Deuel County, NE	2008	NA	1054	1023	31	2.9
CN3105100000000	31	051	Dixon County, NE	2008	NA	3382	3274	108	3.2
CN3105300000000	31	053	Dodge County, NE	2008	NA	20006	19306	700	3.5
CN3105500000000	31	055	Douglas County, NE	2008	NA	274208	264071	10137	3.7
CN3105700000000	31	057	Dundy County, NE	2008	NA	1035	1005	30	2.9
CN3105900000000	31	059	Fillmore County, NE	2008	NA	3180	3086	94	3
CN3106100000000	31	061	Franklin County, NE	2008	NA	1777	1723	54	3
CN3106300000000	31	063	Frontier County, NE	2008	NA	1628	1583	45	2.8
CN3106500000000	31	065	Furnas County, NE	2008	NA	2517	2443	74	2.9
CN3106700000000	31	067	Gage County, NE	2008	NA	12233	11660	573	4.7
CN3106900000000	31	069	Garden County, NE	2008	NA	948	920	28	3
CN3107100000000	31	071	Garfield County, NE	2008	NA	1054	1027	27	2.6
CN3107300000000	31	073	Gosper County, NE	2008	NA	1022	989	33	3.2
CN3107500000000	31	075	Grant County, NE	2008	NA	373	362	11	2.9
CN3107700000000	31	077	Greeley County, NE	2008	NA	1303	1265	38	2.9
CN3107900000000	31	079	Hall County, NE	2008	NA	31742	30752	990	3.1
CN3108100000000	31	081	Hamilton County, NE	2008	NA	5883	5740	143	2.4
CN3108300000000	31	083	Harlan County, NE	2008	NA	1842	1785	57	3.1
CN3108500000000	31	085	Hayes County, NE	2008	NA	478	460	18	3.8
CN3108700000000	31	087	Hitchcock County, NE	2008	NA	1472	1422	50	3.4
CN3108900000000	31	089	Holt County, NE	2008	NA	6138	5973	165	2.7
CN3109100000000	31	091	Hooker County, NE	2008	NA	415	397	18	4.3
CN3109300000000	31	093	Howard County, NE	2008	NA	3739	3624	115	3.1
CN3109500000000	31	095	Jefferson County, NE	2008	NA	4321	4154	167	3.9
CN3109700000000	31	097	Johnson County, NE	2008	NA	2938	2845	93	3.2
CN3109900000000	31	099	Kearney County, NE	2008	NA	3693	3592	101	2.7
CN3110100000000	31	101	Keith County, NE	2008	NA	4550	4420	130	2.9
CN3110300000000	31	103	Keya Paha County, NE	2008	NA	375	357	18	4.8
CN3110500000000	31	105	Kimball County, NE	2008	NA	1940	1875	65	3.4
CN3110700000000	31	107	Knox County, NE	2008	NA	4667	4519	148	3.2
CN3110900000000	31	109	Lancaster County, NE	2008	NA	159845	154953	4892	3.1
CN3111100000000	31	111	Lincoln County, NE	2008	NA	21981	21332	649	3
CN3111300000000	31	113	Logan County, NE	2008	NA	464	454	10	2.2
CN3111500000000	31	115	Loup County, NE	2008	NA	339	326	13	3.8
CN3111700000000	31	117	McPherson County, NE	2008	NA	310	303	7	2.3
CN3111900000000	31	119	Madison County, NE	2008	NA	18856	18229	627	3.3
CN3112100000000	31	121	Merrick County, NE	2008	NA	4222	4091	131	3.1
CN3112300000000	31	123	Morrill County, NE	2008	NA	2882	2792	90	3.1
CN3112500000000	31	125	Nance County, NE	2008	NA	2056	1995	61	3
CN3112700000000	31	127	Nemaha County, NE	2008	NA	3414	3256	158	4.6
CN3112900000000	31	129	Nuckolls County, NE	2008	NA	2254	2188	66	2.9
CN3113100000000	31	131	Otoe County, NE	2008	NA	9071	8752	319	3.5
CN3113300000000	31	133	Pawnee County, NE	2008	NA	1566	1513	53	3.4
CN3113500000000	31	135	Perkins County, NE	2008	NA	1677	1636	41	2.4
CN3113700000000	31	137	Phelps County, NE	2008	NA	5152	5027	125	2.4
CN3113900000000	31	139	Pierce County, NE	2008	NA	3940	3822	118	3
CN3114100000000	31	141	Platte County, NE	2008	NA	18398	17854	544	3
CN3114300000000	31	143	Polk County, NE	2008	NA	3034	2948	86	2.8
CN3114500000000	31	145	Red Willow County, NE	2008	NA	6020	5846	174	2.9
CN3114700000000	31	147	Richardson County, NE	2008	NA	4218	4032	186	4.4
CN3114900000000	31	149	Rock County, NE	2008	NA	848	824	24	2.8
CN3115100000000	31	151	Saline County, NE	2008	NA	8402	8115	287	3.4
CN3115300000000	31	153	Sarpy County, NE	2008	NA	79249	76687	2562	3.2
CN3115500000000	31	155	Saunders County, NE	2008	NA	10969	10574	395	3.6
CN3115700000000	31	157	Scotts Bluff County, NE	2008	NA	19525	18802	723	3.7
CN3115900000000	31	159	Seward County, NE	2008	NA	9068	8774	294	3.2
CN3116100000000	31	161	Sheridan County, NE	2008	NA	3061	2977	84	2.7
CN3116300000000	31	163	Sherman County, NE	2008	NA	1935	1882	53	2.7
CN3116500000000	31	165	Sioux County, NE	2008	NA	716	692	24	3.4
CN3116700000000	31	167	Stanton County, NE	2008	NA	3513	3416	97	2.8
CN3116900000000	31	169	Thayer County, NE	2008	NA	2819	2728	91	3.2
CN3117100000000	31	171	Thomas County, NE	2008	NA	373	358	15	4
CN3117300000000	31	173	Thurston County, NE	2008	NA	2995	2793	202	6.7
CN3117500000000	31	175	Valley County, NE	2008	NA	2577	2505	72	2.8
CN3117700000000	31	177	Washington County, NE	2008	NA	11256	10903	353	3.1
CN3117900000000	31	179	Wayne County, NE	2008	NA	5201	5051	150	2.9
CN3118100000000	31	181	Webster County, NE	2008	NA	1790	1730	60	3.4
CN3118300000000	31	183	Wheeler County, NE	2008	NA	486	475	11	2.3
CN3118500000000	31	185	York County, NE	2008	NA	7050	6789	261	3.7
CN3200100000000	32	001	Churchill County, NV	2008	NA	13493	12687	806	6
CN3200300000000	32	003	Clark County, NV	2008	NA	980238	915147	65091	6.6
CN3200500000000	32	005	Douglas County, NV	2008	NA	22620	20948	1672	7.4
CN3200700000000	32	007	Elko County, NV	2008	NA	26742	25605	1137	4.3
CN3200900000000	32	009	Esmeralda County, NV	2008	NA	486	462	24	4.9
CN3201100000000	32	011	Eureka County, NV	2008	NA	854	810	44	5.2
CN3201300000000	32	013	Humboldt County, NV	2008	NA	8156	7754	402	4.9
CN3201500000000	32	015	Lander County, NV	2008	NA	3646	3487	159	4.4
CN3201700000000	32	017	Lincoln County, NV	2008	NA	1834	1732	102	5.6
CN3201900000000	32	019	Lyon County, NV	2008	NA	22626	20412	2214	9.8
CN3202100000000	32	021	Mineral County, NV	2008	NA	2393	2214	179	7.5
CN3202300000000	32	023	Nye County, NV	2008	NA	17622	15907	1715	9.7
CN3202700000000	32	027	Pershing County, NV	2008	NA	2520	2344	176	7
CN3202900000000	32	029	Storey County, NV	2008	NA	2462	2292	170	6.9
CN3203100000000	32	031	Washoe County, NV	2008	NA	224365	209131	15234	6.8
CN3203300000000	32	033	White Pine County, NV	2008	NA	4793	4568	225	4.7
CN3251000000000	32	510	Carson City, NV	2008	NA	28725	26688	2037	7.1
CN3300100000000	33	001	Belknap County, NH	2008	NA	32647	31312	1335	4.1
CN3300300000000	33	003	Carroll County, NH	2008	NA	25911	24980	931	3.6
CN3300500000000	33	005	Cheshire County, NH	2008	NA	42151	40610	1541	3.7
CN3300700000000	33	007	Coos County, NH	2008	NA	16507	15653	854	5.2
CN3300900000000	33	009	Grafton County, NH	2008	NA	48793	47257	1536	3.1
CN3301100000000	33	011	Hillsborough County, NH	2008	NA	228996	220158	8838	3.9
CN3301300000000	33	013	Merrimack County, NH	2008	NA	81100	78144	2956	3.6
CN3301500000000	33	015	Rockingham County, NH	2008	NA	174270	166876	7394	4.2
CN3301700000000	33	017	Strafford County, NH	2008	NA	69672	67148	2524	3.6
CN3301900000000	33	019	Sullivan County, NH	2008	NA	22749	21977	772	3.4
CN3400100000000	34	001	Atlantic County, NJ	2008	NA	135738	126475	9263	6.8
CN3400300000000	34	003	Bergen County, NJ	2008	NA	478208	457226	20982	4.4
CN3400500000000	34	005	Burlington County, NJ	2008	NA	239461	227696	11765	4.9
CN3400700000000	34	007	Camden County, NJ	2008	NA	267190	251420	15770	5.9
CN3400900000000	34	009	Cape May County, NJ	2008	NA	56560	52091	4469	7.9
CN3401100000000	34	011	Cumberland County, NJ	2008	NA	69048	63611	5437	7.9
CN3401300000000	34	013	Essex County, NJ	2008	NA	365516	341987	23529	6.4
CN3401500000000	34	015	Gloucester County, NJ	2008	NA	156573	148257	8316	5.3
CN3401700000000	34	017	Hudson County, NJ	2008	NA	294030	275774	18256	6.2
CN3401900000000	34	019	Hunterdon County, NJ	2008	NA	72965	70260	2705	3.7
CN3402100000000	34	021	Mercer County, NJ	2008	NA	202109	192541	9568	4.7
CN3402300000000	34	023	Middlesex County, NJ	2008	NA	425519	404623	20896	4.9
CN3402500000000	34	025	Monmouth County, NJ	2008	NA	335057	319101	15956	4.8
CN3402700000000	34	027	Morris County, NJ	2008	NA	275403	264632	10771	3.9
CN3402900000000	34	029	Ocean County, NJ	2008	NA	261749	246504	15245	5.8
CN3403100000000	34	031	Passaic County, NJ	2008	NA	240502	224531	15971	6.6
CN3403300000000	34	033	Salem County, NJ	2008	NA	31586	29651	1935	6.1
CN3403500000000	34	035	Somerset County, NJ	2008	NA	181589	174322	7267	4
CN3403700000000	34	037	Sussex County, NJ	2008	NA	85205	81001	4204	4.9
CN3403900000000	34	039	Union County, NJ	2008	NA	271250	256002	15248	5.6
CN3404100000000	34	041	Warren County, NJ	2008	NA	59175	56261	2914	4.9
CN3500100000000	35	001	Bernalillo County, NM	2008	NA	313468	299763	13705	4.4
CN3500300000000	35	003	Catron County, NM	2008	NA	1536	1454	82	5.3
CN3500500000000	35	005	Chaves County, NM	2008	NA	26833	25669	1164	4.3
CN3500600000000	35	006	Cibola County, NM	2008	NA	12357	11786	571	4.6
CN3500700000000	35	007	Colfax County, NM	2008	NA	6623	6332	291	4.4
CN3500900000000	35	009	Curry County, NM	2008	NA	21017	20352	665	3.2
CN3501100000000	35	011	De Baca County, NM	2008	NA	806	773	33	4.1
CN3501300000000	35	013	Dona Ana County, NM	2008	NA	88893	84680	4213	4.7
CN3501500000000	35	015	Eddy County, NM	2008	NA	27311	26480	831	3
CN3501700000000	35	017	Grant County, NM	2008	NA	12374	11761	613	5
CN3501900000000	35	019	Guadalupe County, NM	2008	NA	1727	1621	106	6.1
CN3502100000000	35	021	Harding County, NM	2008	NA	398	386	12	3
CN3502300000000	35	023	Hidalgo County, NM	2008	NA	2620	2507	113	4.3
CN3502500000000	35	025	Lea County, NM	2008	NA	29278	28442	836	2.9
CN3502700000000	35	027	Lincoln County, NM	2008	NA	11049	10657	392	3.5
CN3502800000000	35	028	Los Alamos County, NM	2008	NA	9998	9698	300	3
CN3502900000000	35	029	Luna County, NM	2008	NA	12332	10838	1494	12.1
CN3503100000000	35	031	McKinley County, NM	2008	NA	26668	25192	1476	5.5
CN3503300000000	35	033	Mora County, NM	2008	NA	2027	1852	175	8.6
CN3503500000000	35	035	Otero County, NM	2008	NA	25888	24753	1135	4.4
CN3503700000000	35	037	Quay County, NM	2008	NA	3927	3734	193	4.9
CN3503900000000	35	039	Rio Arriba County, NM	2008	NA	20475	19358	1117	5.5
CN3504100000000	35	041	Roosevelt County, NM	2008	NA	9474	9179	295	3.1
CN3504300000000	35	043	Sandoval County, NM	2008	NA	55815	52902	2913	5.2
CN3504500000000	35	045	San Juan County, NM	2008	NA	57112	54864	2248	3.9
CN3504700000000	35	047	San Miguel County, NM	2008	NA	13314	12655	659	4.9
CN3504900000000	35	049	Santa Fe County, NM	2008	NA	78172	75237	2935	3.8
CN3505100000000	35	051	Sierra County, NM	2008	NA	5893	5654	239	4.1
CN3505300000000	35	053	Socorro County, NM	2008	NA	9512	9174	338	3.6
CN3505500000000	35	055	Taos County, NM	2008	NA	17647	16681	966	5.5
CN3505700000000	35	057	Torrance County, NM	2008	NA	6916	6532	384	5.6
CN3505900000000	35	059	Union County, NM	2008	NA	1949	1892	57	2.9
CN3506100000000	35	061	Valencia County, NM	2008	NA	31141	29556	1585	5.1
CN3600100000000	36	001	Albany County, NY	2008	NA	160552	152756	7796	4.9
CN3600300000000	36	003	Allegany County, NY	2008	NA	24123	22578	1545	6.4
CN3600500000000	36	005	Bronx County, NY	2008	NA	523746	484145	39601	7.6
CN3600700000000	36	007	Broome County, NY	2008	NA	98160	92690	5470	5.6
CN3600900000000	36	009	Cattaraugus County, NY	2008	NA	41766	39222	2544	6.1
CN3601100000000	36	011	Cayuga County, NY	2008	NA	41802	39482	2320	5.5
CN3601300000000	36	013	Chautauqua County, NY	2008	NA	67323	63591	3732	5.5
CN3601500000000	36	015	Chemung County, NY	2008	NA	41459	39147	2312	5.6
CN3601700000000	36	017	Chenango County, NY	2008	NA	24672	23104	1568	6.4
CN3601900000000	36	019	Clinton County, NY	2008	NA	39988	37370	2618	6.5
CN3602100000000	36	021	Columbia County, NY	2008	NA	31881	30342	1539	4.8
CN3602300000000	36	023	Cortland County, NY	2008	NA	24168	22623	1545	6.4
CN3602500000000	36	025	Delaware County, NY	2008	NA	22917	21549	1368	6
CN3602700000000	36	027	Dutchess County, NY	2008	NA	146689	139178	7511	5.1
CN3602900000000	36	029	Erie County, NY	2008	NA	473549	446521	27028	5.7
CN3603100000000	36	031	Essex County, NY	2008	NA	18617	17375	1242	6.7
CN3603300000000	36	033	Franklin County, NY	2008	NA	23056	21464	1592	6.9
CN3603500000000	36	035	Fulton County, NY	2008	NA	27664	25807	1857	6.7
CN3603700000000	36	037	Genesee County, NY	2008	NA	33542	31658	1884	5.6
CN3603900000000	36	039	Greene County, NY	2008	NA	24370	22938	1432	5.9
CN3604100000000	36	041	Hamilton County, NY	2008	NA	3079	2887	192	6.2
CN3604300000000	36	043	Herkimer County, NY	2008	NA	31311	29399	1912	6.1
CN3604500000000	36	045	Jefferson County, NY	2008	NA	49275	45913	3362	6.8
CN3604700000000	36	047	Kings County, NY	2008	NA	1106224	1039579	66645	6
CN3604900000000	36	049	Lewis County, NY	2008	NA	12637	11795	842	6.7
CN3605100000000	36	051	Livingston County, NY	2008	NA	32529	30594	1935	5.9
CN3605300000000	36	053	Madison County, NY	2008	NA	36505	34410	2095	5.7
CN3605500000000	36	055	Monroe County, NY	2008	NA	378082	357407	20675	5.5
CN3605700000000	36	057	Montgomery County, NY	2008	NA	24820	23065	1755	7.1
CN3605900000000	36	059	Nassau County, NY	2008	NA	700692	667509	33183	4.7
CN3606100000000	36	061	New York County, NY	2008	NA	931595	885850	45745	4.9
CN3606300000000	36	063	Niagara County, NY	2008	NA	114018	106367	7651	6.7
CN3606500000000	36	065	Oneida County, NY	2008	NA	111293	105296	5997	5.4
CN3606700000000	36	067	Onondaga County, NY	2008	NA	235592	223381	12211	5.2
CN3606900000000	36	069	Ontario County, NY	2008	NA	56982	54042	2940	5.2
CN3607100000000	36	071	Orange County, NY	2008	NA	181533	171776	9757	5.4
CN3607300000000	36	073	Orleans County, NY	2008	NA	19574	18214	1360	6.9
CN3607500000000	36	075	Oswego County, NY	2008	NA	60525	56314	4211	7
CN3607700000000	36	077	Otsego County, NY	2008	NA	31703	29900	1803	5.7
CN3607900000000	36	079	Putnam County, NY	2008	NA	56065	53581	2484	4.4
CN3608100000000	36	081	Queens County, NY	2008	NA	1120482	1064170	56312	5
CN3608300000000	36	083	Rensselaer County, NY	2008	NA	84331	79974	4357	5.2
CN3608500000000	36	085	Richmond County, NY	2008	NA	244150	231712	12438	5.1
CN3608700000000	36	087	Rockland County, NY	2008	NA	156197	148768	7429	4.8
CN3608900000000	36	089	St. Lawrence County, NY	2008	NA	50282	46719	3563	7.1
CN3609100000000	36	091	Saratoga County, NY	2008	NA	121922	116361	5561	4.6
CN3609300000000	36	093	Schenectady County, NY	2008	NA	77005	73087	3918	5.1
CN3609500000000	36	095	Schoharie County, NY	2008	NA	15914	14822	1092	6.9
CN3609700000000	36	097	Schuyler County, NY	2008	NA	10157	9568	589	5.8
CN3609900000000	36	099	Seneca County, NY	2008	NA	17185	16237	948	5.5
CN3610100000000	36	101	Steuben County, NY	2008	NA	45922	43132	2790	6.1
CN3610300000000	36	103	Suffolk County, NY	2008	NA	799996	759899	40097	5
CN3610500000000	36	105	Sullivan County, NY	2008	NA	35661	33339	2322	6.5
CN3610700000000	36	107	Tioga County, NY	2008	NA	26367	24973	1394	5.3
CN3610900000000	36	109	Tompkins County, NY	2008	NA	56222	53896	2326	4.1
CN3611100000000	36	111	Ulster County, NY	2008	NA	90715	85770	4945	5.5
CN3611300000000	36	113	Warren County, NY	2008	NA	36689	34624	2065	5.6
CN3611500000000	36	115	Washington County, NY	2008	NA	32850	31099	1751	5.3
CN3611700000000	36	117	Wayne County, NY	2008	NA	48189	45369	2820	5.9
CN3611900000000	36	119	Westchester County, NY	2008	NA	495831	472088	23743	4.8
CN3612100000000	36	121	Wyoming County, NY	2008	NA	21392	20062	1330	6.2
CN3612300000000	36	123	Yates County, NY	2008	NA	13242	12594	648	4.9
CN3700100000000	37	001	Alamance County, NC	2008	NA	71184	66652	4532	6.4
CN3700300000000	37	003	Alexander County, NC	2008	NA	18214	16947	1267	7
CN3700500000000	37	005	Alleghany County, NC	2008	NA	4549	4211	338	7.4
CN3700700000000	37	007	Anson County, NC	2008	NA	10252	9349	903	8.8
CN3700900000000	37	009	Ashe County, NC	2008	NA	12551	11710	841	6.7
CN3701100000000	37	011	Avery County, NC	2008	NA	8826	8325	501	5.7
CN3701300000000	37	013	Beaufort County, NC	2008	NA	20743	19269	1474	7.1
CN3701500000000	37	015	Bertie County, NC	2008	NA	8694	8036	658	7.6
CN3701700000000	37	017	Bladen County, NC	2008	NA	15444	14257	1187	7.7
CN3701900000000	37	019	Brunswick County, NC	2008	NA	49932	46777	3155	6.3
CN3702100000000	37	021	Buncombe County, NC	2008	NA	122278	116582	5696	4.7
CN3702300000000	37	023	Burke County, NC	2008	NA	40287	37032	3255	8.1
CN3702500000000	37	025	Cabarrus County, NC	2008	NA	84919	80093	4826	5.7
CN3702700000000	37	027	Caldwell County, NC	2008	NA	38151	35210	2941	7.7
CN3702900000000	37	029	Camden County, NC	2008	NA	4541	4297	244	5.4
CN3703100000000	37	031	Carteret County, NC	2008	NA	32743	31001	1742	5.3
CN3703300000000	37	033	Caswell County, NC	2008	NA	10747	9888	859	8
CN3703500000000	37	035	Catawba County, NC	2008	NA	76720	71301	5419	7.1
CN3703700000000	37	037	Chatham County, NC	2008	NA	33767	32114	1653	4.9
CN3703900000000	37	039	Cherokee County, NC	2008	NA	9976	9067	909	9.1
CN3704100000000	37	041	Chowan County, NC	2008	NA	6692	6116	576	8.6
CN3704300000000	37	043	Clay County, NC	2008	NA	4659	4361	298	6.4
CN3704500000000	37	045	Cleveland County, NC	2008	NA	48838	44846	3992	8.2
CN3704700000000	37	047	Columbus County, NC	2008	NA	24150	22294	1856	7.7
CN3704900000000	37	049	Craven County, NC	2008	NA	42095	39608	2487	5.9
CN3705100000000	37	051	Cumberland County, NC	2008	NA	133207	125074	8133	6.1
CN3705300000000	37	053	Currituck County, NC	2008	NA	12793	12237	556	4.3
CN3705500000000	37	055	Dare County, NC	2008	NA	21995	20599	1396	6.3
CN3705700000000	37	057	Davidson County, NC	2008	NA	77717	72235	5482	7.1
CN3705900000000	37	059	Davie County, NC	2008	NA	20953	19694	1259	6
CN3706100000000	37	061	Duplin County, NC	2008	NA	24027	22643	1384	5.8
CN3706300000000	37	063	Durham County, NC	2008	NA	141313	134659	6654	4.7
CN3706500000000	37	065	Edgecombe County, NC	2008	NA	24498	22024	2474	10.1
CN3706700000000	37	067	Forsyth County, NC	2008	NA	176953	167023	9930	5.6
CN3706900000000	37	069	Franklin County, NC	2008	NA	27744	26024	1720	6.2
CN3707100000000	37	071	Gaston County, NC	2008	NA	99629	92132	7497	7.5
CN3707300000000	37	073	Gates County, NC	2008	NA	4853	4597	256	5.3
CN3707500000000	37	075	Graham County, NC	2008	NA	4371	3907	464	10.6
CN3707700000000	37	077	Granville County, NC	2008	NA	25437	23743	1694	6.7
CN3707900000000	37	079	Greene County, NC	2008	NA	9262	8656	606	6.5
CN3708100000000	37	081	Guilford County, NC	2008	NA	250557	235604	14953	6
CN3708300000000	37	083	Halifax County, NC	2008	NA	23799	21677	2122	8.9
CN3708500000000	37	085	Harnett County, NC	2008	NA	47889	44746	3143	6.6
CN3708700000000	37	087	Haywood County, NC	2008	NA	27812	26266	1546	5.6
CN3708900000000	37	089	Henderson County, NC	2008	NA	49544	47221	2323	4.7
CN3709100000000	37	091	Hertford County, NC	2008	NA	9811	9164	647	6.6
CN3709300000000	37	093	Hoke County, NC	2008	NA	19699	18584	1115	5.7
CN3709500000000	37	095	Hyde County, NC	2008	NA	2674	2490	184	6.9
CN3709700000000	37	097	Iredell County, NC	2008	NA	78849	73841	5008	6.4
CN3709900000000	37	099	Jackson County, NC	2008	NA	20956	19908	1048	5
CN3710100000000	37	101	Johnston County, NC	2008	NA	77790	73394	4396	5.7
CN3710300000000	37	103	Jones County, NC	2008	NA	4696	4396	300	6.4
CN3710500000000	37	105	Lee County, NC	2008	NA	25800	23863	1937	7.5
CN3710700000000	37	107	Lenoir County, NC	2008	NA	27008	25074	1934	7.2
CN3710900000000	37	109	Lincoln County, NC	2008	NA	39344	36514	2830	7.2
CN3711100000000	37	111	McDowell County, NC	2008	NA	20799	19105	1694	8.1
CN3711300000000	37	113	Macon County, NC	2008	NA	16285	15325	960	5.9
CN3711500000000	37	115	Madison County, NC	2008	NA	10017	9454	563	5.6
CN3711700000000	37	117	Martin County, NC	2008	NA	11891	11127	764	6.4
CN3711900000000	37	119	Mecklenburg County, NC	2008	NA	466991	439235	27756	5.9
CN3712100000000	37	121	Mitchell County, NC	2008	NA	7087	6519	568	8
CN3712300000000	37	123	Montgomery County, NC	2008	NA	11302	10382	920	8.1
CN3712500000000	37	125	Moore County, NC	2008	NA	36370	34153	2217	6.1
CN3712700000000	37	127	Nash County, NC	2008	NA	46886	43428	3458	7.4
CN3712900000000	37	129	New Hanover County, NC	2008	NA	105444	100018	5426	5.1
CN3713100000000	37	131	Northampton County, NC	2008	NA	8667	8000	667	7.7
CN3713300000000	37	133	Onslow County, NC	2008	NA	63010	59461	3549	5.6
CN3713500000000	37	135	Orange County, NC	2008	NA	69732	66952	2780	4
CN3713700000000	37	137	Pamlico County, NC	2008	NA	5413	5092	321	5.9
CN3713900000000	37	139	Pasquotank County, NC	2008	NA	17953	16729	1224	6.8
CN3714100000000	37	141	Pender County, NC	2008	NA	24381	22913	1468	6
CN3714300000000	37	143	Perquimans County, NC	2008	NA	5299	4942	357	6.7
CN3714500000000	37	145	Person County, NC	2008	NA	19015	17646	1369	7.2
CN3714700000000	37	147	Pitt County, NC	2008	NA	80996	75795	5201	6.4
CN3714900000000	37	149	Polk County, NC	2008	NA	9538	9081	457	4.8
CN3715100000000	37	151	Randolph County, NC	2008	NA	75059	70321	4738	6.3
CN3715300000000	37	153	Richmond County, NC	2008	NA	20109	18262	1847	9.2
CN3715500000000	37	155	Robeson County, NC	2008	NA	55922	51507	4415	7.9
CN3715700000000	37	157	Rockingham County, NC	2008	NA	44504	41197	3307	7.4
CN3715900000000	37	159	Rowan County, NC	2008	NA	69967	65244	4723	6.8
CN3716100000000	37	161	Rutherford County, NC	2008	NA	29663	27289	2374	8
CN3716300000000	37	163	Sampson County, NC	2008	NA	32368	30643	1725	5.3
CN3716500000000	37	165	Scotland County, NC	2008	NA	13888	12374	1514	10.9
CN3716700000000	37	167	Stanly County, NC	2008	NA	30088	28138	1950	6.5
CN3716900000000	37	169	Stokes County, NC	2008	NA	24087	22690	1397	5.8
CN3717100000000	37	171	Surry County, NC	2008	NA	34132	31493	2639	7.7
CN3717300000000	37	173	Swain County, NC	2008	NA	6933	6393	540	7.8
CN3717500000000	37	175	Transylvania County, NC	2008	NA	13345	12665	680	5.1
CN3717700000000	37	177	Tyrrell County, NC	2008	NA	2204	2049	155	7
CN3717900000000	37	179	Union County, NC	2008	NA	95592	90372	5220	5.5
CN3718100000000	37	181	Vance County, NC	2008	NA	19522	17804	1718	8.8
CN3718300000000	37	183	Wake County, NC	2008	NA	456089	435242	20847	4.6
CN3718500000000	37	185	Warren County, NC	2008	NA	7765	7116	649	8.4
CN3718700000000	37	187	Washington County, NC	2008	NA	6145	5677	468	7.6
CN3718900000000	37	189	Watauga County, NC	2008	NA	22998	21916	1082	4.7
CN3719100000000	37	191	Wayne County, NC	2008	NA	53513	50452	3061	5.7
CN3719300000000	37	193	Wilkes County, NC	2008	NA	30141	27894	2247	7.5
CN3719500000000	37	195	Wilson County, NC	2008	NA	39932	36868	3064	7.7
CN3719700000000	37	197	Yadkin County, NC	2008	NA	19327	18247	1080	5.6
CN3719900000000	37	199	Yancey County, NC	2008	NA	7760	7173	587	7.6
CN3800100000000	38	001	Adams County, ND	2008	NA	1260	1230	30	2.4
CN3800300000000	38	003	Barnes County, ND	2008	NA	6274	6090	184	2.9
CN3800500000000	38	005	Benson County, ND	2008	NA	2640	2470	170	6.4
CN3800700000000	38	007	Billings County, ND	2008	NA	524	513	11	2.1
CN3800900000000	38	009	Bottineau County, ND	2008	NA	3602	3485	117	3.2
CN3801100000000	38	011	Bowman County, ND	2008	NA	1736	1700	36	2.1
CN3801300000000	38	013	Burke County, ND	2008	NA	1059	1034	25	2.4
CN3801500000000	38	015	Burleigh County, ND	2008	NA	47416	46099	1317	2.8
CN3801700000000	38	017	Cass County, ND	2008	NA	88926	86519	2407	2.7
CN3801900000000	38	019	Cavalier County, ND	2008	NA	2037	1974	63	3.1
CN3802100000000	38	021	Dickey County, ND	2008	NA	2918	2830	88	3
CN3802300000000	38	023	Divide County, ND	2008	NA	887	859	28	3.2
CN3802500000000	38	025	Dunn County, ND	2008	NA	1752	1696	56	3.2
CN3802700000000	38	027	Eddy County, ND	2008	NA	1248	1178	70	5.6
CN3802900000000	38	029	Emmons County, ND	2008	NA	1685	1603	82	4.9
CN3803100000000	38	031	Foster County, ND	2008	NA	1769	1716	53	3
CN3803300000000	38	033	Golden Valley County, ND	2008	NA	868	844	24	2.8
CN3803500000000	38	035	Grand Forks County, ND	2008	NA	38946	37778	1168	3
CN3803700000000	38	037	Grant County, ND	2008	NA	1200	1151	49	4.1
CN3803900000000	38	039	Griggs County, ND	2008	NA	1275	1244	31	2.4
CN3804100000000	38	041	Hettinger County, ND	2008	NA	1122	1083	39	3.5
CN3804300000000	38	043	Kidder County, ND	2008	NA	1242	1191	51	4.1
CN3804500000000	38	045	LaMoure County, ND	2008	NA	2238	2165	73	3.3
CN3804700000000	38	047	Logan County, ND	2008	NA	924	891	33	3.6
CN3804900000000	38	049	McHenry County, ND	2008	NA	2734	2594	140	5.1
CN3805100000000	38	051	McIntosh County, ND	2008	NA	1392	1352	40	2.9
CN3805300000000	38	053	McKenzie County, ND	2008	NA	3111	3036	75	2.4
CN3805500000000	38	055	McLean County, ND	2008	NA	4834	4616	218	4.5
CN3805700000000	38	057	Mercer County, ND	2008	NA	4841	4620	221	4.6
CN3805900000000	38	059	Morton County, ND	2008	NA	15004	14480	524	3.5
CN3806100000000	38	061	Mountrail County, ND	2008	NA	2989	2864	125	4.2
CN3806300000000	38	063	Nelson County, ND	2008	NA	1732	1674	58	3.3
CN3806500000000	38	065	Oliver County, ND	2008	NA	1148	1096	52	4.5
CN3806700000000	38	067	Pembina County, ND	2008	NA	3939	3734	205	5.2
CN3806900000000	38	069	Pierce County, ND	2008	NA	1934	1850	84	4.3
CN3807100000000	38	071	Ramsey County, ND	2008	NA	5841	5621	220	3.8
CN3807300000000	38	073	Ransom County, ND	2008	NA	3094	2983	111	3.6
CN3807500000000	38	075	Renville County, ND	2008	NA	1263	1230	33	2.6
CN3807700000000	38	077	Richland County, ND	2008	NA	8967	8619	348	3.9
CN3807900000000	38	079	Rolette County, ND	2008	NA	5013	4535	478	9.5
CN3808100000000	38	081	Sargent County, ND	2008	NA	2231	2128	103	4.6
CN3808300000000	38	083	Sheridan County, ND	2008	NA	645	618	27	4.2
CN3808500000000	38	085	Sioux County, ND	2008	NA	1306	1237	69	5.3
CN3808700000000	38	087	Slope County, ND	2008	NA	760	750	10	1.3
CN3808900000000	38	089	Stark County, ND	2008	NA	14314	13977	337	2.4
CN3809100000000	38	091	Steele County, ND	2008	NA	1168	1143	25	2.1
CN3809300000000	38	093	Stutsman County, ND	2008	NA	11750	11406	344	2.9
CN3809500000000	38	095	Towner County, ND	2008	NA	1110	1074	36	3.2
CN3809700000000	38	097	Traill County, ND	2008	NA	4167	4029	138	3.3
CN3809900000000	38	099	Walsh County, ND	2008	NA	5685	5438	247	4.3
CN3810100000000	38	101	Ward County, ND	2008	NA	29718	28841	877	3
CN3810300000000	38	103	Wells County, ND	2008	NA	2113	2020	93	4.4
CN3810500000000	38	105	Williams County, ND	2008	NA	14674	14425	249	1.7
CN3900100000000	39	001	Adams County, OH	2008	NA	13185	11958	1227	9.3
CN3900300000000	39	003	Allen County, OH	2008	NA	51638	47826	3812	7.4
CN3900500000000	39	005	Ashland County, OH	2008	NA	27190	25163	2027	7.5
CN3900700000000	39	007	Ashtabula County, OH	2008	NA	49005	45083	3922	8
CN3900900000000	39	009	Athens County, OH	2008	NA	30777	28723	2054	6.7
CN3901100000000	39	011	Auglaize County, OH	2008	NA	26868	25405	1463	5.4
CN3901300000000	39	013	Belmont County, OH	2008	NA	33285	31257	2028	6.1
CN3901500000000	39	015	Brown County, OH	2008	NA	21758	20099	1659	7.6
CN3901700000000	39	017	Butler County, OH	2008	NA	191057	179773	11284	5.9
CN3901900000000	39	019	Carroll County, OH	2008	NA	13943	12883	1060	7.6
CN3902100000000	39	021	Champaign County, OH	2008	NA	20481	19056	1425	7
CN3902300000000	39	023	Clark County, OH	2008	NA	71071	66324	4747	6.7
CN3902500000000	39	025	Clermont County, OH	2008	NA	106546	100271	6275	5.9
CN3902700000000	39	027	Clinton County, OH	2008	NA	23409	21995	1414	6
CN3902900000000	39	029	Columbiana County, OH	2008	NA	52927	49094	3833	7.2
CN3903100000000	39	031	Coshocton County, OH	2008	NA	17172	15700	1472	8.6
CN3903300000000	39	033	Crawford County, OH	2008	NA	21916	20017	1899	8.7
CN3903500000000	39	035	Cuyahoga County, OH	2008	NA	644172	604178	39994	6.2
CN3903700000000	39	037	Darke County, OH	2008	NA	27925	26125	1800	6.4
CN3903900000000	39	039	Defiance County, OH	2008	NA	20647	19100	1547	7.5
CN3904100000000	39	041	Delaware County, OH	2008	NA	92156	87875	4281	4.6
CN3904300000000	39	043	Erie County, OH	2008	NA	42664	39548	3116	7.3
CN3904500000000	39	045	Fairfield County, OH	2008	NA	75533	71208	4325	5.7
CN3904700000000	39	047	Fayette County, OH	2008	NA	16950	15981	969	5.7
CN3904900000000	39	049	Franklin County, OH	2008	NA	624952	590436	34516	5.5
CN3905100000000	39	051	Fulton County, OH	2008	NA	23205	21313	1892	8.2
CN3905300000000	39	053	Gallia County, OH	2008	NA	14134	13207	927	6.6
CN3905500000000	39	055	Geauga County, OH	2008	NA	51190	48637	2553	5
CN3905700000000	39	057	Greene County, OH	2008	NA	81005	75988	5017	6.2
CN3905900000000	39	059	Guernsey County, OH	2008	NA	19589	17904	1685	8.6
CN3906100000000	39	061	Hamilton County, OH	2008	NA	438951	414088	24863	5.7
CN3906300000000	39	063	Hancock County, OH	2008	NA	40861	38454	2407	5.9
CN3906500000000	39	065	Hardin County, OH	2008	NA	15033	13951	1082	7.2
CN3906700000000	39	067	Harrison County, OH	2008	NA	7340	6812	528	7.2
CN3906900000000	39	069	Henry County, OH	2008	NA	15696	14447	1249	8
CN3907100000000	39	071	Highland County, OH	2008	NA	20651	19120	1531	7.4
CN3907300000000	39	073	Hocking County, OH	2008	NA	14229	13143	1086	7.6
CN3907500000000	39	075	Holmes County, OH	2008	NA	19425	18471	954	4.9
CN3907700000000	39	077	Huron County, OH	2008	NA	29024	26184	2840	9.8
CN3907900000000	39	079	Jackson County, OH	2008	NA	15265	13969	1296	8.5
CN3908100000000	39	081	Jefferson County, OH	2008	NA	32856	30542	2314	7
CN3908300000000	39	083	Knox County, OH	2008	NA	30198	28258	1940	6.4
CN3908500000000	39	085	Lake County, OH	2008	NA	133375	126301	7074	5.3
CN3908700000000	39	087	Lawrence County, OH	2008	NA	29399	27794	1605	5.5
CN3908900000000	39	089	Licking County, OH	2008	NA	83686	78494	5192	6.2
CN3909100000000	39	091	Logan County, OH	2008	NA	25299	23773	1526	6
CN3909300000000	39	093	Lorain County, OH	2008	NA	160099	149893	10206	6.4
CN3909500000000	39	095	Lucas County, OH	2008	NA	222286	203962	18324	8.2
CN3909700000000	39	097	Madison County, OH	2008	NA	20202	18947	1255	6.2
CN3909900000000	39	099	Mahoning County, OH	2008	NA	115824	107545	8279	7.1
CN3910100000000	39	101	Marion County, OH	2008	NA	32555	30274	2281	7
CN3910300000000	39	103	Medina County, OH	2008	NA	96274	91183	5091	5.3
CN3910500000000	39	105	Meigs County, OH	2008	NA	9143	8225	918	10
CN3910700000000	39	107	Mercer County, OH	2008	NA	24713	23497	1216	4.9
CN3910900000000	39	109	Miami County, OH	2008	NA	54648	51145	3503	6.4
CN3911100000000	39	111	Monroe County, OH	2008	NA	5710	5222	488	8.5
CN3911300000000	39	113	Montgomery County, OH	2008	NA	267232	247269	19963	7.5
CN3911500000000	39	115	Morgan County, OH	2008	NA	5811	5216	595	10.2
CN3911700000000	39	117	Morrow County, OH	2008	NA	17970	16701	1269	7.1
CN3911900000000	39	119	Muskingum County, OH	2008	NA	38401	35078	3323	8.7
CN3912100000000	39	121	Noble County, OH	2008	NA	5835	5336	499	8.6
CN3912300000000	39	123	Ottawa County, OH	2008	NA	21529	19631	1898	8.8
CN3912500000000	39	125	Paulding County, OH	2008	NA	10790	10021	769	7.1
CN3912700000000	39	127	Perry County, OH	2008	NA	16382	14986	1396	8.5
CN3912900000000	39	129	Pickaway County, OH	2008	NA	24810	23044	1766	7.1
CN3913100000000	39	131	Pike County, OH	2008	NA	10857	9754	1103	10.2
CN3913300000000	39	133	Portage County, OH	2008	NA	92880	87062	5818	6.3
CN3913500000000	39	135	Preble County, OH	2008	NA	21422	19938	1484	6.9
CN3913700000000	39	137	Putnam County, OH	2008	NA	18447	17381	1066	5.8
CN3913900000000	39	139	Richland County, OH	2008	NA	62349	57713	4636	7.4
CN3914100000000	39	141	Ross County, OH	2008	NA	34685	31931	2754	7.9
CN3914300000000	39	143	Sandusky County, OH	2008	NA	33318	30917	2401	7.2
CN3914500000000	39	145	Scioto County, OH	2008	NA	32526	29811	2715	8.3
CN3914700000000	39	147	Seneca County, OH	2008	NA	30486	28333	2153	7.1
CN3914900000000	39	149	Shelby County, OH	2008	NA	27607	25897	1710	6.2
CN3915100000000	39	151	Stark County, OH	2008	NA	192019	179027	12992	6.8
CN3915300000000	39	153	Summit County, OH	2008	NA	298291	279954	18337	6.1
CN3915500000000	39	155	Trumbull County, OH	2008	NA	105582	97654	7928	7.5
CN3915700000000	39	157	Tuscarawas County, OH	2008	NA	47837	44847	2990	6.3
CN3915900000000	39	159	Union County, OH	2008	NA	25897	24544	1353	5.2
CN3916100000000	39	161	Van Wert County, OH	2008	NA	15407	14099	1308	8.5
CN3916300000000	39	163	Vinton County, OH	2008	NA	5720	5194	526	9.2
CN3916500000000	39	165	Warren County, OH	2008	NA	109239	103225	6014	5.5
CN3916700000000	39	167	Washington County, OH	2008	NA	33063	31249	1814	5.5
CN3916900000000	39	169	Wayne County, OH	2008	NA	59427	56039	3388	5.7
CN3917100000000	39	171	Williams County, OH	2008	NA	19903	18370	1533	7.7
CN3917300000000	39	173	Wood County, OH	2008	NA	68912	64258	4654	6.8
CN3917500000000	39	175	Wyandot County, OH	2008	NA	11453	10549	904	7.9
CN4000100000000	40	001	Adair County, OK	2008	NA	10849	10315	534	4.9
CN4000300000000	40	003	Alfalfa County, OK	2008	NA	2479	2402	77	3.1
CN4000500000000	40	005	Atoka County, OK	2008	NA	6046	5766	280	4.6
CN4000700000000	40	007	Beaver County, OK	2008	NA	3263	3196	67	2.1
CN4000900000000	40	009	Beckham County, OK	2008	NA	12476	12187	289	2.3
CN4001100000000	40	011	Blaine County, OK	2008	NA	4995	4813	182	3.6
CN4001300000000	40	013	Bryan County, OK	2008	NA	20342	19640	702	3.5
CN4001500000000	40	015	Caddo County, OK	2008	NA	12480	11972	508	4.1
CN4001700000000	40	017	Canadian County, OK	2008	NA	52070	50300	1770	3.4
CN4001900000000	40	019	Carter County, OK	2008	NA	26779	25910	869	3.2
CN4002100000000	40	021	Cherokee County, OK	2008	NA	22918	22047	871	3.8
CN4002300000000	40	023	Choctaw County, OK	2008	NA	6913	6560	353	5.1
CN4002500000000	40	025	Cimarron County, OK	2008	NA	1250	1213	37	3
CN4002700000000	40	027	Cleveland County, OK	2008	NA	119236	115154	4082	3.4
CN4002900000000	40	029	Coal County, OK	2008	NA	2494	2372	122	4.9
CN4003100000000	40	031	Comanche County, OK	2008	NA	45904	44154	1750	3.8
CN4003300000000	40	033	Cotton County, OK	2008	NA	3892	3783	109	2.8
CN4003500000000	40	035	Craig County, OK	2008	NA	7427	7142	285	3.8
CN4003700000000	40	037	Creek County, OK	2008	NA	31216	29889	1327	4.3
CN4003900000000	40	039	Custer County, OK	2008	NA	14755	14362	393	2.7
CN4004100000000	40	041	Delaware County, OK	2008	NA	18923	18131	792	4.2
CN4004300000000	40	043	Dewey County, OK	2008	NA	2638	2575	63	2.4
CN4004500000000	40	045	Ellis County, OK	2008	NA	2538	2483	55	2.2
CN4004700000000	40	047	Garfield County, OK	2008	NA	31529	30718	811	2.6
CN4004900000000	40	049	Garvin County, OK	2008	NA	14874	14424	450	3
CN4005100000000	40	051	Grady County, OK	2008	NA	22887	21979	908	4
CN4005300000000	40	053	Grant County, OK	2008	NA	2602	2537	65	2.5
CN4005500000000	40	055	Greer County, OK	2008	NA	2039	1950	89	4.4
CN4005700000000	40	057	Harmon County, OK	2008	NA	1334	1289	45	3.4
CN4005900000000	40	059	Harper County, OK	2008	NA	2044	1998	46	2.3
CN4006100000000	40	061	Haskell County, OK	2008	NA	5961	5738	223	3.7
CN4006300000000	40	063	Hughes County, OK	2008	NA	5093	4819	274	5.4
CN4006500000000	40	065	Jackson County, OK	2008	NA	12358	11964	394	3.2
CN4006700000000	40	067	Jefferson County, OK	2008	NA	2399	2297	102	4.3
CN4006900000000	40	069	Johnston County, OK	2008	NA	5177	4954	223	4.3
CN4007100000000	40	071	Kay County, OK	2008	NA	23917	23078	839	3.5
CN4007300000000	40	073	Kingfisher County, OK	2008	NA	8529	8329	200	2.3
CN4007500000000	40	075	Kiowa County, OK	2008	NA	4037	3884	153	3.8
CN4007700000000	40	077	Latimer County, OK	2008	NA	4692	4489	203	4.3
CN4007900000000	40	079	Le Flore County, OK	2008	NA	20859	19766	1093	5.2
CN4008100000000	40	081	Lincoln County, OK	2008	NA	13836	13285	551	4
CN4008300000000	40	083	Logan County, OK	2008	NA	17735	17096	639	3.6
CN4008500000000	40	085	Love County, OK	2008	NA	5311	5157	154	2.9
CN4008700000000	40	087	McClain County, OK	2008	NA	14956	14413	543	3.6
CN4008900000000	40	089	McCurtain County, OK	2008	NA	14133	13194	939	6.6
CN4009100000000	40	091	McIntosh County, OK	2008	NA	8593	8180	413	4.8
CN4009300000000	40	093	Major County, OK	2008	NA	4296	4195	101	2.4
CN4009500000000	40	095	Marshall County, OK	2008	NA	6559	6294	265	4
CN4009700000000	40	097	Mayes County, OK	2008	NA	18542	17757	785	4.2
CN4009900000000	40	099	Murray County, OK	2008	NA	8527	8300	227	2.7
CN4010100000000	40	101	Muskogee County, OK	2008	NA	29724	28319	1405	4.7
CN4010300000000	40	103	Noble County, OK	2008	NA	5759	5571	188	3.3
CN4010500000000	40	105	Nowata County, OK	2008	NA	5027	4811	216	4.3
CN4010700000000	40	107	Okfuskee County, OK	2008	NA	4596	4405	191	4.2
CN4010900000000	40	109	Oklahoma County, OK	2008	NA	324124	311404	12720	3.9
CN4011100000000	40	111	Okmulgee County, OK	2008	NA	15956	15117	839	5.3
CN4011300000000	40	113	Osage County, OK	2008	NA	20095	19259	836	4.2
CN4011500000000	40	115	Ottawa County, OK	2008	NA	17833	17082	751	4.2
CN4011700000000	40	117	Pawnee County, OK	2008	NA	7295	6969	326	4.5
CN4011900000000	40	119	Payne County, OK	2008	NA	35070	33687	1383	3.9
CN4012100000000	40	121	Pittsburg County, OK	2008	NA	23856	23090	766	3.2
CN4012300000000	40	123	Pontotoc County, OK	2008	NA	20294	19652	642	3.2
CN4012500000000	40	125	Pottawatomie County, OK	2008	NA	33003	31730	1273	3.9
CN4012700000000	40	127	Pushmataha County, OK	2008	NA	5253	5000	253	4.8
CN4012900000000	40	129	Roger Mills County, OK	2008	NA	1943	1898	45	2.3
CN4013100000000	40	131	Rogers County, OK	2008	NA	40243	38831	1412	3.5
CN4013300000000	40	133	Seminole County, OK	2008	NA	11033	10538	495	4.5
CN4013500000000	40	135	Sequoyah County, OK	2008	NA	17693	16646	1047	5.9
CN4013700000000	40	137	Stephens County, OK	2008	NA	22202	21435	767	3.5
CN4013900000000	40	139	Texas County, OK	2008	NA	9752	9486	266	2.7
CN4014100000000	40	141	Tillman County, OK	2008	NA	3521	3377	144	4.1
CN4014300000000	40	143	Tulsa County, OK	2008	NA	293722	283155	10567	3.6
CN4014500000000	40	145	Wagoner County, OK	2008	NA	33266	32065	1201	3.6
CN4014700000000	40	147	Washington County, OK	2008	NA	27426	26590	836	3
CN4014900000000	40	149	Washita County, OK	2008	NA	6140	5974	166	2.7
CN4015100000000	40	151	Woods County, OK	2008	NA	4343	4221	122	2.8
CN4015300000000	40	153	Woodward County, OK	2008	NA	12604	12322	282	2.2
CN4100100000000	41	001	Baker County, OR	2008	NA	7442	6910	532	7.1
CN4100300000000	41	003	Benton County, OR	2008	NA	43100	41076	2024	4.7
CN4100500000000	41	005	Clackamas County, OR	2008	NA	200201	188750	11451	5.7
CN4100700000000	41	007	Clatsop County, OR	2008	NA	20373	19302	1071	5.3
CN4100900000000	41	009	Columbia County, OR	2008	NA	24202	22480	1722	7.1
CN4101100000000	41	011	Coos County, OR	2008	NA	28103	25771	2332	8.3
CN4101300000000	41	013	Crook County, OR	2008	NA	9800	8826	974	9.9
CN4101500000000	41	015	Curry County, OR	2008	NA	9518	8746	772	8.1
CN4101700000000	41	017	Deschutes County, OR	2008	NA	81766	75061	6705	8.2
CN4101900000000	41	019	Douglas County, OR	2008	NA	46549	41935	4614	9.9
CN4102100000000	41	021	Gilliam County, OR	2008	NA	1200	1148	52	4.3
CN4102300000000	41	023	Grant County, OR	2008	NA	3379	3021	358	10.6
CN4102500000000	41	025	Harney County, OR	2008	NA	3350	3031	319	9.5
CN4102700000000	41	027	Hood River County, OR	2008	NA	13351	12634	717	5.4
CN4102900000000	41	029	Jackson County, OR	2008	NA	101904	93823	8081	7.9
CN4103100000000	41	031	Jefferson County, OR	2008	NA	9353	8412	941	10.1
CN4103300000000	41	033	Josephine County, OR	2008	NA	34991	31769	3222	9.2
CN4103500000000	41	035	Klamath County, OR	2008	NA	30867	28035	2832	9.2
CN4103700000000	41	037	Lake County, OR	2008	NA	3585	3275	310	8.6
CN4103900000000	41	039	Lane County, OR	2008	NA	183901	171498	12403	6.7
CN4104100000000	41	041	Lincoln County, OR	2008	NA	22850	21339	1511	6.6
CN4104300000000	41	043	Linn County, OR	2008	NA	55235	50937	4298	7.8
CN4104500000000	41	045	Malheur County, OR	2008	NA	12760	11800	960	7.5
CN4104700000000	41	047	Marion County, OR	2008	NA	155375	145070	10305	6.6
CN4104900000000	41	049	Morrow County, OR	2008	NA	5447	5100	347	6.4
CN4105100000000	41	051	Multnomah County, OR	2008	NA	388379	365522	22857	5.9
CN4105300000000	41	053	Polk County, OR	2008	NA	39707	37465	2242	5.6
CN4105500000000	41	055	Sherman County, OR	2008	NA	974	917	57	5.9
CN4105700000000	41	057	Tillamook County, OR	2008	NA	12603	11910	693	5.5
CN4105900000000	41	059	Umatilla County, OR	2008	NA	37635	35163	2472	6.6
CN4106100000000	41	061	Union County, OR	2008	NA	12320	11322	998	8.1
CN4106300000000	41	063	Wallowa County, OR	2008	NA	3671	3392	279	7.6
CN4106500000000	41	065	Wasco County, OR	2008	NA	13338	12527	811	6.1
CN4106700000000	41	067	Washington County, OR	2008	NA	289385	274019	15366	5.3
CN4106900000000	41	069	Wheeler County, OR	2008	NA	617	580	37	6
CN4107100000000	41	071	Yamhill County, OR	2008	NA	47894	44786	3108	6.5
CN4200100000000	42	001	Adams County, PA	2008	NA	56402	53970	2432	4.3
CN4200300000000	42	003	Allegheny County, PA	2008	NA	643395	612419	30976	4.8
CN4200500000000	42	005	Armstrong County, PA	2008	NA	33403	31430	1973	5.9
CN4200700000000	42	007	Beaver County, PA	2008	NA	90548	85593	4955	5.5
CN4200900000000	42	009	Bedford County, PA	2008	NA	24468	22801	1667	6.8
CN4201100000000	42	011	Berks County, PA	2008	NA	206505	195467	11038	5.3
CN4201300000000	42	013	Blair County, PA	2008	NA	65574	62177	3397	5.2
CN4201500000000	42	015	Bradford County, PA	2008	NA	31147	29509	1638	5.3
CN4201700000000	42	017	Bucks County, PA	2008	NA	353465	336821	16644	4.7
CN4201900000000	42	019	Butler County, PA	2008	NA	99234	94635	4599	4.6
CN4202100000000	42	021	Cambria County, PA	2008	NA	69579	65313	4266	6.1
CN4202300000000	42	023	Cameron County, PA	2008	NA	2536	2308	228	9
CN4202500000000	42	025	Carbon County, PA	2008	NA	31601	29475	2126	6.7
CN4202700000000	42	027	Centre County, PA	2008	NA	75538	72293	3245	4.3
CN4202900000000	42	029	Chester County, PA	2008	NA	274238	263491	10747	3.9
CN4203100000000	42	031	Clarion County, PA	2008	NA	20835	19537	1298	6.2
CN4203300000000	42	033	Clearfield County, PA	2008	NA	40775	38038	2737	6.7
CN4203500000000	42	035	Clinton County, PA	2008	NA	19460	18258	1202	6.2
CN4203700000000	42	037	Columbia County, PA	2008	NA	36409	34273	2136	5.9
CN4203900000000	42	039	Crawford County, PA	2008	NA	43562	41116	2446	5.6
CN4204100000000	42	041	Cumberland County, PA	2008	NA	125832	120498	5334	4.2
CN4204300000000	42	043	Dauphin County, PA	2008	NA	138090	131631	6459	4.7
CN4204500000000	42	045	Delaware County, PA	2008	NA	287490	273179	14311	5
CN4204700000000	42	047	Elk County, PA	2008	NA	17578	16531	1047	6
CN4204900000000	42	049	Erie County, PA	2008	NA	141912	133934	7978	5.6
CN4205100000000	42	051	Fayette County, PA	2008	NA	66718	62362	4356	6.5
CN4205300000000	42	053	Forest County, PA	2008	NA	2392	2209	183	7.7
CN4205500000000	42	055	Franklin County, PA	2008	NA	82775	79218	3557	4.3
CN4205700000000	42	057	Fulton County, PA	2008	NA	8146	7559	587	7.2
CN4205900000000	42	059	Greene County, PA	2008	NA	18622	17546	1076	5.8
CN4206100000000	42	061	Huntingdon County, PA	2008	NA	22631	21148	1483	6.6
CN4206300000000	42	063	Indiana County, PA	2008	NA	46969	44497	2472	5.3
CN4206500000000	42	065	Jefferson County, PA	2008	NA	23301	22009	1292	5.5
CN4206700000000	42	067	Juniata County, PA	2008	NA	12451	11788	663	5.3
CN4206900000000	42	069	Lackawanna County, PA	2008	NA	108526	102231	6295	5.8
CN4207100000000	42	071	Lancaster County, PA	2008	NA	274555	262878	11677	4.3
CN4207300000000	42	073	Lawrence County, PA	2008	NA	43950	41240	2710	6.2
CN4207500000000	42	075	Lebanon County, PA	2008	NA	73369	70324	3045	4.2
CN4207700000000	42	077	Lehigh County, PA	2008	NA	178950	168895	10055	5.6
CN4207900000000	42	079	Luzerne County, PA	2008	NA	161744	151642	10102	6.2
CN4208100000000	42	081	Lycoming County, PA	2008	NA	60703	57136	3567	5.9
CN4208300000000	42	083	McKean County, PA	2008	NA	21938	20594	1344	6.1
CN4208500000000	42	085	Mercer County, PA	2008	NA	55808	52070	3738	6.7
CN4208700000000	42	087	Mifflin County, PA	2008	NA	22790	21297	1493	6.6
CN4208900000000	42	089	Monroe County, PA	2008	NA	84017	78991	5026	6
CN4209100000000	42	091	Montgomery County, PA	2008	NA	438010	419127	18883	4.3
CN4209300000000	42	093	Montour County, PA	2008	NA	9438	8988	450	4.8
CN4209500000000	42	095	Northampton County, PA	2008	NA	153803	145401	8402	5.5
CN4209700000000	42	097	Northumberland County, PA	2008	NA	48029	44896	3133	6.5
CN4209900000000	42	099	Perry County, PA	2008	NA	25003	23700	1303	5.2
CN4210100000000	42	101	Philadelphia County/city, PA	2008	NA	630620	586024	44596	7.1
CN4210300000000	42	103	Pike County, PA	2008	NA	28443	26736	1707	6
CN4210500000000	42	105	Potter County, PA	2008	NA	7784	7228	556	7.1
CN4210700000000	42	107	Schuylkill County, PA	2008	NA	74496	69866	4630	6.2
CN4210900000000	42	109	Snyder County, PA	2008	NA	19821	18615	1206	6.1
CN4211100000000	42	111	Somerset County, PA	2008	NA	39439	36942	2497	6.3
CN4211300000000	42	113	Sullivan County, PA	2008	NA	3006	2835	171	5.7
CN4211500000000	42	115	Susquehanna County, PA	2008	NA	22028	20783	1245	5.7
CN4211700000000	42	117	Tioga County, PA	2008	NA	20623	19374	1249	6.1
CN4211900000000	42	119	Union County, PA	2008	NA	17849	16733	1116	6.3
CN4212100000000	42	121	Venango County, PA	2008	NA	26447	24947	1500	5.7
CN4212300000000	42	123	Warren County, PA	2008	NA	21823	20690	1133	5.2
CN4212500000000	42	125	Washington County, PA	2008	NA	106420	100875	5545	5.2
CN4212700000000	42	127	Wayne County, PA	2008	NA	25742	24400	1342	5.2
CN4212900000000	42	129	Westmoreland County, PA	2008	NA	189007	179023	9984	5.3
CN4213100000000	42	131	Wyoming County, PA	2008	NA	14548	13671	877	6
CN4213300000000	42	133	York County, PA	2008	NA	229230	218459	10771	4.7
CN4400100000000	44	001	Bristol County, RI	2008	NA	27450	25585	1865	6.8
CN4400300000000	44	003	Kent County, RI	2008	NA	97344	90157	7187	7.4
CN4400500000000	44	005	Newport County, RI	2008	NA	44011	41018	2993	6.8
CN4400700000000	44	007	Providence County, RI	2008	NA	327491	300024	27467	8.4
CN4400900000000	44	009	Washington County, RI	2008	NA	74032	69157	4875	6.6
CN4500100000000	45	001	Abbeville County, SC	2008	NA	11335	10419	916	8.1
CN4500300000000	45	003	Aiken County, SC	2008	NA	74897	70514	4383	5.9
CN4500500000000	45	005	Allendale County, SC	2008	NA	3335	2784	551	16.5
CN4500700000000	45	007	Anderson County, SC	2008	NA	85313	79547	5766	6.8
CN4500900000000	45	009	Bamberg County, SC	2008	NA	6326	5614	712	11.3
CN4501100000000	45	011	Barnwell County, SC	2008	NA	8815	7854	961	10.9
CN4501300000000	45	013	Beaufort County, SC	2008	NA	63741	60361	3380	5.3
CN4501500000000	45	015	Berkeley County, SC	2008	NA	79848	74956	4892	6.1
CN4501700000000	45	017	Calhoun County, SC	2008	NA	6763	6246	517	7.6
CN4501900000000	45	019	Charleston County, SC	2008	NA	174276	165025	9251	5.3
CN4502100000000	45	021	Cherokee County, SC	2008	NA	25546	23231	2315	9.1
CN4502300000000	45	023	Chester County, SC	2008	NA	15314	13505	1809	11.8
CN4502500000000	45	025	Chesterfield County, SC	2008	NA	18591	16926	1665	9
CN4502700000000	45	027	Clarendon County, SC	2008	NA	12511	11290	1221	9.8
CN4502900000000	45	029	Colleton County, SC	2008	NA	16649	15278	1371	8.2
CN4503100000000	45	031	Darlington County, SC	2008	NA	31143	28493	2650	8.5
CN4503300000000	45	033	Dillon County, SC	2008	NA	12972	11634	1338	10.3
CN4503500000000	45	035	Dorchester County, SC	2008	NA	63518	59928	3590	5.7
CN4503700000000	45	037	Edgefield County, SC	2008	NA	10934	10199	735	6.7
CN4503900000000	45	039	Fairfield County, SC	2008	NA	11195	10004	1191	10.6
CN4504100000000	45	041	Florence County, SC	2008	NA	62863	58463	4400	7
CN4504300000000	45	043	Georgetown County, SC	2008	NA	30367	28113	2254	7.4
CN4504500000000	45	045	Greenville County, SC	2008	NA	223956	211534	12422	5.5
CN4504700000000	45	047	Greenwood County, SC	2008	NA	30615	28281	2334	7.6
CN4504900000000	45	049	Hampton County, SC	2008	NA	7721	7028	693	9
CN4505100000000	45	051	Horry County, SC	2008	NA	130715	121473	9242	7.1
CN4505300000000	45	053	Jasper County, SC	2008	NA	10055	9447	608	6
CN4505500000000	45	055	Kershaw County, SC	2008	NA	29752	27802	1950	6.6
CN4505700000000	45	057	Lancaster County, SC	2008	NA	29582	26181	3401	11.5
CN4505900000000	45	059	Laurens County, SC	2008	NA	32897	30464	2433	7.4
CN4506100000000	45	061	Lee County, SC	2008	NA	8125	7368	757	9.3
CN4506300000000	45	063	Lexington County, SC	2008	NA	132615	126144	6471	4.9
CN4506500000000	45	065	McCormick County, SC	2008	NA	3444	3073	371	10.8
CN4506700000000	45	067	Marion County, SC	2008	NA	12763	11015	1748	13.7
CN4506900000000	45	069	Marlboro County, SC	2008	NA	11659	10200	1459	12.5
CN4507100000000	45	071	Newberry County, SC	2008	NA	18582	17289	1293	7
CN4507300000000	45	073	Oconee County, SC	2008	NA	30608	28369	2239	7.3
CN4507500000000	45	075	Orangeburg County, SC	2008	NA	41087	36936	4151	10.1
CN4507700000000	45	077	Pickens County, SC	2008	NA	58155	54637	3518	6
CN4507900000000	45	079	Richland County, SC	2008	NA	180447	169429	11018	6.1
CN4508100000000	45	081	Saluda County, SC	2008	NA	8929	8395	534	6
CN4508300000000	45	083	Spartanburg County, SC	2008	NA	135710	126430	9280	6.8
CN4508500000000	45	085	Sumter County, SC	2008	NA	43755	40137	3618	8.3
CN4508700000000	45	087	Union County, SC	2008	NA	11696	10432	1264	10.8
CN4508900000000	45	089	Williamsburg County, SC	2008	NA	15437	13835	1602	10.4
CN4509100000000	45	091	York County, SC	2008	NA	107682	100129	7553	7
CN4600300000000	46	003	Aurora County, SD	2008	NA	1480	1434	46	3.1
CN4600500000000	46	005	Beadle County, SD	2008	NA	9705	9462	243	2.5
CN4600700000000	46	007	Bennett County, SD	2008	NA	1367	1312	55	4
CN4600900000000	46	009	Bon Homme County, SD	2008	NA	3074	2968	106	3.4
CN4601100000000	46	011	Brookings County, SD	2008	NA	19593	19118	475	2.4
CN4601300000000	46	013	Brown County, SD	2008	NA	21229	20706	523	2.5
CN4601500000000	46	015	Brule County, SD	2008	NA	2803	2727	76	2.7
CN4601700000000	46	017	Buffalo County, SD	2008	NA	482	433	49	10.2
CN4601900000000	46	019	Butte County, SD	2008	NA	5483	5331	152	2.8
CN4602100000000	46	021	Campbell County, SD	2008	NA	838	814	24	2.9
CN4602300000000	46	023	Charles Mix County, SD	2008	NA	4054	3911	143	3.5
CN4602500000000	46	025	Clark County, SD	2008	NA	1815	1745	70	3.9
CN4602700000000	46	027	Clay County, SD	2008	NA	7700	7488	212	2.8
CN4602900000000	46	029	Codington County, SD	2008	NA	16624	16122	502	3
CN4603100000000	46	031	Corson County, SD	2008	NA	1364	1294	70	5.1
CN4603300000000	46	033	Custer County, SD	2008	NA	4902	4764	138	2.8
CN4603500000000	46	035	Davison County, SD	2008	NA	11293	10998	295	2.6
CN4603700000000	46	037	Day County, SD	2008	NA	2914	2787	127	4.4
CN4603900000000	46	039	Deuel County, SD	2008	NA	2774	2668	106	3.8
CN4604100000000	46	041	Dewey County, SD	2008	NA	2512	2281	231	9.2
CN4604300000000	46	043	Douglas County, SD	2008	NA	1706	1660	46	2.7
CN4604500000000	46	045	Edmunds County, SD	2008	NA	2072	2015	57	2.8
CN4604700000000	46	047	Fall River County, SD	2008	NA	3758	3630	128	3.4
CN4604900000000	46	049	Faulk County, SD	2008	NA	1145	1111	34	3
CN4605100000000	46	051	Grant County, SD	2008	NA	4260	4105	155	3.6
CN4605300000000	46	053	Gregory County, SD	2008	NA	2368	2287	81	3.4
CN4605500000000	46	055	Haakon County, SD	2008	NA	1160	1130	30	2.6
CN4605700000000	46	057	Hamlin County, SD	2008	NA	3004	2904	100	3.3
CN4605900000000	46	059	Hand County, SD	2008	NA	1891	1841	50	2.6
CN4606100000000	46	061	Hanson County, SD	2008	NA	1980	1919	61	3.1
CN4606300000000	46	063	Harding County, SD	2008	NA	785	764	21	2.7
CN4606500000000	46	065	Hughes County, SD	2008	NA	10322	10077	245	2.4
CN4606700000000	46	067	Hutchinson County, SD	2008	NA	3757	3642	115	3.1
CN4606900000000	46	069	Hyde County, SD	2008	NA	738	717	21	2.8
CN4607100000000	46	071	Jackson County, SD	2008	NA	1226	1155	71	5.8
CN4607300000000	46	073	Jerauld County, SD	2008	NA	1435	1401	34	2.4
CN4607500000000	46	075	Jones County, SD	2008	NA	692	675	17	2.5
CN4607700000000	46	077	Kingsbury County, SD	2008	NA	3011	2913	98	3.3
CN4607900000000	46	079	Lake County, SD	2008	NA	6815	6600	215	3.2
CN4608100000000	46	081	Lawrence County, SD	2008	NA	13543	13155	388	2.9
CN4608300000000	46	083	Lincoln County, SD	2008	NA	22120	21570	550	2.5
CN4608500000000	46	085	Lyman County, SD	2008	NA	1987	1897	90	4.5
CN4608700000000	46	087	McCook County, SD	2008	NA	2744	2647	97	3.5
CN4608900000000	46	089	McPherson County, SD	2008	NA	1117	1070	47	4.2
CN4609100000000	46	091	Marshall County, SD	2008	NA	2109	2017	92	4.4
CN4609300000000	46	093	Meade County, SD	2008	NA	12383	11996	387	3.1
CN4609500000000	46	095	Mellette County, SD	2008	NA	881	842	39	4.4
CN4609700000000	46	097	Miner County, SD	2008	NA	1253	1210	43	3.4
CN4609900000000	46	099	Minnehaha County, SD	2008	NA	100944	98082	2862	2.8
CN4610100000000	46	101	Moody County, SD	2008	NA	4063	3889	174	4.3
CN4610200000000	46	102	Oglala Lakota County, SD	2008	NA	3788	3469	319	8.4
CN4610300000000	46	103	Pennington County, SD	2008	NA	55229	53608	1621	2.9
CN4610500000000	46	105	Perkins County, SD	2008	NA	1620	1570	50	3.1
CN4610700000000	46	107	Potter County, SD	2008	NA	1307	1267	40	3.1
CN4610900000000	46	109	Roberts County, SD	2008	NA	4861	4658	203	4.2
CN4611100000000	46	111	Sanborn County, SD	2008	NA	1422	1384	38	2.7
CN4611500000000	46	115	Spink County, SD	2008	NA	3353	3242	111	3.3
CN4611700000000	46	117	Stanley County, SD	2008	NA	1904	1857	47	2.5
CN4611900000000	46	119	Sully County, SD	2008	NA	1001	979	22	2.2
CN4612100000000	46	121	Todd County, SD	2008	NA	3438	3219	219	6.4
CN4612300000000	46	123	Tripp County, SD	2008	NA	2976	2887	89	3
CN4612500000000	46	125	Turner County, SD	2008	NA	4271	4130	141	3.3
CN4612700000000	46	127	Union County, SD	2008	NA	8420	8130	290	3.4
CN4612900000000	46	129	Walworth County, SD	2008	NA	2681	2565	116	4.3
CN4613500000000	46	135	Yankton County, SD	2008	NA	12225	11882	343	2.8
CN4613700000000	46	137	Ziebach County, SD	2008	NA	846	796	50	5.9
CN4700100000000	47	001	Anderson County, TN	2008	NA	35784	33699	2085	5.8
CN4700300000000	47	003	Bedford County, TN	2008	NA	22479	20953	1526	6.8
CN4700500000000	47	005	Benton County, TN	2008	NA	7056	6439	617	8.7
CN4700700000000	47	007	Bledsoe County, TN	2008	NA	4921	4507	414	8.4
CN4700900000000	47	009	Blount County, TN	2008	NA	63417	59507	3910	6.2
CN4701100000000	47	011	Bradley County, TN	2008	NA	47543	44501	3042	6.4
CN4701300000000	47	013	Campbell County, TN	2008	NA	16982	15663	1319	7.8
CN4701500000000	47	015	Cannon County, TN	2008	NA	6592	6106	486	7.4
CN4701700000000	47	017	Carroll County, TN	2008	NA	13776	12516	1260	9.1
CN4701900000000	47	019	Carter County, TN	2008	NA	29716	27750	1966	6.6
CN4702100000000	47	021	Cheatham County, TN	2008	NA	20388	19276	1112	5.5
CN4702300000000	47	023	Chester County, TN	2008	NA	7947	7394	553	7
CN4702500000000	47	025	Claiborne County, TN	2008	NA	13332	12331	1001	7.5
CN4702700000000	47	027	Clay County, TN	2008	NA	3482	3112	370	10.6
CN4702900000000	47	029	Cocke County, TN	2008	NA	16501	15052	1449	8.8
CN4703100000000	47	031	Coffee County, TN	2008	NA	25724	24102	1622	6.3
CN4703300000000	47	033	Crockett County, TN	2008	NA	6463	5887	576	8.9
CN4703500000000	47	035	Cumberland County, TN	2008	NA	23188	21369	1819	7.8
CN4703700000000	47	037	Davidson County, TN	2008	NA	323870	306349	17521	5.4
CN4703900000000	47	039	Decatur County, TN	2008	NA	5674	5194	480	8.5
CN4704100000000	47	041	DeKalb County, TN	2008	NA	10170	9491	679	6.7
CN4704300000000	47	043	Dickson County, TN	2008	NA	23577	21947	1630	6.9
CN4704500000000	47	045	Dyer County, TN	2008	NA	17602	16275	1327	7.5
CN4704700000000	47	047	Fayette County, TN	2008	NA	18173	16823	1350	7.4
CN4704900000000	47	049	Fentress County, TN	2008	NA	8049	7293	756	9.4
CN4705100000000	47	051	Franklin County, TN	2008	NA	19891	18567	1324	6.7
CN4705300000000	47	053	Gibson County, TN	2008	NA	21198	19190	2008	9.5
CN4705500000000	47	055	Giles County, TN	2008	NA	13460	12381	1079	8
CN4705700000000	47	057	Grainger County, TN	2008	NA	10243	9428	815	8
CN4705900000000	47	059	Greene County, TN	2008	NA	30265	27444	2821	9.3
CN4706100000000	47	061	Grundy County, TN	2008	NA	5947	5450	497	8.4
CN4706300000000	47	063	Hamblen County, TN	2008	NA	30293	28141	2152	7.1
CN4706500000000	47	065	Hamilton County, TN	2008	NA	167906	158356	9550	5.7
CN4706700000000	47	067	Hancock County, TN	2008	NA	2561	2349	212	8.3
CN4706900000000	47	069	Hardeman County, TN	2008	NA	11581	10585	996	8.6
CN4707100000000	47	071	Hardin County, TN	2008	NA	11892	10985	907	7.6
CN4707300000000	47	073	Hawkins County, TN	2008	NA	26981	25172	1809	6.7
CN4707500000000	47	075	Haywood County, TN	2008	NA	9490	8493	997	10.5
CN4707700000000	47	077	Henderson County, TN	2008	NA	12093	10856	1237	10.2
CN4707900000000	47	079	Henry County, TN	2008	NA	13924	12710	1214	8.7
CN4708100000000	47	081	Hickman County, TN	2008	NA	10142	9289	853	8.4
CN4708300000000	47	083	Houston County, TN	2008	NA	3864	3551	313	8.1
CN4708500000000	47	085	Humphreys County, TN	2008	NA	9023	8260	763	8.5
CN4708700000000	47	087	Jackson County, TN	2008	NA	4980	4551	429	8.6
CN4708900000000	47	089	Jefferson County, TN	2008	NA	24619	22869	1750	7.1
CN4709100000000	47	091	Johnson County, TN	2008	NA	7278	6648	630	8.7
CN4709300000000	47	093	Knox County, TN	2008	NA	230189	218720	11469	5
CN4709500000000	47	095	Lake County, TN	2008	NA	2674	2469	205	7.7
CN4709700000000	47	097	Lauderdale County, TN	2008	NA	10354	9069	1285	12.4
CN4709900000000	47	099	Lawrence County, TN	2008	NA	16624	14997	1627	9.8
CN4710100000000	47	101	Lewis County, TN	2008	NA	5462	4914	548	10
CN4710300000000	47	103	Lincoln County, TN	2008	NA	17214	16366	848	4.9
CN4710500000000	47	105	Loudon County, TN	2008	NA	23563	22230	1333	5.7
CN4710700000000	47	107	McMinn County, TN	2008	NA	24033	21934	2099	8.7
CN4710900000000	47	109	McNairy County, TN	2008	NA	11522	10477	1045	9.1
CN4711100000000	47	111	Macon County, TN	2008	NA	10638	9752	886	8.3
CN4711300000000	47	113	Madison County, TN	2008	NA	48674	45396	3278	6.7
CN4711500000000	47	115	Marion County, TN	2008	NA	13039	12040	999	7.7
CN4711700000000	47	117	Marshall County, TN	2008	NA	12591	11428	1163	9.2
CN4711900000000	47	119	Maury County, TN	2008	NA	37574	34526	3048	8.1
CN4712100000000	47	121	Meigs County, TN	2008	NA	4968	4527	441	8.9
CN4712300000000	47	123	Monroe County, TN	2008	NA	18960	17079	1881	9.9
CN4712500000000	47	125	Montgomery County, TN	2008	NA	68013	63737	4276	6.3
CN4712700000000	47	127	Moore County, TN	2008	NA	3165	2989	176	5.6
CN4712900000000	47	129	Morgan County, TN	2008	NA	8565	7914	651	7.6
CN4713100000000	47	131	Obion County, TN	2008	NA	15602	14507	1095	7
CN4713300000000	47	133	Overton County, TN	2008	NA	10114	9206	908	9
CN4713500000000	47	135	Perry County, TN	2008	NA	2980	2503	477	16
CN4713700000000	47	137	Pickett County, TN	2008	NA	1893	1690	203	10.7
CN4713900000000	47	139	Polk County, TN	2008	NA	7039	6472	567	8.1
CN4714100000000	47	141	Putnam County, TN	2008	NA	36063	33738	2325	6.4
CN4714300000000	47	143	Rhea County, TN	2008	NA	13446	12373	1073	8
CN4714500000000	47	145	Roane County, TN	2008	NA	27239	25636	1603	5.9
CN4714700000000	47	147	Robertson County, TN	2008	NA	33484	31424	2060	6.2
CN4714900000000	47	149	Rutherford County, TN	2008	NA	133528	125803	7725	5.8
CN4715100000000	47	151	Scott County, TN	2008	NA	8536	7551	985	11.5
CN4715300000000	47	153	Sequatchie County, TN	2008	NA	6269	5793	476	7.6
CN4715500000000	47	155	Sevier County, TN	2008	NA	48468	45049	3419	7.1
CN4715700000000	47	157	Shelby County, TN	2008	NA	440054	409635	30419	6.9
CN4715900000000	47	159	Smith County, TN	2008	NA	9260	8505	755	8.2
CN4716100000000	47	161	Stewart County, TN	2008	NA	5928	5422	506	8.5
CN4716300000000	47	163	Sullivan County, TN	2008	NA	74632	70674	3958	5.3
CN4716500000000	47	165	Sumner County, TN	2008	NA	79984	75213	4771	6
CN4716700000000	47	167	Tipton County, TN	2008	NA	28736	26473	2263	7.9
CN4716900000000	47	169	Trousdale County, TN	2008	NA	3721	3410	311	8.4
CN4717100000000	47	171	Unicoi County, TN	2008	NA	8432	7808	624	7.4
CN4717300000000	47	173	Union County, TN	2008	NA	8802	8250	552	6.3
CN4717500000000	47	175	Van Buren County, TN	2008	NA	2507	2298	209	8.3
CN4717700000000	47	177	Warren County, TN	2008	NA	17507	16023	1484	8.5
CN4717900000000	47	179	Washington County, TN	2008	NA	62201	58702	3499	5.6
CN4718100000000	47	181	Wayne County, TN	2008	NA	6641	5973	668	10.1
CN4718300000000	47	183	Weakley County, TN	2008	NA	15657	14375	1282	8.2
CN4718500000000	47	185	White County, TN	2008	NA	10623	9734	889	8.4
CN4718700000000	47	187	Williamson County, TN	2008	NA	89065	84967	4098	4.6
CN4718900000000	47	189	Wilson County, TN	2008	NA	58531	55177	3354	5.7
CN4800100000000	48	001	Anderson County, TX	2008	NA	20214	19087	1127	5.6
CN4800300000000	48	003	Andrews County, TX	2008	NA	6871	6642	229	3.3
CN4800500000000	48	005	Angelina County, TX	2008	NA	39083	37234	1849	4.7
CN4800700000000	48	007	Aransas County, TX	2008	NA	11389	10890	499	4.4
CN4800900000000	48	009	Archer County, TX	2008	NA	5129	4943	186	3.6
CN4801100000000	48	011	Armstrong County, TX	2008	NA	1092	1054	38	3.5
CN4801300000000	48	013	Atascosa County, TX	2008	NA	18903	18021	882	4.7
CN4801500000000	48	015	Austin County, TX	2008	NA	13014	12468	546	4.2
CN4801700000000	48	017	Bailey County, TX	2008	NA	3339	3203	136	4.1
CN4801900000000	48	019	Bandera County, TX	2008	NA	9661	9240	421	4.4
CN4802100000000	48	021	Bastrop County, TX	2008	NA	33669	32029	1640	4.9
CN4802300000000	48	023	Baylor County, TX	2008	NA	2032	1956	76	3.7
CN4802500000000	48	025	Bee County, TX	2008	NA	11234	10544	690	6.1
CN4802700000000	48	027	Bell County, TX	2008	NA	122365	116433	5932	4.8
CN4802900000000	48	029	Bexar County, TX	2008	NA	748686	713891	34795	4.6
CN4803100000000	48	031	Blanco County, TX	2008	NA	4872	4696	176	3.6
CN4803300000000	48	033	Borden County, TX	2008	NA	397	384	13	3.3
CN4803500000000	48	035	Bosque County, TX	2008	NA	8265	7892	373	4.5
CN4803700000000	48	037	Bowie County, TX	2008	NA	43472	41323	2149	4.9
CN4803900000000	48	039	Brazoria County, TX	2008	NA	142335	135102	7233	5.1
CN4804100000000	48	041	Brazos County, TX	2008	NA	91699	88162	3537	3.9
CN4804300000000	48	043	Brewster County, TX	2008	NA	5101	4914	187	3.7
CN4804500000000	48	045	Briscoe County, TX	2008	NA	703	673	30	4.3
CN4804700000000	48	047	Brooks County, TX	2008	NA	3268	3096	172	5.3
CN4804900000000	48	049	Brown County, TX	2008	NA	18430	17625	805	4.4
CN4805100000000	48	051	Burleson County, TX	2008	NA	7883	7539	344	4.4
CN4805300000000	48	053	Burnet County, TX	2008	NA	22164	21306	858	3.9
CN4805500000000	48	055	Caldwell County, TX	2008	NA	15372	14570	802	5.2
CN4805700000000	48	057	Calhoun County, TX	2008	NA	9378	8934	444	4.7
CN4805900000000	48	059	Callahan County, TX	2008	NA	7102	6847	255	3.6
CN4806100000000	48	061	Cameron County, TX	2008	NA	145893	136275	9618	6.6
CN4806300000000	48	063	Camp County, TX	2008	NA	5559	5290	269	4.8
CN4806500000000	48	065	Carson County, TX	2008	NA	3286	3177	109	3.3
CN4806700000000	48	067	Cass County, TX	2008	NA	12887	12106	781	6.1
CN4806900000000	48	069	Castro County, TX	2008	NA	3600	3472	128	3.6
CN4807100000000	48	071	Chambers County, TX	2008	NA	14270	13463	807	5.7
CN4807300000000	48	073	Cherokee County, TX	2008	NA	20325	19140	1185	5.8
CN4807500000000	48	075	Childress County, TX	2008	NA	3052	2900	152	5
CN4807700000000	48	077	Clay County, TX	2008	NA	6039	5804	235	3.9
CN4807900000000	48	079	Cochran County, TX	2008	NA	1501	1430	71	4.7
CN4808100000000	48	081	Coke County, TX	2008	NA	1282	1183	99	7.7
CN4808300000000	48	083	Coleman County, TX	2008	NA	4361	4184	177	4.1
CN4808500000000	48	085	Collin County, TX	2008	NA	405733	387584	18149	4.5
CN4808700000000	48	087	Collingsworth County, TX	2008	NA	1475	1418	57	3.9
CN4808900000000	48	089	Colorado County, TX	2008	NA	10930	10504	426	3.9
CN4809100000000	48	091	Comal County, TX	2008	NA	54681	52475	2206	4
CN4809300000000	48	093	Comanche County, TX	2008	NA	6528	6283	245	3.8
CN4809500000000	48	095	Concho County, TX	2008	NA	1327	1259	68	5.1
CN4809700000000	48	097	Cooke County, TX	2008	NA	22455	21680	775	3.5
CN4809900000000	48	099	Coryell County, TX	2008	NA	23451	22001	1450	6.2
CN4810100000000	48	101	Cottle County, TX	2008	NA	829	796	33	4
CN4810300000000	48	103	Crane County, TX	2008	NA	1703	1634	69	4.1
CN4810500000000	48	105	Crockett County, TX	2008	NA	2204	2141	63	2.9
CN4810700000000	48	107	Crosby County, TX	2008	NA	2601	2473	128	4.9
CN4810900000000	48	109	Culberson County, TX	2008	NA	1754	1703	51	2.9
CN4811100000000	48	111	Dallam County, TX	2008	NA	3558	3452	106	3
CN4811300000000	48	113	Dallas County, TX	2008	NA	1140659	1080079	60580	5.3
CN4811500000000	48	115	Dawson County, TX	2008	NA	5123	4853	270	5.3
CN4811700000000	48	117	Deaf Smith County, TX	2008	NA	8932	8597	335	3.8
CN4811900000000	48	119	Delta County, TX	2008	NA	2296	2174	122	5.3
CN4812100000000	48	121	Denton County, TX	2008	NA	344467	329325	15142	4.4
CN4812300000000	48	123	DeWitt County, TX	2008	NA	9043	8673	370	4.1
CN4812500000000	48	125	Dickens County, TX	2008	NA	994	944	50	5
CN4812700000000	48	127	Dimmit County, TX	2008	NA	3965	3706	259	6.5
CN4812900000000	48	129	Donley County, TX	2008	NA	1879	1799	80	4.3
CN4813100000000	48	131	Duval County, TX	2008	NA	5170	4895	275	5.3
CN4813300000000	48	133	Eastland County, TX	2008	NA	8444	8069	375	4.4
CN4813500000000	48	135	Ector County, TX	2008	NA	70608	68219	2389	3.4
CN4813700000000	48	137	Edwards County, TX	2008	NA	1043	1004	39	3.7
CN4813900000000	48	139	Ellis County, TX	2008	NA	70202	66716	3486	5
CN4814100000000	48	141	El Paso County, TX	2008	NA	297690	279528	18162	6.1
CN4814300000000	48	143	Erath County, TX	2008	NA	18622	17930	692	3.7
CN4814500000000	48	145	Falls County, TX	2008	NA	6555	6177	378	5.8
CN4814700000000	48	147	Fannin County, TX	2008	NA	13435	12661	774	5.8
CN4814900000000	48	149	Fayette County, TX	2008	NA	12321	11901	420	3.4
CN4815100000000	48	151	Fisher County, TX	2008	NA	1981	1906	75	3.8
CN4815300000000	48	153	Floyd County, TX	2008	NA	3212	3061	151	4.7
CN4815500000000	48	155	Foard County, TX	2008	NA	712	683	29	4.1
CN4815700000000	48	157	Fort Bend County, TX	2008	NA	265383	253772	11611	4.4
CN4815900000000	48	159	Franklin County, TX	2008	NA	5302	5080	222	4.2
CN4816100000000	48	161	Freestone County, TX	2008	NA	10192	9788	404	4
CN4816300000000	48	163	Frio County, TX	2008	NA	6861	6495	366	5.3
CN4816500000000	48	165	Gaines County, TX	2008	NA	6794	6535	259	3.8
CN4816700000000	48	167	Galveston County, TX	2008	NA	141815	133876	7939	5.6
CN4816900000000	48	169	Garza County, TX	2008	NA	2402	2311	91	3.8
CN4817100000000	48	171	Gillespie County, TX	2008	NA	13186	12785	401	3
CN4817300000000	48	173	Glasscock County, TX	2008	NA	630	606	24	3.8
CN4817500000000	48	175	Goliad County, TX	2008	NA	3466	3337	129	3.7
CN4817700000000	48	177	Gonzales County, TX	2008	NA	9741	9363	378	3.9
CN4817900000000	48	179	Gray County, TX	2008	NA	11368	10976	392	3.4
CN4818100000000	48	181	Grayson County, TX	2008	NA	55534	52693	2841	5.1
CN4818300000000	48	183	Gregg County, TX	2008	NA	63962	61447	2515	3.9
CN4818500000000	48	185	Grimes County, TX	2008	NA	10828	10277	551	5.1
CN4818700000000	48	187	Guadalupe County, TX	2008	NA	57728	55278	2450	4.2
CN4818900000000	48	189	Hale County, TX	2008	NA	16753	16009	744	4.4
CN4819100000000	48	191	Hall County, TX	2008	NA	1436	1357	79	5.5
CN4819300000000	48	193	Hamilton County, TX	2008	NA	4258	4107	151	3.5
CN4819500000000	48	195	Hansford County, TX	2008	NA	2647	2562	85	3.2
CN4819700000000	48	197	Hardeman County, TX	2008	NA	2329	2247	82	3.5
CN4819900000000	48	199	Hardin County, TX	2008	NA	26128	24757	1371	5.2
CN4820100000000	48	201	Harris County, TX	2008	NA	1933140	1842516	90624	4.7
CN4820300000000	48	203	Harrison County, TX	2008	NA	32306	30819	1487	4.6
CN4820500000000	48	205	Hartley County, TX	2008	NA	2448	2368	80	3.3
CN4820700000000	48	207	Haskell County, TX	2008	NA	3254	3150	104	3.2
CN4820900000000	48	209	Hays County, TX	2008	NA	76598	73340	3258	4.3
CN4821100000000	48	211	Hemphill County, TX	2008	NA	3142	3083	59	1.9
CN4821300000000	48	213	Henderson County, TX	2008	NA	34553	32747	1806	5.2
CN4821500000000	48	215	Hidalgo County, TX	2008	NA	282305	262201	20104	7.1
CN4821700000000	48	217	Hill County, TX	2008	NA	15945	15158	787	4.9
CN4821900000000	48	219	Hockley County, TX	2008	NA	11936	11497	439	3.7
CN4822100000000	48	221	Hood County, TX	2008	NA	25244	24195	1049	4.2
CN4822300000000	48	223	Hopkins County, TX	2008	NA	17539	16823	716	4.1
CN4822500000000	48	225	Houston County, TX	2008	NA	7968	7459	509	6.4
CN4822700000000	48	227	Howard County, TX	2008	NA	13974	13342	632	4.5
CN4822900000000	48	229	Hudspeth County, TX	2008	NA	1592	1530	62	3.9
CN4823100000000	48	231	Hunt County, TX	2008	NA	36921	34973	1948	5.3
CN4823300000000	48	233	Hutchinson County, TX	2008	NA	11220	10762	458	4.1
CN4823500000000	48	235	Irion County, TX	2008	NA	887	856	31	3.5
CN4823700000000	48	237	Jack County, TX	2008	NA	5444	5274	170	3.1
CN4823900000000	48	239	Jackson County, TX	2008	NA	6806	6532	274	4
CN4824100000000	48	241	Jasper County, TX	2008	NA	15463	14494	969	6.3
CN4824300000000	48	243	Jeff Davis County, TX	2008	NA	1191	1148	43	3.6
CN4824500000000	48	245	Jefferson County, TX	2008	NA	113774	106314	7460	6.6
CN4824700000000	48	247	Jim Hogg County, TX	2008	NA	2768	2664	104	3.8
CN4824900000000	48	249	Jim Wells County, TX	2008	NA	21466	20570	896	4.2
CN4825100000000	48	251	Johnson County, TX	2008	NA	73137	69800	3337	4.6
CN4825300000000	48	253	Jones County, TX	2008	NA	7766	7385	381	4.9
CN4825500000000	48	255	Karnes County, TX	2008	NA	5282	4975	307	5.8
CN4825700000000	48	257	Kaufman County, TX	2008	NA	46316	43891	2425	5.2
CN4825900000000	48	259	Kendall County, TX	2008	NA	16134	15526	608	3.8
CN4826100000000	48	261	Kenedy County, TX	2008	NA	238	230	8	3.4
CN4826300000000	48	263	Kent County, TX	2008	NA	441	423	18	4.1
CN4826500000000	48	265	Kerr County, TX	2008	NA	23078	22169	909	3.9
CN4826700000000	48	267	Kimble County, TX	2008	NA	2195	2114	81	3.7
CN4826900000000	48	269	King County, TX	2008	NA	178	170	8	4.5
CN4827100000000	48	271	Kinney County, TX	2008	NA	1373	1301	72	5.2
CN4827300000000	48	273	Kleberg County, TX	2008	NA	16515	15821	694	4.2
CN4827500000000	48	275	Knox County, TX	2008	NA	1806	1738	68	3.8
CN4827700000000	48	277	Lamar County, TX	2008	NA	23489	22236	1253	5.3
CN4827900000000	48	279	Lamb County, TX	2008	NA	7090	6780	310	4.4
CN4828100000000	48	281	Lampasas County, TX	2008	NA	10287	9871	416	4
CN4828300000000	48	283	La Salle County, TX	2008	NA	2907	2752	155	5.3
CN4828500000000	48	285	Lavaca County, TX	2008	NA	9906	9566	340	3.4
CN4828700000000	48	287	Lee County, TX	2008	NA	8990	8642	348	3.9
CN4828900000000	48	289	Leon County, TX	2008	NA	7795	7463	332	4.3
CN4829100000000	48	291	Liberty County, TX	2008	NA	30840	29027	1813	5.9
CN4829300000000	48	293	Limestone County, TX	2008	NA	10725	10263	462	4.3
CN4829500000000	48	295	Lipscomb County, TX	2008	NA	1806	1755	51	2.8
CN4829700000000	48	297	Live Oak County, TX	2008	NA	5107	4892	215	4.2
CN4829900000000	48	299	Llano County, TX	2008	NA	8429	8072	357	4.2
CN4830100000000	48	301	Loving County, TX	2008	NA	43	40	3	7
CN4830300000000	48	303	Lubbock County, TX	2008	NA	138386	133296	5090	3.7
CN4830500000000	48	305	Lynn County, TX	2008	NA	2768	2640	128	4.6
CN4830700000000	48	307	McCulloch County, TX	2008	NA	3979	3824	155	3.9
CN4830900000000	48	309	McLennan County, TX	2008	NA	110920	105956	4964	4.5
CN4831100000000	48	311	McMullen County, TX	2008	NA	333	315	18	5.4
CN4831300000000	48	313	Madison County, TX	2008	NA	4977	4720	257	5.2
CN4831500000000	48	315	Marion County, TX	2008	NA	5000	4750	250	5
CN4831700000000	48	317	Martin County, TX	2008	NA	2233	2155	78	3.5
CN4831900000000	48	319	Mason County, TX	2008	NA	2346	2276	70	3
CN4832100000000	48	321	Matagorda County, TX	2008	NA	17035	15899	1136	6.7
CN4832300000000	48	323	Maverick County, TX	2008	NA	20816	18619	2197	10.6
CN4832500000000	48	325	Medina County, TX	2008	NA	19712	18727	985	5
CN4832700000000	48	327	Menard County, TX	2008	NA	1089	1042	47	4.3
CN4832900000000	48	329	Midland County, TX	2008	NA	75209	73067	2142	2.8
CN4833100000000	48	331	Milam County, TX	2008	NA	11973	11329	644	5.4
CN4833300000000	48	333	Mills County, TX	2008	NA	2337	2247	90	3.9
CN4833500000000	48	335	Mitchell County, TX	2008	NA	3297	3119	178	5.4
CN4833700000000	48	337	Montague County, TX	2008	NA	10648	10272	376	3.5
CN4833900000000	48	339	Montgomery County, TX	2008	NA	212306	203395	8911	4.2
CN4834100000000	48	341	Moore County, TX	2008	NA	11237	10892	345	3.1
CN4834300000000	48	343	Morris County, TX	2008	NA	6064	5703	361	6
CN4834500000000	48	345	Motley County, TX	2008	NA	691	661	30	4.3
CN4834700000000	48	347	Nacogdoches County, TX	2008	NA	30808	29484	1324	4.3
CN4834900000000	48	349	Navarro County, TX	2008	NA	20892	19756	1136	5.4
CN4835100000000	48	351	Newton County, TX	2008	NA	5721	5304	417	7.3
CN4835300000000	48	353	Nolan County, TX	2008	NA	7707	7412	295	3.8
CN4835500000000	48	355	Nueces County, TX	2008	NA	162404	155143	7261	4.5
CN4835700000000	48	357	Ochiltree County, TX	2008	NA	5611	5458	153	2.7
CN4835900000000	48	359	Oldham County, TX	2008	NA	902	862	40	4.4
CN4836100000000	48	361	Orange County, TX	2008	NA	41201	38584	2617	6.4
CN4836300000000	48	363	Palo Pinto County, TX	2008	NA	14014	13435	579	4.1
CN4836500000000	48	365	Panola County, TX	2008	NA	12999	12499	500	3.8
CN4836700000000	48	367	Parker County, TX	2008	NA	53223	50895	2328	4.4
CN4836900000000	48	369	Parmer County, TX	2008	NA	4471	4322	149	3.3
CN4837100000000	48	371	Pecos County, TX	2008	NA	7055	6742	313	4.4
CN4837300000000	48	373	Polk County, TX	2008	NA	16766	15735	1031	6.1
CN4837500000000	48	375	Potter County, TX	2008	NA	56622	54363	2259	4
CN4837700000000	48	377	Presidio County, TX	2008	NA	3343	2997	346	10.3
CN4837900000000	48	379	Rains County, TX	2008	NA	5056	4801	255	5
CN4838100000000	48	381	Randall County, TX	2008	NA	67704	65608	2096	3.1
CN4838300000000	48	383	Reagan County, TX	2008	NA	2542	2490	52	2
CN4838500000000	48	385	Real County, TX	2008	NA	1458	1404	54	3.7
CN4838700000000	48	387	Red River County, TX	2008	NA	5924	5543	381	6.4
CN4838900000000	48	389	Reeves County, TX	2008	NA	4177	3938	239	5.7
CN4839100000000	48	391	Refugio County, TX	2008	NA	4036	3881	155	3.8
CN4839300000000	48	393	Roberts County, TX	2008	NA	568	554	14	2.5
CN4839500000000	48	395	Robertson County, TX	2008	NA	6938	6596	342	4.9
CN4839700000000	48	397	Rockwall County, TX	2008	NA	38135	36433	1702	4.5
CN4839900000000	48	399	Runnels County, TX	2008	NA	4456	4245	211	4.7
CN4840100000000	48	401	Rusk County, TX	2008	NA	24069	23046	1023	4.3
CN4840300000000	48	403	Sabine County, TX	2008	NA	3392	3090	302	8.9
CN4840500000000	48	405	San Augustine County, TX	2008	NA	3500	3285	215	6.1
CN4840700000000	48	407	San Jacinto County, TX	2008	NA	10072	9495	577	5.7
CN4840900000000	48	409	San Patricio County, TX	2008	NA	29870	28293	1577	5.3
CN4841100000000	48	411	San Saba County, TX	2008	NA	2411	2280	131	5.4
CN4841300000000	48	413	Schleicher County, TX	2008	NA	1469	1420	49	3.3
CN4841500000000	48	415	Scurry County, TX	2008	NA	7541	7241	300	4
CN4841700000000	48	417	Shackelford County, TX	2008	NA	2144	2088	56	2.6
CN4841900000000	48	419	Shelby County, TX	2008	NA	12421	11834	587	4.7
CN4842100000000	48	421	Sherman County, TX	2008	NA	1455	1401	54	3.7
CN4842300000000	48	423	Smith County, TX	2008	NA	98652	93896	4756	4.8
CN4842500000000	48	425	Somervell County, TX	2008	NA	4107	3924	183	4.5
CN4842700000000	48	427	Starr County, TX	2008	NA	22243	19728	2515	11.3
CN4842900000000	48	429	Stephens County, TX	2008	NA	4679	4510	169	3.6
CN4843100000000	48	431	Sterling County, TX	2008	NA	849	825	24	2.8
CN4843300000000	48	433	Stonewall County, TX	2008	NA	860	832	28	3.3
CN4843500000000	48	435	Sutton County, TX	2008	NA	3515	3446	69	2
CN4843700000000	48	437	Swisher County, TX	2008	NA	3556	3399	157	4.4
CN4843900000000	48	439	Tarrant County, TX	2008	NA	880826	838778	42048	4.8
CN4844100000000	48	441	Taylor County, TX	2008	NA	67133	64668	2465	3.7
CN4844300000000	48	443	Terrell County, TX	2008	NA	330	308	22	6.7
CN4844500000000	48	445	Terry County, TX	2008	NA	5860	5617	243	4.1
CN4844700000000	48	447	Throckmorton County, TX	2008	NA	942	910	32	3.4
CN4844900000000	48	449	Titus County, TX	2008	NA	14104	13504	600	4.3
CN4845100000000	48	451	Tom Green County, TX	2008	NA	51656	49548	2108	4.1
CN4845300000000	48	453	Travis County, TX	2008	NA	536895	514368	22527	4.2
CN4845500000000	48	455	Trinity County, TX	2008	NA	5793	5479	314	5.4
CN4845700000000	48	457	Tyler County, TX	2008	NA	8239	7749	490	5.9
CN4845900000000	48	459	Upshur County, TX	2008	NA	19783	18953	830	4.2
CN4846100000000	48	461	Upton County, TX	2008	NA	1775	1720	55	3.1
CN4846300000000	48	463	Uvalde County, TX	2008	NA	11154	10520	634	5.7
CN4846500000000	48	465	Val Verde County, TX	2008	NA	20417	19243	1174	5.8
CN4846700000000	48	467	Van Zandt County, TX	2008	NA	25539	24430	1109	4.3
CN4846900000000	48	469	Victoria County, TX	2008	NA	45203	43500	1703	3.8
CN4847100000000	48	471	Walker County, TX	2008	NA	26305	24943	1362	5.2
CN4847300000000	48	473	Waller County, TX	2008	NA	16157	15356	801	5
CN4847500000000	48	475	Ward County, TX	2008	NA	5071	4874	197	3.9
CN4847700000000	48	477	Washington County, TX	2008	NA	16370	15725	645	3.9
CN4847900000000	48	479	Webb County, TX	2008	NA	92361	87472	4889	5.3
CN4848100000000	48	481	Wharton County, TX	2008	NA	20875	19969	906	4.3
CN4848300000000	48	483	Wheeler County, TX	2008	NA	3391	3310	81	2.4
CN4848500000000	48	485	Wichita County, TX	2008	NA	61098	58148	2950	4.8
CN4848700000000	48	487	Wilbarger County, TX	2008	NA	7587	7320	267	3.5
CN4848900000000	48	489	Willacy County, TX	2008	NA	7705	7027	678	8.8
CN4849100000000	48	491	Williamson County, TX	2008	NA	202236	193231	9005	4.5
CN4849300000000	48	493	Wilson County, TX	2008	NA	18724	17866	858	4.6
CN4849500000000	48	495	Winkler County, TX	2008	NA	3454	3325	129	3.7
CN4849700000000	48	497	Wise County, TX	2008	NA	27517	26332	1185	4.3
CN4849900000000	48	499	Wood County, TX	2008	NA	18054	17148	906	5
CN4850100000000	48	501	Yoakum County, TX	2008	NA	4085	3961	124	3
CN4850300000000	48	503	Young County, TX	2008	NA	9811	9476	335	3.4
CN4850500000000	48	505	Zapata County, TX	2008	NA	5162	4879	283	5.5
CN4850700000000	48	507	Zavala County, TX	2008	NA	3642	3257	385	10.6
CN4900100000000	49	001	Beaver County, UT	2008	NA	3118	3010	108	3.5
CN4900300000000	49	003	Box Elder County, UT	2008	NA	23701	22746	955	4
CN4900500000000	49	005	Cache County, UT	2008	NA	61540	59844	1696	2.8
CN4900700000000	49	007	Carbon County, UT	2008	NA	10117	9683	434	4.3
CN4900900000000	49	009	Daggett County, UT	2008	NA	451	433	18	4
CN4901100000000	49	011	Davis County, UT	2008	NA	145534	140609	4925	3.4
CN4901300000000	49	013	Duchesne County, UT	2008	NA	10294	10020	274	2.7
CN4901500000000	49	015	Emery County, UT	2008	NA	5055	4862	193	3.8
CN4901700000000	49	017	Garfield County, UT	2008	NA	2817	2645	172	6.1
CN4901900000000	49	019	Grand County, UT	2008	NA	5261	4951	310	5.9
CN4902100000000	49	021	Iron County, UT	2008	NA	20845	19930	915	4.4
CN4902300000000	49	023	Juab County, UT	2008	NA	3949	3732	217	5.5
CN4902500000000	49	025	Kane County, UT	2008	NA	3482	3337	145	4.2
CN4902700000000	49	027	Millard County, UT	2008	NA	6051	5849	202	3.3
CN4902900000000	49	029	Morgan County, UT	2008	NA	4060	3925	135	3.3
CN4903100000000	49	031	Piute County, UT	2008	NA	902	876	26	2.9
CN4903300000000	49	033	Rich County, UT	2008	NA	1424	1386	38	2.7
CN4903500000000	49	035	Salt Lake County, UT	2008	NA	557692	538772	18920	3.4
CN4903700000000	49	037	San Juan County, UT	2008	NA	5007	4689	318	6.4
CN4903900000000	49	039	Sanpete County, UT	2008	NA	11113	10643	470	4.2
CN4904100000000	49	041	Sevier County, UT	2008	NA	9630	9243	387	4
CN4904300000000	49	043	Summit County, UT	2008	NA	22102	21372	730	3.3
CN4904500000000	49	045	Tooele County, UT	2008	NA	27933	26862	1071	3.8
CN4904700000000	49	047	Uintah County, UT	2008	NA	18583	18158	425	2.3
CN4904900000000	49	049	Utah County, UT	2008	NA	223222	215381	7841	3.5
CN4905100000000	49	051	Wasatch County, UT	2008	NA	10303	9922	381	3.7
CN4905300000000	49	053	Washington County, UT	2008	NA	61770	58841	2929	4.7
CN4905500000000	49	055	Wayne County, UT	2008	NA	1392	1316	76	5.5
CN4905700000000	49	057	Weber County, UT	2008	NA	113853	109052	4801	4.2
CN5000100000000	50	001	Addison County, VT	2008	NA	21667	20706	961	4.4
CN5000300000000	50	003	Bennington County, VT	2008	NA	20536	19549	987	4.8
CN5000500000000	50	005	Caledonia County, VT	2008	NA	16816	15943	873	5.2
CN5000700000000	50	007	Chittenden County, VT	2008	NA	88974	85422	3552	4
CN5000900000000	50	009	Essex County, VT	2008	NA	3260	3059	201	6.2
CN5001100000000	50	011	Franklin County, VT	2008	NA	25996	24715	1281	4.9
CN5001300000000	50	013	Grand Isle County, VT	2008	NA	4271	4012	259	6.1
CN5001500000000	50	015	Lamoille County, VT	2008	NA	15140	14315	825	5.4
CN5001700000000	50	017	Orange County, VT	2008	NA	16312	15591	721	4.4
CN5001900000000	50	019	Orleans County, VT	2008	NA	14244	13256	988	6.9
CN5002100000000	50	021	Rutland County, VT	2008	NA	35725	33764	1961	5.5
CN5002300000000	50	023	Washington County, VT	2008	NA	34349	32724	1625	4.7
CN5002500000000	50	025	Windham County, VT	2008	NA	24819	23689	1130	4.6
CN5002700000000	50	027	Windsor County, VT	2008	NA	32782	31539	1243	3.8
CN5100100000000	51	001	Accomack County, VA	2008	NA	18991	18044	947	5
CN5100300000000	51	003	Albemarle County, VA	2008	NA	52650	51083	1567	3
CN5100500000000	51	005	Alleghany County, VA	2008	NA	6882	6510	372	5.4
CN5100700000000	51	007	Amelia County, VA	2008	NA	6762	6459	303	4.5
CN5100900000000	51	009	Amherst County, VA	2008	NA	16024	15364	660	4.1
CN5101100000000	51	011	Appomattox County, VA	2008	NA	7297	6972	325	4.5
CN5101300000000	51	013	Arlington County, VA	2008	NA	136705	133349	3356	2.5
CN5101500000000	51	015	Augusta County, VA	2008	NA	37888	36518	1370	3.6
CN5101700000000	51	017	Bath County, VA	2008	NA	2798	2684	114	4.1
CN5101900000000	51	019	Bedford County, VA	2008	NA	38609	37194	1415	3.7
CN5102100000000	51	021	Bland County, VA	2008	NA	3496	3330	166	4.7
CN5102300000000	51	023	Botetourt County, VA	2008	NA	17759	17180	579	3.3
CN5102500000000	51	025	Brunswick County, VA	2008	NA	7044	6578	466	6.6
CN5102700000000	51	027	Buchanan County, VA	2008	NA	8950	8502	448	5
CN5102900000000	51	029	Buckingham County, VA	2008	NA	7268	6911	357	4.9
CN5103100000000	51	031	Campbell County, VA	2008	NA	27915	26807	1108	4
CN5103300000000	51	033	Caroline County, VA	2008	NA	14271	13588	683	4.8
CN5103500000000	51	035	Carroll County, VA	2008	NA	14058	13124	934	6.6
CN5103600000000	51	036	Charles City County, VA	2008	NA	3886	3692	194	5
CN5103700000000	51	037	Charlotte County, VA	2008	NA	5435	5114	321	5.9
CN5104100000000	51	041	Chesterfield County, VA	2008	NA	169943	163728	6215	3.7
CN5104300000000	51	043	Clarke County, VA	2008	NA	8195	7915	280	3.4
CN5104500000000	51	045	Craig County, VA	2008	NA	2552	2450	102	4
CN5104700000000	51	047	Culpeper County, VA	2008	NA	20962	19956	1006	4.8
CN5104900000000	51	049	Cumberland County, VA	2008	NA	4699	4475	224	4.8
CN5105100000000	51	051	Dickenson County, VA	2008	NA	6074	5727	347	5.7
CN5105300000000	51	053	Dinwiddie County, VA	2008	NA	13191	12593	598	4.5
CN5105700000000	51	057	Essex County, VA	2008	NA	5650	5357	293	5.2
CN5105900000000	51	059	Fairfax County, VA	2008	NA	592899	576057	16842	2.8
CN5106100000000	51	061	Fauquier County, VA	2008	NA	37829	36566	1263	3.3
CN5106300000000	51	063	Floyd County, VA	2008	NA	7162	6846	316	4.4
CN5106500000000	51	065	Fluvanna County, VA	2008	NA	14162	13695	467	3.3
CN5106700000000	51	067	Franklin County, VA	2008	NA	27094	25803	1291	4.8
CN5106900000000	51	069	Frederick County, VA	2008	NA	41455	39721	1734	4.2
CN5107100000000	51	071	Giles County, VA	2008	NA	8373	7923	450	5.4
CN5107300000000	51	073	Gloucester County, VA	2008	NA	21066	20335	731	3.5
CN5107500000000	51	075	Goochland County, VA	2008	NA	11453	11074	379	3.3
CN5107700000000	51	077	Grayson County, VA	2008	NA	7170	6707	463	6.5
CN5107900000000	51	079	Greene County, VA	2008	NA	10686	10336	350	3.3
CN5108100000000	51	081	Greensville County, VA	2008	NA	4389	4147	242	5.5
CN5108300000000	51	083	Halifax County, VA	2008	NA	15745	14667	1078	6.8
CN5108500000000	51	085	Hanover County, VA	2008	NA	55834	53918	1916	3.4
CN5108700000000	51	087	Henrico County, VA	2008	NA	166024	159993	6031	3.6
CN5108900000000	51	089	Henry County, VA	2008	NA	25396	23358	2038	8
CN5109100000000	51	091	Highland County, VA	2008	NA	1143	1085	58	5.1
CN5109300000000	51	093	Isle of Wight County, VA	2008	NA	19098	18397	701	3.7
CN5109500000000	51	095	James City County, VA	2008	NA	32414	31386	1028	3.2
CN5109700000000	51	097	King and Queen County, VA	2008	NA	3349	3196	153	4.6
CN5109900000000	51	099	King George County, VA	2008	NA	9650	9160	490	5.1
CN5110100000000	51	101	King William County, VA	2008	NA	8761	8434	327	3.7
CN5110300000000	51	103	Lancaster County, VA	2008	NA	5542	5226	316	5.7
CN5110500000000	51	105	Lee County, VA	2008	NA	9788	9268	520	5.3
CN5110700000000	51	107	Loudoun County, VA	2008	NA	173148	168299	4849	2.8
CN5110900000000	51	109	Louisa County, VA	2008	NA	16793	16088	705	4.2
CN5111100000000	51	111	Lunenburg County, VA	2008	NA	5501	5175	326	5.9
CN5111300000000	51	113	Madison County, VA	2008	NA	7404	7127	277	3.7
CN5111500000000	51	115	Mathews County, VA	2008	NA	4500	4340	160	3.6
CN5111700000000	51	117	Mecklenburg County, VA	2008	NA	13466	12585	881	6.5
CN5111900000000	51	119	Middlesex County, VA	2008	NA	5132	4936	196	3.8
CN5112100000000	51	121	Montgomery County, VA	2008	NA	45879	44009	1870	4.1
CN5112500000000	51	125	Nelson County, VA	2008	NA	8077	7788	289	3.6
CN5112700000000	51	127	New Kent County, VA	2008	NA	9927	9572	355	3.6
CN5113100000000	51	131	Northampton County, VA	2008	NA	6112	5780	332	5.4
CN5113300000000	51	133	Northumberland County, VA	2008	NA	5911	5574	337	5.7
CN5113500000000	51	135	Nottoway County, VA	2008	NA	6588	6228	360	5.5
CN5113700000000	51	137	Orange County, VA	2008	NA	15677	14960	717	4.6
CN5113900000000	51	139	Page County, VA	2008	NA	11779	10969	810	6.9
CN5114100000000	51	141	Patrick County, VA	2008	NA	9140	8549	591	6.5
CN5114300000000	51	143	Pittsylvania County, VA	2008	NA	31711	29605	2106	6.6
CN5114500000000	51	145	Powhatan County, VA	2008	NA	14573	14084	489	3.4
CN5114700000000	51	147	Prince Edward County, VA	2008	NA	9646	9115	531	5.5
CN5114900000000	51	149	Prince George County, VA	2008	NA	14985	14346	639	4.3
CN5115300000000	51	153	Prince William County, VA	2008	NA	206086	199300	6786	3.3
CN5115500000000	51	155	Pulaski County, VA	2008	NA	18145	16987	1158	6.4
CN5115700000000	51	157	Rappahannock County, VA	2008	NA	4281	4132	149	3.5
CN5115900000000	51	159	Richmond County, VA	2008	NA	3881	3686	195	5
CN5116100000000	51	161	Roanoke County, VA	2008	NA	49795	48208	1587	3.2
CN5116300000000	51	163	Rockbridge County, VA	2008	NA	11504	11030	474	4.1
CN5116500000000	51	165	Rockingham County, VA	2008	NA	42270	40857	1413	3.3
CN5116700000000	51	167	Russell County, VA	2008	NA	11877	11194	683	5.8
CN5116900000000	51	169	Scott County, VA	2008	NA	10102	9555	547	5.4
CN5117100000000	51	171	Shenandoah County, VA	2008	NA	20290	19346	944	4.7
CN5117300000000	51	173	Smyth County, VA	2008	NA	15128	14207	921	6.1
CN5117500000000	51	175	Southampton County, VA	2008	NA	8112	7722	390	4.8
CN5117700000000	51	177	Spotsylvania County, VA	2008	NA	66228	63968	2260	3.4
CN5117900000000	51	179	Stafford County, VA	2008	NA	66129	63852	2277	3.4
CN5118100000000	51	181	Surry County, VA	2008	NA	3815	3645	170	4.5
CN5118300000000	51	183	Sussex County, VA	2008	NA	4503	4241	262	5.8
CN5118500000000	51	185	Tazewell County, VA	2008	NA	20752	19839	913	4.4
CN5118700000000	51	187	Warren County, VA	2008	NA	20070	19187	883	4.4
CN5119100000000	51	191	Washington County, VA	2008	NA	27513	26160	1353	4.9
CN5119300000000	51	193	Westmoreland County, VA	2008	NA	8875	8428	447	5
CN5119500000000	51	195	Wise County, VA	2008	NA	18108	17273	835	4.6
CN5119700000000	51	197	Wythe County, VA	2008	NA	16175	15312	863	5.3
CN5119900000000	51	199	York County, VA	2008	NA	31323	30292	1031	3.3
CN5151000000000	51	510	Alexandria city, VA	2008	NA	93221	90650	2571	2.8
CN5152000000000	51	520	Bristol city, VA	2008	NA	8091	7625	466	5.8
CN5153000000000	51	530	Buena Vista city, VA	2008	NA	3450	3274	176	5.1
CN5154000000000	51	540	Charlottesville city, VA	2008	NA	21730	20884	846	3.9
CN5155000000000	51	550	Chesapeake city, VA	2008	NA	116579	112090	4489	3.9
CN5157000000000	51	570	Colonial Heights city, VA	2008	NA	9324	8911	413	4.4
CN5158000000000	51	580	Covington city, VA	2008	NA	2675	2492	183	6.8
CN5159000000000	51	590	Danville city, VA	2008	NA	20157	18301	1856	9.2
CN5159500000000	51	595	Emporia city, VA	2008	NA	2519	2333	186	7.4
CN5160000000000	51	600	Fairfax city, VA	2008	NA	14413	13951	462	3.2
CN5161000000000	51	610	Falls Church city, VA	2008	NA	6917	6639	278	4
CN5162000000000	51	620	Franklin city, VA	2008	NA	3951	3704	247	6.3
CN5163000000000	51	630	Fredericksburg city, VA	2008	NA	12965	12183	782	6
CN5164000000000	51	640	Galax city, VA	2008	NA	3130	2939	191	6.1
CN5165000000000	51	650	Hampton city, VA	2008	NA	69260	65979	3281	4.7
CN5166000000000	51	660	Harrisonburg city, VA	2008	NA	22980	22023	957	4.2
CN5167000000000	51	670	Hopewell city, VA	2008	NA	10658	10022	636	6
CN5167800000000	51	678	Lexington city, VA	2008	NA	2423	2267	156	6.4
CN5168000000000	51	680	Lynchburg city, VA	2008	NA	35129	33451	1678	4.8
CN5168300000000	51	683	Manassas city, VA	2008	NA	20076	19231	845	4.2
CN5168500000000	51	685	Manassas Park city, VA	2008	NA	6631	6383	248	3.7
CN5169000000000	51	690	Martinsville city, VA	2008	NA	5930	5222	708	11.9
CN5170000000000	51	700	Newport News city, VA	2008	NA	89322	85187	4135	4.6
CN5171000000000	51	710	Norfolk city, VA	2008	NA	100847	95534	5313	5.3
CN5172000000000	51	720	Norton city, VA	2008	NA	1620	1536	84	5.2
CN5173000000000	51	730	Petersburg city, VA	2008	NA	14288	13246	1042	7.3
CN5173500000000	51	735	Poquoson city, VA	2008	NA	6402	6207	195	3
CN5174000000000	51	740	Portsmouth city, VA	2008	NA	46504	44108	2396	5.2
CN5175000000000	51	750	Radford city, VA	2008	NA	7994	7570	424	5.3
CN5176000000000	51	760	Richmond city, VA	2008	NA	101506	95650	5856	5.8
CN5177000000000	51	770	Roanoke city, VA	2008	NA	47072	44936	2136	4.5
CN5177500000000	51	775	Salem city, VA	2008	NA	13649	13151	498	3.6
CN5179000000000	51	790	Staunton city, VA	2008	NA	11872	11364	508	4.3
CN5180000000000	51	800	Suffolk city, VA	2008	NA	40871	39201	1670	4.1
CN5181000000000	51	810	Virginia Beach city, VA	2008	NA	225849	217654	8195	3.6
CN5182000000000	51	820	Waynesboro city, VA	2008	NA	10427	9916	511	4.9
CN5183000000000	51	830	Williamsburg city, VA	2008	NA	5331	4874	457	8.6
CN5184000000000	51	840	Winchester city, VA	2008	NA	14354	13701	653	4.5
CN5300100000000	53	001	Adams County, WA	2008	NA	8117	7583	534	6.6
CN5300300000000	53	003	Asotin County, WA	2008	NA	10403	9709	694	6.7
CN5300500000000	53	005	Benton County, WA	2008	NA	88789	83988	4801	5.4
CN5300700000000	53	007	Chelan County, WA	2008	NA	40871	38445	2426	5.9
CN5300900000000	53	009	Clallam County, WA	2008	NA	30083	27811	2272	7.6
CN5301100000000	53	011	Clark County, WA	2008	NA	215138	198972	16166	7.5
CN5301300000000	53	013	Columbia County, WA	2008	NA	1565	1447	118	7.5
CN5301500000000	53	015	Cowlitz County, WA	2008	NA	44370	40522	3848	8.7
CN5301700000000	53	017	Douglas County, WA	2008	NA	21187	19988	1199	5.7
CN5301900000000	53	019	Ferry County, WA	2008	NA	2998	2716	282	9.4
CN5302100000000	53	021	Franklin County, WA	2008	NA	34124	31888	2236	6.6
CN5302300000000	53	023	Garfield County, WA	2008	NA	1021	971	50	4.9
CN5302500000000	53	025	Grant County, WA	2008	NA	40948	38144	2804	6.8
CN5302700000000	53	027	Grays Harbor County, WA	2008	NA	31893	29267	2626	8.2
CN5302900000000	53	029	Island County, WA	2008	NA	33072	31144	1928	5.8
CN5303100000000	53	031	Jefferson County, WA	2008	NA	13716	12906	810	5.9
CN5303300000000	53	033	King County, WA	2008	NA	1090567	1048196	42371	3.9
CN5303500000000	53	035	Kitsap County, WA	2008	NA	124802	118172	6630	5.3
CN5303700000000	53	037	Kittitas County, WA	2008	NA	20952	19635	1317	6.3
CN5303900000000	53	039	Klickitat County, WA	2008	NA	10173	9356	817	8
CN5304100000000	53	041	Lewis County, WA	2008	NA	31519	28767	2752	8.7
CN5304300000000	53	043	Lincoln County, WA	2008	NA	4829	4548	281	5.8
CN5304500000000	53	045	Mason County, WA	2008	NA	25523	23609	1914	7.5
CN5304700000000	53	047	Okanogan County, WA	2008	NA	21389	19915	1474	6.9
CN5304900000000	53	049	Pacific County, WA	2008	NA	9216	8469	747	8.1
CN5305100000000	53	051	Pend Oreille County, WA	2008	NA	5525	5022	503	9.1
CN5305300000000	53	053	Pierce County, WA	2008	NA	394631	370735	23896	6.1
CN5305500000000	53	055	San Juan County, WA	2008	NA	8770	8423	347	4
CN5305700000000	53	057	Skagit County, WA	2008	NA	58791	55231	3560	6.1
CN5305900000000	53	059	Skamania County, WA	2008	NA	5157	4690	467	9.1
CN5306100000000	53	061	Snohomish County, WA	2008	NA	373004	355995	17009	4.6
CN5306300000000	53	063	Spokane County, WA	2008	NA	239320	225045	14275	6
CN5306500000000	53	065	Stevens County, WA	2008	NA	18887	17290	1597	8.5
CN5306700000000	53	067	Thurston County, WA	2008	NA	131686	124618	7068	5.4
CN5306900000000	53	069	Wahkiakum County, WA	2008	NA	1773	1637	136	7.7
CN5307100000000	53	071	Walla Walla County, WA	2008	NA	30445	28862	1583	5.2
CN5307300000000	53	073	Whatcom County, WA	2008	NA	108750	102979	5771	5.3
CN5307500000000	53	075	Whitman County, WA	2008	NA	21253	20331	922	4.3
CN5307700000000	53	077	Yakima County, WA	2008	NA	123322	114285	9037	7.3
CN5400100000000	54	001	Barbour County, WV	2008	NA	6723	6394	329	4.9
CN5400300000000	54	003	Berkeley County, WV	2008	NA	46459	44256	2203	4.7
CN5400500000000	54	005	Boone County, WV	2008	NA	9422	9054	368	3.9
CN5400700000000	54	007	Braxton County, WV	2008	NA	5918	5613	305	5.2
CN5400900000000	54	009	Brooke County, WV	2008	NA	11143	10506	637	5.7
CN5401100000000	54	011	Cabell County, WV	2008	NA	45433	43680	1753	3.9
CN5401300000000	54	013	Calhoun County, WV	2008	NA	2790	2599	191	6.8
CN5401500000000	54	015	Clay County, WV	2008	NA	3506	3286	220	6.3
CN5401700000000	54	017	Doddridge County, WV	2008	NA	2816	2677	139	4.9
CN5401900000000	54	019	Fayette County, WV	2008	NA	18124	17284	840	4.6
CN5402100000000	54	021	Gilmer County, WV	2008	NA	3135	3016	119	3.8
CN5402300000000	54	023	Grant County, WV	2008	NA	5252	4975	277	5.3
CN5402500000000	54	025	Greenbrier County, WV	2008	NA	15088	14254	834	5.5
CN5402700000000	54	027	Hampshire County, WV	2008	NA	9456	9050	406	4.3
CN5402900000000	54	029	Hancock County, WV	2008	NA	14723	13863	860	5.8
CN5403100000000	54	031	Hardy County, WV	2008	NA	6873	6559	314	4.6
CN5403300000000	54	033	Harrison County, WV	2008	NA	31062	29847	1215	3.9
CN5403500000000	54	035	Jackson County, WV	2008	NA	11979	11373	606	5.1
CN5403700000000	54	037	Jefferson County, WV	2008	NA	24918	23971	947	3.8
CN5403900000000	54	039	Kanawha County, WV	2008	NA	92747	89483	3264	3.5
CN5404100000000	54	041	Lewis County, WV	2008	NA	7453	7141	312	4.2
CN5404300000000	54	043	Lincoln County, WV	2008	NA	8092	7713	379	4.7
CN5404500000000	54	045	Logan County, WV	2008	NA	13186	12638	548	4.2
CN5404700000000	54	047	McDowell County, WV	2008	NA	7193	6768	425	5.9
CN5404900000000	54	049	Marion County, WV	2008	NA	26484	25534	950	3.6
CN5405100000000	54	051	Marshall County, WV	2008	NA	14818	14061	757	5.1
CN5405300000000	54	053	Mason County, WV	2008	NA	10135	9425	710	7
CN5405500000000	54	055	Mercer County, WV	2008	NA	25128	24113	1015	4
CN5405700000000	54	057	Mineral County, WV	2008	NA	13567	12948	619	4.6
CN5405900000000	54	059	Mingo County, WV	2008	NA	9051	8667	384	4.2
CN5406100000000	54	061	Monongalia County, WV	2008	NA	48617	47266	1351	2.8
CN5406300000000	54	063	Monroe County, WV	2008	NA	5870	5607	263	4.5
CN5406500000000	54	065	Morgan County, WV	2008	NA	6979	6610	369	5.3
CN5406700000000	54	067	Nicholas County, WV	2008	NA	10668	10176	492	4.6
CN5406900000000	54	069	Ohio County, WV	2008	NA	21154	20272	882	4.2
CN5407100000000	54	071	Pendleton County, WV	2008	NA	3715	3555	160	4.3
CN5407300000000	54	073	Pleasants County, WV	2008	NA	3145	2961	184	5.9
CN5407500000000	54	075	Pocahontas County, WV	2008	NA	3606	3350	256	7.1
CN5407700000000	54	077	Preston County, WV	2008	NA	15122	14527	595	3.9
CN5407900000000	54	079	Putnam County, WV	2008	NA	27977	27059	918	3.3
CN5408100000000	54	081	Raleigh County, WV	2008	NA	32804	31500	1304	4
CN5408300000000	54	083	Randolph County, WV	2008	NA	12807	12112	695	5.4
CN5408500000000	54	085	Ritchie County, WV	2008	NA	4545	4294	251	5.5
CN5408700000000	54	087	Roane County, WV	2008	NA	5540	5183	357	6.4
CN5408900000000	54	089	Summers County, WV	2008	NA	4654	4420	234	5
CN5409100000000	54	091	Taylor County, WV	2008	NA	6969	6661	308	4.4
CN5409300000000	54	093	Tucker County, WV	2008	NA	2922	2734	188	6.4
CN5409500000000	54	095	Tyler County, WV	2008	NA	3620	3393	227	6.3
CN5409700000000	54	097	Upshur County, WV	2008	NA	10730	10275	455	4.2
CN5409900000000	54	099	Wayne County, WV	2008	NA	17608	16780	828	4.7
CN5410100000000	54	101	Webster County, WV	2008	NA	3294	3112	182	5.5
CN5410300000000	54	103	Wetzel County, WV	2008	NA	6270	5819	451	7.2
CN5410500000000	54	105	Wirt County, WV	2008	NA	2463	2314	149	6
CN5410700000000	54	107	Wood County, WV	2008	NA	41121	39179	1942	4.7
CN5410900000000	54	109	Wyoming County, WV	2008	NA	8031	7653	378	4.7
CN5500100000000	55	001	Adams County, WI	2008	NA	10053	9349	704	7
CN5500300000000	55	003	Ashland County, WI	2008	NA	8983	8443	540	6
CN5500500000000	55	005	Barron County, WI	2008	NA	25085	23646	1439	5.7
CN5500700000000	55	007	Bayfield County, WI	2008	NA	8047	7508	539	6.7
CN5500900000000	55	009	Brown County, WI	2008	NA	139296	132919	6377	4.6
CN5501100000000	55	011	Buffalo County, WI	2008	NA	8137	7790	347	4.3
CN5501300000000	55	013	Burnett County, WI	2008	NA	7902	7337	565	7.2
CN5501500000000	55	015	Calumet County, WI	2008	NA	25647	24551	1096	4.3
CN5501700000000	55	017	Chippewa County, WI	2008	NA	33343	31586	1757	5.3
CN5501900000000	55	019	Clark County, WI	2008	NA	17550	16573	977	5.6
CN5502100000000	55	021	Columbia County, WI	2008	NA	31061	29483	1578	5.1
CN5502300000000	55	023	Crawford County, WI	2008	NA	9588	9016	572	6
CN5502500000000	55	025	Dane County, WI	2008	NA	295779	285626	10153	3.4
CN5502700000000	55	027	Dodge County, WI	2008	NA	47213	44818	2395	5.1
CN5502900000000	55	029	Door County, WI	2008	NA	17161	16232	929	5.4
CN5503100000000	55	031	Douglas County, WI	2008	NA	23378	22148	1230	5.3
CN5503300000000	55	033	Dunn County, WI	2008	NA	25550	24415	1135	4.4
CN5503500000000	55	035	Eau Claire County, WI	2008	NA	56997	54637	2360	4.1
CN5503700000000	55	037	Florence County, WI	2008	NA	2458	2312	146	5.9
CN5503900000000	55	039	Fond du Lac County, WI	2008	NA	56928	54198	2730	4.8
CN5504100000000	55	041	Forest County, WI	2008	NA	4883	4542	341	7
CN5504300000000	55	043	Grant County, WI	2008	NA	28114	26756	1358	4.8
CN5504500000000	55	045	Green County, WI	2008	NA	20357	19400	957	4.7
CN5504700000000	55	047	Green Lake County, WI	2008	NA	10400	9819	581	5.6
CN5504900000000	55	049	Iowa County, WI	2008	NA	14069	13410	659	4.7
CN5505100000000	55	051	Iron County, WI	2008	NA	3024	2784	240	7.9
CN5505300000000	55	053	Jackson County, WI	2008	NA	9792	9233	559	5.7
CN5505500000000	55	055	Jefferson County, WI	2008	NA	42410	40339	2071	4.9
CN5505700000000	55	057	Juneau County, WI	2008	NA	13363	12564	799	6
CN5505900000000	55	059	Kenosha County, WI	2008	NA	85415	80752	4663	5.5
CN5506100000000	55	061	Kewaunee County, WI	2008	NA	11548	11034	514	4.5
CN5506300000000	55	063	La Crosse County, WI	2008	NA	65352	62779	2573	3.9
CN5506500000000	55	065	Lafayette County, WI	2008	NA	9098	8714	384	4.2
CN5506700000000	55	067	Langlade County, WI	2008	NA	10675	10024	651	6.1
CN5506900000000	55	069	Lincoln County, WI	2008	NA	15544	14654	890	5.7
CN5507100000000	55	071	Manitowoc County, WI	2008	NA	45202	42948	2254	5
CN5507300000000	55	073	Marathon County, WI	2008	NA	75392	71953	3439	4.6
CN5507500000000	55	075	Marinette County, WI	2008	NA	22071	20720	1351	6.1
CN5507700000000	55	077	Marquette County, WI	2008	NA	7823	7325	498	6.4
CN5507800000000	55	078	Menominee County, WI	2008	NA	1643	1468	175	10.7
CN5507900000000	55	079	Milwaukee County, WI	2008	NA	469227	442645	26582	5.7
CN5508100000000	55	081	Monroe County, WI	2008	NA	24462	23321	1141	4.7
CN5508300000000	55	083	Oconto County, WI	2008	NA	20288	19005	1283	6.3
CN5508500000000	55	085	Oneida County, WI	2008	NA	19201	18022	1179	6.1
CN5508700000000	55	087	Outagamie County, WI	2008	NA	97875	93307	4568	4.7
CN5508900000000	55	089	Ozaukee County, WI	2008	NA	47927	46077	1850	3.9
CN5509100000000	55	091	Pepin County, WI	2008	NA	4097	3902	195	4.8
CN5509300000000	55	093	Pierce County, WI	2008	NA	24033	22981	1052	4.4
CN5509500000000	55	095	Polk County, WI	2008	NA	24061	22636	1425	5.9
CN5509700000000	55	097	Portage County, WI	2008	NA	42215	40302	1913	4.5
CN5509900000000	55	099	Price County, WI	2008	NA	8353	7931	422	5.1
CN5510100000000	55	101	Racine County, WI	2008	NA	99874	94079	5795	5.8
CN5510300000000	55	103	Richland County, WI	2008	NA	10234	9750	484	4.7
CN5510500000000	55	105	Rock County, WI	2008	NA	83528	78299	5229	6.3
CN5510700000000	55	107	Rusk County, WI	2008	NA	7248	6739	509	7
CN5510900000000	55	109	St. Croix County, WI	2008	NA	47543	45411	2132	4.5
CN5511100000000	55	111	Sauk County, WI	2008	NA	35292	33557	1735	4.9
CN5511300000000	55	113	Sawyer County, WI	2008	NA	9138	8497	641	7
CN5511500000000	55	115	Shawano County, WI	2008	NA	22167	21010	1157	5.2
CN5511700000000	55	117	Sheboygan County, WI	2008	NA	65688	62733	2955	4.5
CN5511900000000	55	119	Taylor County, WI	2008	NA	10450	9762	688	6.6
CN5512100000000	55	121	Trempealeau County, WI	2008	NA	16183	15441	742	4.6
CN5512300000000	55	123	Vernon County, WI	2008	NA	14662	13943	719	4.9
CN5512500000000	55	125	Vilas County, WI	2008	NA	11250	10526	724	6.4
CN5512700000000	55	127	Walworth County, WI	2008	NA	56534	53842	2692	4.8
CN5512900000000	55	129	Washburn County, WI	2008	NA	7842	7319	523	6.7
CN5513100000000	55	131	Washington County, WI	2008	NA	74474	71229	3245	4.4
CN5513300000000	55	133	Waukesha County, WI	2008	NA	214460	205879	8581	4
CN5513500000000	55	135	Waupaca County, WI	2008	NA	28040	26539	1501	5.4
CN5513700000000	55	137	Waushara County, WI	2008	NA	12710	11961	749	5.9
CN5513900000000	55	139	Winnebago County, WI	2008	NA	94371	90227	4144	4.4
CN5514100000000	55	141	Wood County, WI	2008	NA	42050	39765	2285	5.4
CN5600100000000	56	001	Albany County, WY	2008	NA	18913	18435	478	2.5
CN5600300000000	56	003	Big Horn County, WY	2008	NA	4930	4732	198	4
CN5600500000000	56	005	Campbell County, WY	2008	NA	27357	26822	535	2
CN5600700000000	56	007	Carbon County, WY	2008	NA	8266	7998	268	3.2
CN5600900000000	56	009	Converse County, WY	2008	NA	7344	7142	202	2.8
CN5601100000000	56	011	Crook County, WY	2008	NA	3480	3379	101	2.9
CN5601300000000	56	013	Fremont County, WY	2008	NA	18397	17642	755	4.1
CN5601500000000	56	015	Goshen County, WY	2008	NA	6084	5869	215	3.5
CN5601700000000	56	017	Hot Springs County, WY	2008	NA	2413	2334	79	3.3
CN5601900000000	56	019	Johnson County, WY	2008	NA	4052	3919	133	3.3
CN5602100000000	56	021	Laramie County, WY	2008	NA	42525	40864	1661	3.9
CN5602300000000	56	023	Lincoln County, WY	2008	NA	8377	8081	296	3.5
CN5602500000000	56	025	Natrona County, WY	2008	NA	40688	39546	1142	2.8
CN5602700000000	56	027	Niobrara County, WY	2008	NA	1235	1193	42	3.4
CN5602900000000	56	029	Park County, WY	2008	NA	14437	13927	510	3.5
CN5603100000000	56	031	Platte County, WY	2008	NA	3945	3785	160	4.1
CN5603300000000	56	033	Sheridan County, WY	2008	NA	16061	15566	495	3.1
CN5603500000000	56	035	Sublette County, WY	2008	NA	7015	6901	114	1.6
CN5603700000000	56	037	Sweetwater County, WY	2008	NA	24273	23697	576	2.4
CN5603900000000	56	039	Teton County, WY	2008	NA	14459	14036	423	2.9
CN5604100000000	56	041	Uinta County, WY	2008	NA	11512	11179	333	2.9
CN5604300000000	56	043	Washakie County, WY	2008	NA	4291	4139	152	3.5
CN5604500000000	56	045	Weston County, WY	2008	NA	3225	3122	103	3.2
CN7200100000000	72	001	Adjuntas Municipio, PR	2008	NA	5175	4453	722	14
CN7200300000000	72	003	Aguada Municipio, PR	2008	NA	15932	13859	2073	13
CN7200500000000	72	005	Aguadilla Municipio, PR	2008	NA	21786	19098	2688	12.3
CN7200700000000	72	007	Aguas Buenas Municipio, PR	2008	NA	9495	8233	1262	13.3
CN7200900000000	72	009	Aibonito Municipio, PR	2008	NA	7792	6657	1135	14.6
CN7201100000000	72	011	Anasco Municipio, PR	2008	NA	10784	9441	1343	12.5
CN7201300000000	72	013	Arecibo Municipio, PR	2008	NA	32503	28565	3938	12.1
CN7201500000000	72	015	Arroyo Municipio, PR	2008	NA	5751	4783	968	16.8
CN7201700000000	72	017	Barceloneta Municipio, PR	2008	NA	7196	6085	1111	15.4
CN7201900000000	72	019	Barranquitas Municipio, PR	2008	NA	7695	6615	1080	14
CN7202100000000	72	021	Bayamon Municipio, PR	2008	NA	80678	72705	7973	9.9
CN7202300000000	72	023	Cabo Rojo Municipio, PR	2008	NA	20871	18849	2022	9.7
CN7202500000000	72	025	Caguas Municipio, PR	2008	NA	53130	46961	6169	11.6
CN7202700000000	72	027	Camuy Municipio, PR	2008	NA	12795	11378	1417	11.1
CN7202900000000	72	029	Canovanas Municipio, PR	2008	NA	14582	12391	2191	15
CN7203100000000	72	031	Carolina Municipio, PR	2008	NA	75533	68530	7003	9.3
CN7203300000000	72	033	Catano Municipio, PR	2008	NA	7635	6656	979	12.8
CN7203500000000	72	035	Cayey Municipio, PR	2008	NA	15526	13310	2216	14.3
CN7203700000000	72	037	Ceiba Municipio, PR	2008	NA	5786	4955	831	14.4
CN7203900000000	72	039	Ciales Municipio, PR	2008	NA	5241	4259	982	18.7
CN7204100000000	72	041	Cidra Municipio, PR	2008	NA	15595	13606	1989	12.8
CN7204300000000	72	043	Coamo Municipio, PR	2008	NA	11803	9921	1882	15.9
CN7204500000000	72	045	Comerio Municipio, PR	2008	NA	4747	3951	796	16.8
CN7204700000000	72	047	Corozal Municipio, PR	2008	NA	10485	9077	1408	13.4
CN7204900000000	72	049	Culebra Municipio, PR	2008	NA	852	796	56	6.6
CN7205100000000	72	051	Dorado Municipio, PR	2008	NA	12651	11371	1280	10.1
CN7205300000000	72	053	Fajardo Municipio, PR	2008	NA	14743	12701	2042	13.9
CN7205400000000	72	054	Florida Municipio, PR	2008	NA	4103	3681	422	10.3
CN7205500000000	72	055	Guanica Municipio, PR	2008	NA	6467	5513	954	14.8
CN7205700000000	72	057	Guayama Municipio, PR	2008	NA	14906	12674	2232	15
CN7205900000000	72	059	Guayanilla Municipio, PR	2008	NA	6957	5873	1084	15.6
CN7206100000000	72	061	Guaynabo Municipio, PR	2008	NA	43695	40504	3191	7.3
CN7206300000000	72	063	Gurabo Municipio, PR	2008	NA	15566	13888	1678	10.8
CN7206500000000	72	065	Hatillo Municipio, PR	2008	NA	12822	11208	1614	12.6
CN7206700000000	72	067	Hormigueros Municipio, PR	2008	NA	6766	5994	772	11.4
CN7206900000000	72	069	Humacao Municipio, PR	2008	NA	20545	17351	3194	15.5
CN7207100000000	72	071	Isabela Municipio, PR	2008	NA	15761	13808	1953	12.4
CN7207300000000	72	073	Jayuya Municipio, PR	2008	NA	4567	3910	657	14.4
CN7207500000000	72	075	Juana Diaz Municipio, PR	2008	NA	17192	15045	2147	12.5
CN7207700000000	72	077	Juncos Municipio, PR	2008	NA	13118	11324	1794	13.7
CN7207900000000	72	079	Lajas Municipio, PR	2008	NA	8983	7752	1231	13.7
CN7208100000000	72	081	Lares Municipio, PR	2008	NA	11955	10360	1595	13.3
CN7208300000000	72	083	Las Marias Municipio, PR	2008	NA	4360	3886	474	10.9
CN7208500000000	72	085	Las Piedras Municipio, PR	2008	NA	12874	11071	1803	14
CN7208700000000	72	087	Loiza Municipio, PR	2008	NA	8755	7399	1356	15.5
CN7208900000000	72	089	Luquillo Municipio, PR	2008	NA	6931	5850	1081	15.6
CN7209100000000	72	091	Manati Municipio, PR	2008	NA	14595	12514	2081	14.3
CN7209300000000	72	093	Maricao Municipio, PR	2008	NA	1934	1672	262	13.5
CN7209500000000	72	095	Maunabo Municipio, PR	2008	NA	3567	2880	687	19.3
CN7209700000000	72	097	Mayaguez Municipio, PR	2008	NA	30077	26132	3945	13.1
CN7209900000000	72	099	Moca Municipio, PR	2008	NA	15269	13440	1829	12
CN7210100000000	72	101	Morovis Municipio, PR	2008	NA	9216	7754	1462	15.9
CN7210300000000	72	103	Naguabo Municipio, PR	2008	NA	7473	6187	1286	17.2
CN7210500000000	72	105	Naranjito Municipio, PR	2008	NA	8453	7347	1106	13.1
CN7210700000000	72	107	Orocovis Municipio, PR	2008	NA	5403	4493	910	16.8
CN7210900000000	72	109	Patillas Municipio, PR	2008	NA	6108	5068	1040	17
CN7211100000000	72	111	Penuelas Municipio, PR	2008	NA	9144	7778	1366	14.9
CN7211300000000	72	113	Ponce Municipio, PR	2008	NA	63324	55888	7436	11.7
CN7211500000000	72	115	Quebradillas Municipio, PR	2008	NA	8579	7505	1074	12.5
CN7211700000000	72	117	Rincon Municipio, PR	2008	NA	5650	4922	728	12.9
CN7211900000000	72	119	Rio Grande Municipio, PR	2008	NA	17888	15558	2330	13
CN7212100000000	72	121	Sabana Grande Municipio, PR	2008	NA	9509	8134	1375	14.5
CN7212300000000	72	123	Salinas Municipio, PR	2008	NA	8935	7429	1506	16.9
CN7212500000000	72	125	San German Municipio, PR	2008	NA	12979	11222	1757	13.5
CN7212700000000	72	127	San Juan Municipio, PR	2008	NA	164801	150529	14272	8.7
CN7212900000000	72	129	San Lorenzo Municipio, PR	2008	NA	14281	12454	1827	12.8
CN7213100000000	72	131	San Sebastian Municipio, PR	2008	NA	15597	13539	2058	13.2
CN7213300000000	72	133	Santa Isabel Municipio, PR	2008	NA	8860	7712	1148	13
CN7213500000000	72	135	Toa Alta Municipio, PR	2008	NA	29998	27287	2711	9
CN7213700000000	72	137	Toa Baja Municipio, PR	2008	NA	34808	31376	3432	9.9
CN7213900000000	72	139	Trujillo Alto Municipio, PR	2008	NA	34728	31976	2752	7.9
CN7214100000000	72	141	Utuado Municipio, PR	2008	NA	8951	7679	1272	14.2
CN7214300000000	72	143	Vega Alta Municipio, PR	2008	NA	12350	10769	1581	12.8
CN7214500000000	72	145	Vega Baja Municipio, PR	2008	NA	20372	17693	2679	13.2
CN7214700000000	72	147	Vieques Municipio, PR	2008	NA	3214	2811	403	12.5
CN7214900000000	72	149	Villalba Municipio, PR	2008	NA	9324	8036	1288	13.8
CN7215100000000	72	151	Yabucoa Municipio, PR	2008	NA	10904	8931	1973	18.1
CN7215300000000	72	153	Yauco Municipio, PR	2008	NA	16555	14394	2161	13.1
NA	NA	NA	NA	NA	NA	NA	NA	NA	NA
SOURCE:  BLS, LAUS	NA	NA	NA	NA	NA	NA	NA	NA	NA
March 18, 2016	NA	NA	NA	NA	NA	NA	NA	NA	NA
